Id,Prediction
0,4149737.3811
1,3511364.3815
2,3808066.9409
3,3299599.39643968
4,3826637.8145
5,4886709.04192381
6,4321820.42072857
7,3943662.9052
8,4551144.9594
9,4248325.75973334
10,4555513.62766667
11,5425961.987
12,4712191.46573334
13,3844798.4727
14,3655591.99773333
15,4092164.02163333
16,4528015.90243333
17,3972530.91343334
18,4759567.20266667
19,3798033.55693334
20,3270782.15393333
21,4559935.12266667
22,4664888.29806667
23,4395101.76753333
24,3990077.3019
25,3963343.2794
26,3494948.97276667
27,4871403.8891
28,4322651.65106667
29,4462633.5914
30,5126803.92111905
31,3552454.37904445
32,4063309.50482619
33,4141384.50906667
34,3788442.73313334
35,4164332.7567
36,4083390.43706667
37,4891260.09153333
38,3343026.11421111
39,4518088.34642857
40,4819323.3853
41,4545127.54683333
42,5615064.57253334
43,4451647.83526666
44,5111002.97326667
45,4340383.54318333
46,3680458.13592857
47,2935105.38994762
48,4566224.4538
49,4672829.22666667
50,4218496.04276667
51,3991087.112
52,4072536.49143334
53,3204189.9804
54,3692618.62283333
55,4116653.1573
56,5067499.57573333
57,4378208.94089524
58,4314518.05676825
59,4925172.4569
60,3403924.47718095
61,4324752.17597301
62,4139528.92123333
63,4034068.29052857
64,4549302.155
65,4609294.0679
66,4646090.9693
67,4651837.17993333
68,4647044.95878095
69,4249516.83805714
70,4103970.0848
71,3216008.51973333
72,4422551.88416667
73,3837397.85700952
74,5139197.3177
75,4932583.64226667
76,3599858.76476667
77,4601423.53283334
78,4616884.4325
79,4301277.73296667
80,5196247.97716667
81,4290707.4191
82,4327672.26136667
83,4700638.71686667
84,4539184.88776666
85,2789627.33290953
86,4049247.37036667
87,4113860.85291111
88,4245556.5337
89,3859598.53506191
90,5163257.39646666
91,4232959.28716667
92,3258975.92036667
93,4322521.40396667
94,5279011.10686667
95,3919407.36978572
96,4492806.5384
97,4497618.52632857
98,4234281.4936
99,4315908.07996667
100,3606269.11164445
101,3033516.49290952
102,3978092.58082857
103,4622249.1405
104,4601547.75364286
105,3474662.64869048
106,4434916.09723334
107,4052534.59003333
108,5002419.83035238
109,4973765.95333334
110,4783748.73876666
111,4647578.453
112,4111886.86593334
113,5368778.68851429
114,3842629.87397778
115,4536486.98233334
116,3404982.04209524
117,4381591.30963333
118,4105694.17366667
119,5104984.8462
120,4647957.78623334
121,4553045.05066667
122,4389750.2405
123,4580253.1013
124,3275744.623
125,4377217.56646667
126,5268894.6109
127,3672728.75280476
128,5046369.73556667
129,4548326.75593333
130,2917549.17253333
131,4614133.54846667
132,4979921.73285238
133,3716930.58794762
134,4532393.17163333
135,4162504.30356667
136,4181115.29936667
137,3924770.50256667
138,4315869.4267
139,4377332.13092857
140,4736592.0717
141,3349038.41383333
142,4451880.2386
143,4251048.40213333
144,4434453.63062381
145,4387337.04206667
146,4027652.50713333
147,3461159.70340952
148,4104983.8148
149,4752273.53093334
150,4767316.80193333
151,3618017.96281111
152,4627158.41766666
153,5316142.3005
154,3088187.21188254
155,5327295.3482
156,4807432.9807
157,4011005.46556667
158,4265852.04384444
159,3961544.63544762
160,3312990.74021111
161,4709940.8057
162,4459119.73997619
163,4122780.48846667
164,5989722.76678571
165,4453389.93643333
166,4344633.58153333
167,4676014.31253334
168,3946687.92106667
169,4387898.6631
170,4058901.51006191
171,3545425.6372
172,3862533.00086667
173,4647086.1019
174,4341448.54745238
175,3549482.31707619
176,4774665.09086666
177,4302759.34514285
178,4054554.98341111
179,3940481.06767778
180,4723396.42897778
181,4551863.04006667
182,4623759.60646667
183,4201135.57246667
184,4897696.56336667
185,3265003.42458095
186,4465628.01285714
187,4928777.47083333
188,5417312.39481905
189,4608242.20076666
190,4698242.86403333
191,5241043.37476666
192,4699903.43373333
193,3612316.60776667
194,3933877.03102064
195,4023228.34933968
196,4475456.91853333
197,2936263.43656667
198,4203546.71997619
199,4378572.3046
200,4117618.6574
201,3769726.49356191
202,4256312.39010476
203,5080912.67529047
204,5450823.53886191
205,4368420.75076667
206,4557474.9521
207,4059081.06023333
208,4229355.82403333
209,3761751.28042857
210,4469689.29863333
211,4343839.3216
212,4069426.2007
213,3821385.84706667
214,4985259.0318
215,2440346.55334286
216,4463640.71590952
217,4570219.36976667
218,4040035.4107
219,3589072.99240476
220,5378398.94673333
221,4207846.4013
222,4462232.6661
223,4026300.31088572
224,4113907.30466667
225,4665326.91266667
226,4085201.1321
227,4933590.51768571
228,3234318.85844445
229,4488023.49446667
230,3819592.25326667
231,4821119.3378
232,4575356.47786667
233,4173683.03924444
234,4526570.72286666
235,4960078.01683333
236,3968780.9225
237,3560071.22276667
238,4777066.95176666
239,4525419.5666
240,4287861.81563333
241,4591961.08703334
242,3680697.34566667
243,4551420.5332
244,4936876.13733333
245,5048157.13618571
246,4235359.3321
247,4839951.63716666
248,4454251.34764445
249,4770599.02026667
250,4263608.69090476
251,4669620.64786666
252,5748444.71616667
253,4420541.89427619
254,3965196.43943333
255,4808938.2627
256,3691985.53271111
257,4572980.91823333
258,3967919.28026191
259,4426268.71713333
260,4031876.9275
261,3976574.54026667
262,4731580.13345
263,3932542.81254445
264,2559550.28424286
265,4046455.88376667
266,4456614.38033333
267,4985802.69336666
268,4688171.41706667
269,3651455.52054921
270,3971710.1717
271,3869607.52994762
272,4361406.12372381
273,4823498.4278
274,3788293.82989524
275,4846412.45346667
276,4857000.06073333
277,4303604.8326
278,4596541.17939524
279,3941579.67596667
280,4047581.03966667
281,4997279.85958571
282,4130653.60466667
283,4317204.56584444
284,4773735.20549048
285,3185496.59884445
286,4695206.43302857
287,4296603.81636667
288,4779606.2206
289,3951004.3087381
290,3948630.86911429
291,4472330.67556667
292,3539893.29515714
293,4392682.00986667
294,3803542.32563016
295,4582793.12436667
296,4740026.12473333
297,4935629.8766
298,3982055.67052063
299,4324701.24563333
300,4484803.44166667
301,5045213.80536667
302,4476569.51693333
303,5089363.79023333
304,4448712.41589524
305,4464031.33553333
306,3944177.90541111
307,4870748.17226667
308,2701286.54062381
309,4402218.29366667
310,4825127.08433333
311,3729704.71014286
312,4255445.77333333
313,4366924.60613333
314,3782889.41162857
315,4086994.14553333
316,3351796.28253333
317,4415416.9548
318,5646345.99986667
319,3824089.06480952
320,4609304.42706667
321,4195318.45146667
322,4327968.0558
323,4612618.2786
324,4630389.12106191
325,4611260.82156667
326,4367980.20226667
327,4296438.9093
328,4336489.42073334
329,4965658.51576666
330,3751421.76346666
331,4650221.5608
332,4519053.80549524
333,4318637.41883333
334,4729302.37777301
335,4429527.08296666
336,3443973.55530953
337,4457108.72983333
338,4970011.34076667
339,3736964.45716667
340,4860968.91856667
341,4182956.3612
342,4454925.7253
343,4230330.95183333
344,3665720.7174
345,4033104.33877778
346,4283873.69675
347,5309177.7334
348,3629139.62607619
349,5036402.9253
350,4430169.64304285
351,4451335.31361905
352,4529522.37658571
353,3744224.80994286
354,3826630.61593333
355,4427159.62536667
356,4686523.90402857
357,4240506.3679
358,4610955.26139048
359,5195739.72703333
360,4548326.75593333
361,3834520.20996667
362,3774910.44074445
363,4759748.91456667
364,4913312.2298
365,4263603.8742
366,2894852.05184286
367,3535654.0716
368,4095827.85581111
369,4729555.9675
370,4078732.36259524
371,4532897.24443333
372,4591190.9259
373,4746473.2793
374,4831795.3006
375,4304743.013
376,3365970.45937619
377,3594697.45096667
378,4489869.01703333
379,4593457.15914285
380,5210932.45403333
381,3975893.09746667
382,3718597.5845
383,5189954.4265
384,4269430.94
385,4756738.0044
386,3925035.12856667
387,4894006.7033
388,4627035.07623333
389,4677263.10343334
390,4759339.8739
391,3727414.966
392,3589435.45113334
393,4028478.54829048
394,5119134.05686667
395,3901682.04836667
396,4572864.65216666
397,4584565.16379048
398,5430274.00196667
399,4678016.1809
400,4263600.6480873
401,3334975.22762381
402,3841097.97447778
403,4105353.58056666
404,3895426.27716191
405,4374339.51901111
406,4703474.74426667
407,4426558.6394
408,2895747.76884286
409,3891363.80663333
410,4262320.31936667
411,4428499.58090952
412,5062493.5472
413,4293139.03496666
414,4439118.89483333
415,5292504.53776667
416,4356778.44236667
417,2808273.68363333
418,4765441.94076191
419,3945890.89316667
420,4339431.89235714
421,4515566.77554286
422,4282792.6246
423,2938256.74689048
424,4528155.25662857
425,4893434.07386667
426,4236429.9155873
427,4590413.14073333
428,4100823.4002
429,4312329.2793
430,3896375.19726667
431,4025863.23033333
432,2893777.53007143
433,4841209.64366667
434,4528402.40423333
435,4568189.47527619
436,3792771.26606667
437,3414292.90785397
438,3775186.98464286
439,5271034.1225
440,4452072.46240952
441,5341999.04543334
442,3435851.9670873
443,4338179.1091
444,4622651.29362381
445,4506609.85053333
446,5189441.99966667
447,4312349.66693333
448,5030044.0852
449,4902291.81883333
450,4908943.35063333
451,4311556.89690952
452,3774748.80833334
453,4612616.83192857
454,4442288.43396667
455,4135178.58873333
456,3483207.35139048
457,4113779.2426
458,4291711.13376667
459,3143041.22824286
460,4348092.69493334
461,4690698.85675
462,4393138.7468
463,3347555.35045397
464,4797770.43683333
465,4275405.2149
466,4072713.5162
467,3995684.4519
468,4390241.5006
469,4775756.72353333
470,4759491.68843333
471,4607452.3397
472,3848241.29300952
473,4385349.23169683
474,4738688.36743333
475,4058048.33871111
476,3655692.07477619
477,4948783.36053334
478,4475983.73963333
479,4221026.6314
480,4233433.31543334
481,5068789.5696
482,3712843.14959524
483,4630788.19561111
484,4477316.15276667
485,4685494.185
486,4882861.47646667
487,3757399.85907619
488,4280713.2874
489,4091224.64876667
490,4702410.71543333
491,3499735.47043334
492,4606108.69030952
493,4875553.3207
494,5243967.4393
495,4232893.8297
496,4794326.10413333
497,4416051.19714286
498,4215998.8273
499,5007554.83232857
500,4745892.33096667
501,3279805.81030476
502,4307233.1346
503,4407357.80343334
504,4478491.41973333
505,3853422.55104444
506,4233812.95276667
507,4355955.189
508,3517036.21976667
509,4878813.32793333
510,5268751.71403333
511,4881034.24716667
512,2759931.26464286
513,4699511.78296666
514,3757073.91160953
515,2856672.69736191
516,3505508.24007619
517,4233834.72256667
518,3865406.84086667
519,4151509.4358
520,4761722.44803333
521,5213368.59856666
522,4763366.66566667
523,4793654.61222857
524,4152288.83073333
525,4295245.37986667
526,3458195.56784286
527,4128305.32676667
528,5182685.76599999
529,4698200.18782857
530,4190249.6339
531,4582502.1775
532,4831875.52863333
533,4188436.00026667
534,5631588.61086667
535,4978020.4887
536,4195526.20283333
537,3986346.47621111
538,4081257.68936667
539,5079037.4701
540,4236857.37996666
541,3983392.8131
542,3705958.53774286
543,4031148.05703333
544,4439504.03468333
545,4415218.9945
546,3208968.63706191
547,4580349.16383016
548,4199563.12136667
549,4257319.96921588
550,3769764.50210476
551,4203342.9766
552,4784448.2128
553,4676713.53467777
554,4298893.91676667
555,4086954.56393333
556,3425564.73750952
557,4792689.28921904
558,4216534.0202873
559,4211229.78226667
560,4698863.1376
561,5434434.39251905
562,2927154.85253334
563,4572570.97468095
564,3944434.9545
565,4557503.86206666
566,3501618.87125714
567,5677097.88273333
568,4107204.96406667
569,3813241.39517778
570,4428813.76966667
571,4692767.21446667
572,3853817.05212381
573,4380457.26563333
574,4674341.48836666
575,3359851.10082063
576,5279768.41033333
577,4664849.86973333
578,3838705.17133333
579,4339472.23136667
580,4315001.42426667
581,5008747.99126667
582,5254892.08659524
583,5220300.4484
584,4159962.9984
585,4463809.54292381
586,3888410.83706667
587,3871281.51377778
588,4871656.37816667
589,4360188.49053333
590,4463337.57596667
591,4050409.4588
592,4498449.19833333
593,3594440.34976667
594,3668524.60084445
595,4284798.9952
596,3689336.48069524
597,3670003.0054
598,4887460.62213333
599,4863695.3811
600,3734464.19033333
601,5149708.48743333
602,4688238.1373
603,3563310.21844286
604,3988650.71083334
605,3663899.15292857
606,3574025.34733333
607,4754745.86915714
608,3596178.49193333
609,4413513.34466667
610,4890358.45636666
611,2985757.6805
612,4643825.51981111
613,4812016.72796667
614,4441867.14309048
615,3579558.86993333
616,4437005.3274619
617,5383502.8002
618,5691637.33076667
619,4390832.78756667
620,3970895.99990635
621,4671115.14853333
622,4861663.12936191
623,4851031.36463333
624,3149456.68086667
625,4246016.05815238
626,4138426.29445
627,4701551.60319524
628,3710363.76013333
629,4589464.18356667
630,4388988.76243333
631,5459217.51623333
632,4360156.64466667
633,4545763.5288
634,3044430.37524762
635,4291959.29969524
636,4610255.1392
637,3966525.32043333
638,4090131.8567
639,4729669.91316667
640,4851103.85726667
641,5397447.17206667
642,3617941.96112381
643,4533119.56166667
644,4897736.15670476
645,3305675.14243333
646,4884737.45306666
647,4261044.4082
648,4034752.24483333
649,3938622.70493333
650,3496105.68268095
651,4283485.66093333
652,4177958.87506667
653,4458765.60496666
654,3789782.52056667
655,5133813.78933333
656,3761386.9206
657,5080538.38476667
658,4443295.48801429
659,4146410.81129048
660,4340935.5559
661,4605718.56236667
662,4915536.81323333
663,4511962.37886667
664,4036204.5545381
665,4285830.51623333
666,5016127.8417
667,3934545.17877619
668,4451154.42773333
669,4506724.86063333
670,4614085.9415
671,5318647.99133333
672,3775271.88176667
673,4822986.13997857
674,4394945.30983334
675,4443523.19566667
676,4832822.68256667
677,3498838.72761588
678,4585481.57956667
679,4353305.68924286
680,3427472.87437619
681,4681853.48406667
682,3892738.15596667
683,4443166.72976667
684,4954970.89143333
685,4754907.75416667
686,3619686.25210953
687,3182001.92634286
688,4877087.4078
689,3884178.04717619
690,3948322.7161
691,3941056.89353333
692,3872511.05726667
693,4091366.63800952
694,3871264.63716191
695,3641201.17003334
696,4244714.76773334
697,4666456.84266667
698,3880387.65838572
699,3324460.58263333
700,4618189.01836666
701,4013819.05774286
702,4563240.38053333
703,4540922.50282857
704,4112262.52696667
705,4711375.42526667
706,4906396.58035238
707,4846468.4408
708,4614901.70106666
709,3759117.58261111
710,4601495.6108
711,4643248.76753333
712,4487351.9472
713,3714404.65316667
714,4572225.80713333
715,3997150.38331429
716,3770404.63673333
717,4771725.99083333
718,5024692.13343333
719,4733758.56156666
720,4078093.15723333
721,4810955.52526667
722,4586558.41823334
723,3395518.02472857
724,5163112.09563333
725,4930428.01265238
726,3503578.97916667
727,3695798.73647778
728,3861131.83713333
729,4801788.25766667
730,3755080.72195714
731,4356434.9395
732,4385985.81443333
733,5163641.47146667
734,4627894.47843333
735,3923907.90704762
736,4091557.21283333
737,5123084.14606667
738,3819819.99011111
739,3574313.8653
740,5368182.39523333
741,4233735.3312
742,4282890.11476666
743,4724056.6474873
744,4047159.6195
745,4333379.63395238
746,3455690.37763334
747,4158947.13431905
748,4642718.59325238
749,4331569.3194
750,4750977.87246667
751,3421882.54722381
752,3815455.1547
753,2714950.00171429
754,3926182.79569048
755,3915015.03411111
756,3794663.58245238
757,4808759.8986
758,3275908.06296667
759,5000431.43133333
760,4846293.4652
761,3884195.5172
762,3696579.1526
763,3705847.87191429
764,4854196.9716
765,4343168.16753333
766,4673521.12508572
767,3627337.39514286
768,4496220.80225
769,4876906.1336
770,4314974.01467302
771,4113507.32083334
772,4506240.42647778
773,4184631.65646667
774,4253450.91729524
775,4166794.88493333
776,3784593.9849
777,5353033.94241111
778,4498526.13953333
779,4076623.20953334
780,3648348.1612
781,4916995.80105238
782,5184046.67903333
783,4052512.8262
784,4481493.20853333
785,3885609.53527619
786,4071353.5655
787,4344742.6391
788,4533580.4785
789,5147200.21486667
790,3422942.69622064
791,4341773.60383333
792,3114487.35537143
793,3786945.48607778
794,3481341.7567
795,4956445.1619
796,3356588.77094444
797,3739854.56169048
798,4636367.68796667
799,5046358.53233333
800,4545177.76216667
801,4505831.38386667
802,4595298.4425
803,4356450.95886667
804,3639307.69396667
805,3897894.543
806,4157754.8546
807,4655104.33076666
808,4067194.47733016
809,3101773.78539524
810,4154287.5826
811,3848553.80875714
812,5375000.46136667
813,4564999.52946666
814,3429974.151
815,4364999.08678571
816,3843886.62266667
817,3613873.62023334
818,3950373.76438254
819,3292339.04754445
820,4101637.53812857
821,4335877.66034286
822,4695831.43622857
823,4402673.33556667
824,4463967.66236666
825,4546381.8457
826,4980837.16896666
827,3156131.07243333
828,5000499.59726667
829,3967723.07677778
830,4591156.16759047
831,4783782.46716667
832,4656236.56266667
833,4215570.67253333
834,5600235.96115
835,3582452.56606667
836,2791056.65666667
837,4532441.77062857
838,4018197.53997778
839,2719139.37473333
840,3938869.06896191
841,3434718.6109
842,4978530.70743333
843,4405864.80316667
844,5050605.5975
845,4523613.18063334
846,5160995.41263333
847,4068332.4893
848,3227232.95087619
849,4150018.32416667
850,3907355.8646619
851,4447653.01876667
852,5277950.80363334
853,3947087.57183333
854,4315141.12406667
855,3994636.53143334
856,4334004.1436
857,4495749.95863333
858,3728671.4804
859,4832168.8197
860,4094321.20091905
861,4806148.2166
862,4344779.07134445
863,4442290.35996667
864,4876077.19676667
865,4411299.9518
866,3638529.48454445
867,3280926.28011111
868,4692838.89341905
869,4399696.11419524
870,3314041.15725714
871,4772948.94083333
872,3628397.60076667
873,4653529.73053809
874,4465685.2623
875,3772354.63806667
876,4073916.22266667
877,5049631.06116667
878,3293529.59773333
879,4700139.90443334
880,3729963.66488731
881,3424541.74787143
882,4029526.23929524
883,3718148.75247619
884,4414987.91627143
885,4282436.98783333
886,4711023.44673333
887,5170364.74613333
888,3813361.58180476
889,4539321.4392
890,4012144.64756667
891,4730951.94659048
892,5618894.13516667
893,3959926.70580952
894,5124368.45746667
895,4068749.01153333
896,5323220.52656667
897,4324241.83956667
898,4261256.5939
899,5074525.20453333
900,4533928.71861111
901,5846721.63713333
902,4465687.7073
903,4504475.95006667
904,3780703.36390952
905,4141414.12501111
906,3620230.98683333
907,4610498.0226
908,5117646.99169524
909,3999982.72076667
910,4378008.99973333
911,4427065.0602
912,3708033.50779524
913,4029737.23303333
914,4641774.81871111
915,4863654.81356666
916,2545465.53967619
917,4362121.3214
918,4138361.0052
919,4073089.08514444
920,4464404.69843968
921,3475599.05577619
922,4983022.82943334
923,4198819.36193333
924,4649966.27513333
925,5168169.06726667
926,5608133.12423333
927,4472221.1397
928,4680327.4277
929,3678746.38730953
930,4471955.82763333
931,3729582.09970476
932,4729024.6849
933,4964113.00255238
934,4145289.19550477
935,4143796.97741667
936,3914853.61486191
937,4111640.552
938,4079101.14583334
939,4787259.2362
940,4933037.71083333
941,4522693.97646667
942,4374533.74776667
943,4417384.08736667
944,4348415.09523333
945,2716253.76530159
946,4966436.07143333
947,4996787.94169524
948,4349807.34613333
949,3870036.90134444
950,5374911.3301
951,3559630.64543333
952,4047569.48286667
953,3925973.82366825
954,5814671.68203333
955,4561320.48716667
956,4095756.59926667
957,4585602.69496667
958,4587064.38866667
959,4160812.6418
960,4874833.61309524
961,5081196.8057
962,5091118.27116667
963,4119432.06923333
964,5169592.33098572
965,3225330.77503968
966,5024640.04273333
967,5193475.41936667
968,4219834.747
969,3868748.94469683
970,3177887.02513333
971,3701668.89615715
972,3333647.54658095
973,4302910.8427
974,4139601.34320001
975,3710592.51133333
976,3136365.5279
977,4745364.35533333
978,4336992.17403333
979,4913290.25796666
980,5240466.81516667
981,2779476.17893333
982,3997932.30643334
983,4836239.84221111
984,4368517.5724
985,3945805.0128
986,3724334.5503381
987,5136206.31786666
988,5233588.66313333
989,3870696.35434286
990,4315810.6086
991,3200285.52655873
992,4049936.97503333
993,5271690.72573333
994,4352267.67628333
995,3243812.61526667
996,5379433.38606667
997,5200986.57776667
998,4114837.05303333
999,4448521.39106667
1000,4670678.9774
1001,3752069.82573968
1002,3624183.98054286
1003,4607267.10793333
1004,4477434.46422857
1005,5063266.8984619
1006,4815043.17236666
1007,4566075.28936667
1008,3186042.54360635
1009,4110754.46376667
1010,4069665.28647302
1011,4219213.91376667
1012,4086893.08503333
1013,4680668.13343334
1014,4170467.6508619
1015,4700130.33963333
1016,4976765.25919999
1017,4281571.34896667
1018,3808226.5399
1019,4004097.41353334
1020,4695524.4702
1021,4638433.11069524
1022,4389315.64396667
1023,4013986.49676667
1024,3961985.15531587
1025,3790007.88443333
1026,4714482.30813333
1027,4069617.03333334
1028,5230832.94233333
1029,3445387.27833333
1030,4831482.49819999
1031,3660866.37826667
1032,3262485.94244445
1033,3978265.76933333
1034,4236402.9558
1035,3705806.76857778
1036,4509914.49956667
1037,3387176.36886667
1038,4714322.2753619
1039,4652266.16736667
1040,4947103.97463334
1041,3946920.6738
1042,3660919.74423333
1043,4122812.62664286
1044,5159826.0289
1045,5093365.41296667
1046,3990016.38396667
1047,4593920.62933333
1048,3904142.38527778
1049,4115333.96689048
1050,4685723.86059524
1051,3804046.15616667
1052,4000049.37271429
1053,3713899.03225715
1054,5043140.24413333
1055,2950063.71858572
1056,4957073.63093333
1057,4290794.53906191
1058,3518916.80387143
1059,4697934.40261905
1060,5160970.42626191
1061,4289672.75826667
1062,4757084.26226667
1063,4871033.97817777
1064,4636568.4496
1065,4668110.63541905
1066,4317533.2634
1067,4637102.14293334
1068,4081240.56964921
1069,4336406.38986667
1070,4093770.76446667
1071,4070328.06786667
1072,4799525.20033333
1073,4749858.70473333
1074,5716802.16906667
1075,4050423.78816191
1076,3598220.84979524
1077,3585264.99131111
1078,3784776.06059206
1079,4253543.92906667
1080,4192106.37503809
1081,3719522.98321429
1082,4058052.16563333
1083,4542709.7208
1084,3677061.84016667
1085,2544450.73320476
1086,4222338.15744286
1087,4430796.36876667
1088,4402750.82063333
1089,3937514.8766873
1090,5319959.72006667
1091,4479782.68016667
1092,4175158.3723
1093,4393275.2049
1094,4247739.17810952
1095,4690513.54041428
1096,3354021.10455238
1097,4029933.09322857
1098,4200013.00493333
1099,4422865.26883333
1100,4040099.763
1101,3824565.17393333
1102,3744876.45434762
1103,4375502.58786667
1104,5013743.92333333
1105,3738688.68967143
1106,3863964.15466667
1107,4918653.85443333
1108,4531028.41373333
1109,4495968.87023333
1110,4710494.8474
1111,4452750.81813333
1112,4093621.48943333
1113,3810853.80328095
1114,4353344.54384762
1115,4501170.9557
1116,3752181.97153334
1117,5301010.92726667
1118,4692839.58416667
1119,3767562.13608095
1120,3846120.54716667
1121,2497543.71047619
1122,4161054.93276667
1123,3582475.96286667
1124,3833637.09906667
1125,4790050.76453333
1126,4489349.07126667
1127,3815916.22316667
1128,4588986.73143333
1129,4086521.73453333
1130,4054234.78525397
1131,4830310.96853333
1132,3879812.86148095
1133,3709795.83896667
1134,4637631.81876666
1135,3600289.21907778
1136,5368652.84956667
1137,3761884.0616
1138,4231580.40281111
1139,4636327.9318
1140,4413136.7464
1141,4265011.40086667
1142,4856034.5443
1143,4173612.03867778
1144,4628763.06653333
1145,4216769.07759524
1146,3880454.59313333
1147,4191455.39573333
1148,4617268.79813333
1149,4472486.14803333
1150,4693014.68236667
1151,2587826.10580476
1152,4669694.02486191
1153,4402678.7248
1154,4117234.28980952
1155,3656898.65630952
1156,3747468.67246667
1157,4665806.49666191
1158,4142626.3044
1159,4526931.77333334
1160,4528700.04747143
1161,4655904.26369524
1162,5154077.02213333
1163,3956744.9524
1164,4571205.32683333
1165,4455563.30054762
1166,4478178.28166667
1167,5618566.77243333
1168,3982810.47673333
1169,4507689.75509999
1170,3865432.32487619
1171,4033138.59797143
1172,2396737.33774286
1173,4089077.0172
1174,3926182.79569048
1175,4628005.3105
1176,4039941.34951111
1177,4861372.3645
1178,4451773.31206667
1179,4813063.0808
1180,4719181.43713333
1181,4237257.49833334
1182,5048343.82236667
1183,3593697.86433333
1184,4166042.87
1185,3217809.73454921
1186,4976486.45183333
1187,3694507.12901111
1188,4311299.23283333
1189,5033057.36966666
1190,5021908.27426667
1191,3931351.66734286
1192,4419957.17576667
1193,3676410.09941111
1194,4968409.2934
1195,3940563.6145
1196,3800295.73516667
1197,3948800.65776667
1198,4294132.69133333
1199,4530055.25156667
1200,4889850.5333
1201,4213938.49539047
1202,4347138.58563334
1203,3486738.0672381
1204,3663453.41750952
1205,3633460.08031111
1206,4365968.63502857
1207,4010176.32243333
1208,4718210.2825
1209,4546984.25673333
1210,3935912.39292381
1211,3934165.20453333
1212,4488657.25026667
1213,4937042.85933333
1214,4062212.16891111
1215,4688516.47203333
1216,3966402.61013333
1217,3845303.32529524
1218,3964585.26196667
1219,4407865.72584286
1220,3937719.34863333
1221,5352262.38339524
1222,4213818.86293333
1223,4901416.0072
1224,4454519.69453333
1225,4327397.01760952
1226,3963989.92296667
1227,5468236.44776667
1228,4193702.91169683
1229,4254077.1888
1230,4554816.6799619
1231,4415889.54163333
1232,3750062.26443334
1233,4925793.602
1234,3892683.21666667
1235,3384978.69491587
1236,4070817.40913334
1237,3034688.06759047
1238,4215541.06313334
1239,4715093.44086667
1240,4102059.6503
1241,4290445.56646667
1242,5312920.77331905
1243,4039079.55870477
1244,4591883.75674285
1245,4389022.11373334
1246,3286231.47021111
1247,5320803.38413334
1248,3017616.45783333
1249,4567113.3555
1250,4869665.30036667
1251,3775150.12383333
1252,4070191.60486667
1253,5668520.85906667
1254,4678464.2699
1255,3384643.58394286
1256,4468818.7051
1257,4382690.16513333
1258,6173620.14366667
1259,4074832.77906667
1260,4288657.95643492
1261,4412044.74413334
1262,4234914.55486667
1263,3600461.68004762
1264,5161962.64439524
1265,4082621.7486873
1266,3921573.87746667
1267,4390065.51296667
1268,4042727.79149048
1269,5413158.243
1270,3825765.20405397
1271,4515461.83456667
1272,4449881.27269524
1273,3183349.55934286
1274,3306925.3371
1275,4185887.8728
1276,3869220.81186667
1277,4064772.70366667
1278,4195734.12131111
1279,3926182.79569048
1280,4581553.43751111
1281,4370580.69233333
1282,4408960.32763333
1283,3930596.27343333
1284,4297592.84476667
1285,4471320.97083334
1286,3256724.42946667
1287,4099880.8363254
1288,3949038.35893334
1289,3374146.79993333
1290,3818771.17060952
1291,3727057.7809
1292,5410189.1418
1293,5082339.80326666
1294,5840652.04011905
1295,4689034.0769
1296,4354125.18933334
1297,4730093.53703333
1298,4117489.65866667
1299,4340069.68993334
1300,4496197.96292381
1301,3361057.33221111
1302,4163973.24013333
1303,4228678.73153333
1304,3519797.6881
1305,4584683.39976667
1306,4034569.7453
1307,4569269.7924
1308,5197070.45306667
1309,4270568.63574445
1310,4357085.1229
1311,4448516.68336667
1312,3579536.8434
1313,4100002.48216667
1314,4841071.61296667
1315,4589473.37086667
1316,4810621.77096667
1317,4262196.41626667
1318,4867914.54476667
1319,4468774.18796667
1320,5761451.0454
1321,4833421.61366667
1322,4791237.3913
1323,4688216.16776667
1324,4210079.97853334
1325,3643254.81512857
1326,4198475.84573334
1327,5491753.2357
1328,4771206.13736666
1329,4845371.4758
1330,4930164.0876
1331,4031054.99443333
1332,4567835.4032
1333,3696797.80433334
1334,3946432.9044
1335,4202039.37446667
1336,2587719.28935397
1337,4620160.40906667
1338,3541898.02572064
1339,4057906.68671667
1340,3856093.9052381
1341,4818179.22341904
1342,4279691.93113333
1343,2741825.91821429
1344,4712414.8115
1345,3241237.93884762
1346,3837379.34943334
1347,3636059.86246667
1348,4274239.7306
1349,4002874.06343334
1350,3793253.988
1351,5093481.50945238
1352,4644706.56556191
1353,4593190.82509524
1354,4306664.80646667
1355,4114615.00499524
1356,4734470.02566191
1357,4193196.60506667
1358,4210367.1194
1359,2829241.51963016
1360,4036545.2036
1361,5207802.55723333
1362,3954505.5023
1363,4795452.91393333
1364,4214716.97736667
1365,3958666.76756667
1366,3686210.25763333
1367,4903870.60319999
1368,4382241.60643333
1369,4735059.2962
1370,4647417.3111
1371,5115913.83043333
1372,4812280.75256666
1373,5002383.06386666
1374,3829191.21477302
1375,4548326.75593333
1376,3938593.47317778
1377,3998172.55257778
1378,4088023.58476667
1379,4122198.97236667
1380,3988497.04306667
1381,4979206.8347
1382,3981517.0313
1383,4776846.25907777
1384,4029826.76996667
1385,4144988.21739524
1386,4267679.26914445
1387,3247970.24512381
1388,4830302.41093333
1389,4033123.95516667
1390,4432366.61983333
1391,3810161.8798873
1392,4493234.02353333
1393,4439249.1838
1394,4315783.0288
1395,4678663.6361
1396,4334429.74059524
1397,4359751.73520952
1398,4172381.29356667
1399,4481388.04004444
1400,4287294.94733333
1401,5321175.57456667
1402,4011910.09406667
1403,4391920.53163968
1404,4438714.63122064
1405,4403289.05363333
1406,4418850.30043333
1407,4636508.04623334
1408,4247603.24523333
1409,4757645.5706
1410,4015005.069
1411,4155017.52091905
1412,4107400.35656667
1413,4732804.752
1414,4340082.1643
1415,4205122.51573333
1416,4503457.0073
1417,4456991.83126667
1418,3680170.3001
1419,4848249.70316667
1420,4718396.23206667
1421,4178454.56323333
1422,4242313.77446667
1423,5073241.1585
1424,4352629.29559524
1425,4635845.44166667
1426,3437842.81032381
1427,4154437.2752
1428,4132283.1296
1429,3847886.9653
1430,4534461.4299
1431,4276902.12756667
1432,4662877.38416667
1433,4594281.9842
1434,3141910.04854286
1435,4608225.11527777
1436,3882913.13426667
1437,4872341.6096
1438,3638653.02572381
1439,4721106.20996667
1440,5270751.90166667
1441,4928189.30466667
1442,3262629.29084762
1443,4221467.55326667
1444,4784944.0457
1445,4368425.9597
1446,4669299.58706667
1447,4581041.40857777
1448,4459222.84893333
1449,4525984.35266667
1450,4261378.79930952
1451,4283531.40236667
1452,5075858.8385
1453,3845316.7223254
1454,4253259.44676191
1455,4475574.08065873
1456,4685079.62436191
1457,4178091.6275619
1458,5103528.8632
1459,3608640.69942857
1460,4245340.07383333
1461,4759639.2673
1462,4631718.7259
1463,4033964.47087619
1464,4945841.21986667
1465,4064320.0253
1466,4225467.71618572
1467,4509965.34973333
1468,5004142.26643333
1469,4579367.6143
1470,4807914.82903333
1471,4477036.88975714
1472,5130922.341
1473,3107670.97646667
1474,4678029.04266667
1475,3848895.44136191
1476,4870508.42153333
1477,3954628.79044445
1478,3954661.79156667
1479,4703189.8047
1480,4129965.827
1481,3677351.06107778
1482,4222925.01646667
1483,4360744.72396667
1484,4553820.3309
1485,5769593.55143333
1486,4578300.28556666
1487,4544211.61316667
1488,4474312.66296666
1489,4738236.23726667
1490,3343070.58796667
1491,4946162.53456667
1492,4345585.1241
1493,4749762.58963334
1494,4457316.30446667
1495,4897240.50046667
1496,3953112.1236
1497,4105583.68753334
1498,3833563.8799
1499,4816669.42053333
1500,4524297.44746191
1501,4682434.85393333
1502,5450440.04573333
1503,4367448.65066667
1504,3995034.33623333
1505,5052205.7429
1506,4306693.00872381
1507,3936596.3269873
1508,4381485.09766667
1509,5463953.00326666
1510,3736882.5905381
1511,4504581.24506667
1512,4554484.01563333
1513,4637796.83066667
1514,4755486.13065238
1515,4573371.41311905
1516,4317983.9675
1517,4849708.03691905
1518,5287042.4191
1519,4333816.94933333
1520,4863912.22186666
1521,4872535.3049
1522,4591580.85386666
1523,5334249.4269
1524,4408197.71863333
1525,4014562.96622857
1526,4493207.26703333
1527,3817915.9417
1528,3848358.72447143
1529,4962846.85006666
1530,4691851.03156667
1531,4128748.36841111
1532,3674804.65563334
1533,3902786.63896666
1534,4090605.68181111
1535,4807382.03786666
1536,5252927.8428619
1537,4116823.07561111
1538,4750022.5373
1539,4505776.49363333
1540,4178216.6666
1541,3890048.89508096
1542,5038863.8495
1543,3996434.74129683
1544,4262910.5057
1545,3308273.07523334
1546,3732426.47071111
1547,3893054.90886667
1548,4858537.2827
1549,4367008.8039254
1550,4468214.512
1551,5050460.45521905
1552,3487245.52275714
1553,4553086.17363333
1554,4019260.4467
1555,4378737.36509524
1556,3763877.71443333
1557,4041612.8379
1558,3842065.37667778
1559,4334429.74059524
1560,5323300.51813333
1561,4693310.6867
1562,2501523.44988095
1563,3977442.43913334
1564,4828756.24976667
1565,5245462.75866667
1566,3699587.24989524
1567,3121110.76395238
1568,2871569.73763809
1569,4946041.98036667
1570,3714180.9145492
1571,5398752.755
1572,4450466.07293333
1573,4283024.41043334
1574,4194624.56506667
1575,3852626.39231111
1576,4168940.57743333
1577,3759617.80019048
1578,4034388.94289048
1579,4715348.09086667
1580,3007216.01453333
1581,4140906.39976667
1582,4125607.1923
1583,4771032.60335714
1584,4111814.71033333
1585,4049228.72552857
1586,4480547.0161
1587,4164412.12636666
1588,4006611.89475238
1589,3900983.61726667
1590,4153810.05754444
1591,3339220.68365714
1592,4469029.93903333
1593,4613198.19596667
1594,4153043.49646667
1595,5148429.48933333
1596,3587719.62582381
1597,4510739.35616667
1598,4039964.47322381
1599,3958321.06203334
1600,4925865.72981905
1601,4288539.04135714
1602,4002866.15703333
1603,3892024.4798
1604,4301015.45535238
1605,4006277.27329524
1606,4100472.8412
1607,4343875.64206667
1608,4372875.2288
1609,4096845.75473333
1610,5329147.85376666
1611,4567919.8348
1612,3918752.16321429
1613,4407903.96581111
1614,3912548.41396667
1615,4373666.70123333
1616,5025721.97107619
1617,4785771.83643333
1618,4259436.11656667
1619,4195497.6069
1620,4113973.49446826
1621,5058401.58856666
1622,4403492.4198
1623,4444092.28963333
1624,4835152.10126666
1625,4770565.3498619
1626,4982904.50436667
1627,4590901.8922
1628,5269744.5367
1629,4360324.3247
1630,3618262.60866667
1631,4848980.6182
1632,4401306.28996666
1633,4729610.52373333
1634,5071284.11403333
1635,5018343.24053334
1636,4649873.93064762
1637,4258997.4128
1638,2872415.99171111
1639,4794383.07796667
1640,4399010.29280952
1641,3845665.08203333
1642,4609413.75273333
1643,4287370.3826
1644,4059526.11776587
1645,4612153.6321
1646,3913519.23616667
1647,4450795.82866667
1648,2812548.80053333
1649,4651441.43753333
1650,4407629.80783334
1651,3997159.70423333
1652,3509484.83116667
1653,4331658.41076349
1654,3951652.2622
1655,4219692.23056667
1656,4264764.91716667
1657,4290309.94456667
1658,4901727.08073333
1659,4893102.96453333
1660,4480733.15193333
1661,3882436.07593333
1662,4135274.55826667
1663,4307233.1346
1664,3571239.62202381
1665,4099554.89226667
1666,2903283.13081111
1667,4213666.05876349
1668,3692981.58609524
1669,3977985.20126667
1670,3393226.75726667
1671,4201732.53236667
1672,4411274.37812857
1673,4762607.9794
1674,4738479.21713334
1675,5094688.86266667
1676,4312125.1508
1677,4028004.41612857
1678,4507900.2433
1679,4397972.66393333
1680,4604793.92659523
1681,4003528.6409
1682,4535443.05063333
1683,5143440.22593333
1684,3443473.12086667
1685,5024861.95506667
1686,3485347.17903333
1687,4206840.23913333
1688,3265702.53023334
1689,4367990.15132857
1690,4480973.80466666
1691,4702097.70186667
1692,4574264.4863
1693,5263180.8231
1694,4172605.5618
1695,4155897.20656667
1696,4386139.24323333
1697,4187136.86445714
1698,2873217.64743334
1699,4503955.6242
1700,5493308.96126667
1701,4591883.75674285
1702,3922747.89376667
1703,4239952.60252857
1704,4344616.58766667
1705,4610388.9943
1706,4205424.7106
1707,4166780.02335952
1708,4320109.80826667
1709,4876553.83201111
1710,3922491.64257302
1711,3895524.09757619
1712,4720557.02486667
1713,3811145.527
1714,4144164.83095238
1715,3288195.57076667
1716,4010086.83373334
1717,5474978.2071619
1718,4450619.53313333
1719,4174997.478
1720,4788750.97953333
1721,5181699.44626666
1722,4262591.12676667
1723,4822648.1454
1724,3874644.94572857
1725,4437154.05546667
1726,4393373.87853333
1727,5800718.65116667
1728,4961254.66123333
1729,4280048.42265238
1730,4287259.87796667
1731,3783940.05609524
1732,4532393.17163333
1733,4789149.21356666
1734,4674000.04236666
1735,5118181.90156666
1736,4472920.51582857
1737,5156388.50122857
1738,4264043.34506667
1739,5412326.94793333
1740,4200036.01956667
1741,5457555.4577
1742,4044097.67783333
1743,3815237.39762064
1744,4007565.7635
1745,4608228.70273333
1746,3536592.65446667
1747,4518038.62873333
1748,4381909.2094
1749,4904766.55301111
1750,4766942.99676667
1751,2479359.78698095
1752,4049339.3992
1753,4281380.91215714
1754,4545100.40301111
1755,3915594.81776667
1756,5064070.4108
1757,4321125.1793381
1758,4593116.675
1759,4735736.48513333
1760,4697734.31995238
1761,4040367.31045714
1762,5046983.57442857
1763,3483468.53634286
1764,3060477.89786825
1765,4770099.14763333
1766,3930043.03487619
1767,3791489.43686667
1768,4322298.82426667
1769,4579264.31326667
1770,4342853.84286667
1771,2913831.42942857
1772,3480342.38941428
1773,3985059.16161111
1774,3420335.0545
1775,3441184.70987778
1776,4550720.50753334
1777,3996177.3662
1778,4559622.16586667
1779,3512382.84432857
1780,5833981.2243
1781,2734636.52178095
1782,4827574.68473333
1783,4706789.5117492
1784,4331615.99282381
1785,4986309.35063334
1786,4716629.46416667
1787,4085087.14160952
1788,4190470.78342857
1789,4407673.77519524
1790,2586992.142
1791,4575271.8388
1792,3931609.273
1793,4180744.42371111
1794,3850015.41286667
1795,3895879.40813333
1796,4289860.33506191
1797,4766696.7286
1798,4235729.48195714
1799,3762126.96442381
1800,2354976.05407619
1801,4603897.01352857
1802,3549093.15696667
1803,4349342.33924445
1804,4162138.78561111
1805,4223885.01776667
1806,4040860.0514
1807,4804394.5936
1808,4033318.93337778
1809,4666799.56606667
1810,4856441.72767619
1811,4239176.9027
1812,4314916.15276667
1813,3988760.59953334
1814,3970218.6111
1815,4820560.44753333
1816,4599243.589
1817,4122800.53343334
1818,3896884.04376667
1819,4082323.81306667
1820,3467798.2486
1821,4734796.26156667
1822,4772937.3866
1823,4116710.43213333
1824,5205329.3067
1825,4386170.71693333
1826,4624764.74106666
1827,2227617.43247619
1828,3424808.84873333
1829,2868803.42626825
1830,3830923.3420619
1831,4692761.41426667
1832,5202654.63133333
1833,4300104.388
1834,3387851.10668095
1835,3253017.18106667
1836,5287810.32923334
1837,4528058.11816666
1838,4353252.44683333
1839,4982206.36411904
1840,4517484.2913
1841,3889884.3553
1842,4515569.35226667
1843,5361502.1192
1844,4575560.6751
1845,3133807.0483
1846,4824648.466
1847,4654997.60072381
1848,4774404.0755
1849,4480188.7763
1850,4245496.36516667
1851,5054076.87574445
1852,4184373.63756667
1853,5025814.01026667
1854,4447823.93583333
1855,4269028.3437
1856,3932884.02329524
1857,4906746.55687619
1858,4039588.39670635
1859,4891853.50223333
1860,4184854.08326667
1861,4266632.14756667
1862,4771230.03536666
1863,3483156.88321111
1864,3698534.2865
1865,4504484.7406
1866,3797159.88323334
1867,3853528.96803333
1868,3960406.90149524
1869,4002720.2548
1870,4150062.67373333
1871,4144825.051
1872,4257089.4159
1873,4222263.1814
1874,4778193.1377
1875,4818859.3145
1876,4297268.6774
1877,4684811.5805
1878,4485835.17073333
1879,3481069.9954
1880,5203636.08101905
1881,3905629.60936191
1882,4413262.62353333
1883,4503210.3593
1884,4687192.72148095
1885,3457912.48104444
1886,4595227.8168
1887,4150119.5204
1888,4344876.12403809
1889,3557581.43677143
1890,4823238.78429524
1891,4324668.00003333
1892,4613617.46876667
1893,4963300.10596667
1894,3772059.04731111
1895,3637259.0799
1896,4432894.06523333
1897,3870453.45485714
1898,4276790.15296667
1899,4380207.67370952
1900,3856865.38976667
1901,4381523.9422
1902,4670498.66066667
1903,4447813.0597
1904,3663826.3271
1905,3324762.0516
1906,4336198.38226667
1907,3836651.48347143
1908,4274878.06993334
1909,3173431.302
1910,4158952.04973334
1911,3896510.51926666
1912,4780689.23313333
1913,4184752.44222857
1914,6290219.40603333
1915,4431242.44686667
1916,4072930.47509524
1917,4036719.324
1918,5271553.9216
1919,5031061.83216667
1920,4659782.11176667
1921,4216368.61233333
1922,5172114.47696667
1923,2833509.87648095
1924,4792967.78286667
1925,4767731.79506666
1926,4006664.44040953
1927,3465244.05206667
1928,4328635.83936667
1929,3281250.45455714
1930,4578187.9059
1931,5161490.9350619
1932,4508603.81306667
1933,5935193.38825238
1934,4148634.27304762
1935,3866568.71829048
1936,4914250.63346666
1937,4735834.36056191
1938,4529291.44612381
1939,4875701.33361429
1940,5030792.8908
1941,4775390.90536667
1942,4822054.60993333
1943,4783147.44771905
1944,4677391.52483333
1945,4407153.2472
1946,3780659.18164444
1947,4489701.10096667
1948,3572561.99987778
1949,4156178.11796667
1950,4158916.08386666
1951,4337659.6045
1952,3480590.78527778
1953,4412309.08556667
1954,4591883.75674285
1955,4459134.91143333
1956,4687005.00961111
1957,5243857.67816667
1958,4722252.90295238
1959,4169163.0025
1960,4685459.762
1961,4454220.52293333
1962,3857768.12535714
1963,4616204.92073333
1964,4865963.51918571
1965,4188713.57856667
1966,4082738.28366667
1967,3837541.2114
1968,3669883.9943
1969,3957558.06629524
1970,5283473.6599
1971,4450757.31073333
1972,3753002.83079524
1973,4697359.03433334
1974,4856338.01996667
1975,3648385.68854445
1976,4415310.05973333
1977,4040412.9076
1978,4246269.34066666
1979,4730520.4626
1980,4133262.81733334
1981,4923431.1953
1982,4630625.01227619
1983,5160118.27456667
1984,3636395.94606667
1985,4625315.1684
1986,4483875.5804
1987,4046834.54178095
1988,4575280.79556667
1989,5156025.0837
1990,3791788.44746667
1991,4589985.29560476
1992,4342463.76576667
1993,4042976.80627778
1994,3941947.286
1995,3576399.08810476
1996,4749159.45506667
1997,3013099.35764444
1998,3496217.54945714
1999,4618982.023
2000,4705217.75333333
2001,4014913.05001111
2002,4280792.73154762
2003,3746937.80815238
2004,4076658.7586
2005,4538166.9346381
2006,3716984.76945714
2007,4748984.7433
2008,3502656.76153334
2009,2617441.12820952
2010,4365055.77156666
2011,4494601.8584
2012,4899684.48953333
2013,5141476.25196667
2014,4491486.8103
2015,4054061.48153334
2016,3915731.45196667
2017,5510241.22453333
2018,4270322.42688254
2019,4675424.79603333
2020,3858817.69486667
2021,3723949.43582857
2022,4179043.39156667
2023,3340470.32426667
2024,4804988.9692
2025,4712379.94493333
2026,4950660.2205
2027,4964929.90976667
2028,3522787.7279
2029,4280151.88533333
2030,4085100.12236667
2031,3621365.13034445
2032,2775445.69683333
2033,3121509.8124873
2034,5050705.5152
2035,4612414.8395619
2036,4320401.90993333
2037,4693827.05473333
2038,3892812.0369
2039,3620041.48459048
2040,3623037.2316381
2041,4626222.12683333
2042,4635454.81433333
2043,3792859.97808254
2044,4643026.53436666
2045,5150371.2611
2046,4991707.28633333
2047,4488695.6653
2048,4985541.3902
2049,4237458.14720635
2050,4769135.86747778
2051,4316826.30836667
2052,3333996.69090953
2053,4911641.56183333
2054,4497159.91076667
2055,4009345.06976667
2056,3690445.54079048
2057,3737142.81094286
2058,4630202.78956667
2059,4759339.8739
2060,3745189.90419524
2061,3427472.87437619
2062,3887298.35452064
2063,3478181.16848254
2064,4440645.34413333
2065,4708355.27073333
2066,4264955.62424286
2067,4340561.1417
2068,5095589.08763333
2069,3314057.71640952
2070,4635069.2780619
2071,4309033.79329206
2072,3822968.38364286
2073,3441836.00899206
2074,3886956.66477778
2075,4404648.26426667
2076,4066445.50573333
2077,4504130.94698572
2078,4847268.59518572
2079,4240452.68793333
2080,5087649.44062857
2081,4175509.31926667
2082,4789222.87746667
2083,2717046.26097619
2084,4783584.60203333
2085,4932052.3648
2086,4780322.83446667
2087,4704620.11973334
2088,3410732.82342381
2089,3638789.91304445
2090,4642185.16583334
2091,5430071.4202
2092,3758430.0285
2093,4242919.99954286
2094,4223058.07833334
2095,3353961.84902857
2096,5441262.5842
2097,4541368.51713333
2098,4402885.2757
2099,3804807.17492857
2100,3901773.84026667
2101,4438694.707
2102,3944456.55995238
2103,4266247.76674286
2104,4646449.23178334
2105,5540016.01142857
2106,3473589.96141111
2107,4799181.6344
2108,4696270.33072857
2109,4733565.76043333
2110,4175984.04186667
2111,4007006.91476667
2112,4480538.26726667
2113,4885016.61973333
2114,3600806.83062381
2115,4374270.13484286
2116,4801663.6494
2117,4472276.53431111
2118,4992252.61856667
2119,4771654.68547143
2120,4516114.18180952
2121,3474678.91444445
2122,4237180.11059524
2123,4823072.167
2124,4068877.9838
2125,4127289.86683333
2126,3364369.85194444
2127,5272636.23903333
2128,3482958.00167619
2129,3934760.6864
2130,4538201.2684
2131,4992848.4666
2132,3961449.43733333
2133,5471340.86053333
2134,4228614.1513
2135,3806009.54103333
2136,3679715.68023333
2137,4727030.51376667
2138,4928189.30466667
2139,4302584.30184445
2140,3668937.9203
2141,4490349.38673333
2142,3637266.15757619
2143,4390469.37183333
2144,4090890.368
2145,4399535.0921
2146,3835791.60286667
2147,3850744.30403334
2148,4882465.46043333
2149,4417629.94313333
2150,4867761.40863333
2151,4219073.09906667
2152,4788412.8239
2153,4067077.63006667
2154,4138468.43786667
2155,4324728.40490953
2156,5329262.99843333
2157,4449669.59576667
2158,5067225.8578
2159,4625285.00556191
2160,4816130.90286667
2161,4348640.9831
2162,3963343.2794
2163,3794078.93436666
2164,3257315.32890635
2165,4701720.29063333
2166,4673881.9361
2167,4248315.66153333
2168,3732323.97036667
2169,5018738.41846667
2170,4504239.4554
2171,4248035.37555238
2172,4363927.40226667
2173,4448212.78377619
2174,5280555.51536667
2175,3767765.7232
2176,4029428.85931111
2177,5103104.7196
2178,4012779.41973334
2179,4799495.69193333
2180,4476205.38643334
2181,4472221.1397
2182,5037997.98503333
2183,4337711.79094286
2184,4744950.36436667
2185,4431420.5238
2186,4666917.5724
2187,3657956.313
2188,3231679.43233333
2189,3600058.73359524
2190,4701633.8807
2191,3715884.2036
2192,4594051.7096
2193,2743048.89807619
2194,3936929.51370476
2195,5125504.76763333
2196,5074739.98
2197,4276225.55786667
2198,5226749.5224
2199,4557322.03835238
2200,4297877.10682857
2201,3079535.55654286
2202,4270544.31
2203,3940770.19602381
2204,4494124.51846667
2205,3518981.76406667
2206,4041074.8046
2207,4872026.65313334
2208,4121346.04326191
2209,4012865.94676667
2210,4388716.5113
2211,3850104.03634444
2212,4714070.6588
2213,4590543.2136
2214,4628419.01946667
2215,4636094.8911
2216,4848567.93504444
2217,3599840.09123333
2218,4323652.47413333
2219,4670837.55886667
2220,4672169.31243333
2221,3882863.58168095
2222,3688246.45026666
2223,3423170.25891111
2224,4877280.70853333
2225,3995987.19956667
2226,3911656.80846667
2227,3576344.65936667
2228,3677319.8184
2229,4439739.41683333
2230,4198618.4137
2231,4131130.04264286
2232,5477150.34313333
2233,4311371.1689
2234,4200904.5
2235,4040289.21983333
2236,4522146.22976667
2237,5199854.37823333
2238,3995006.97423333
2239,4211568.96763334
2240,4435672.00784445
2241,4161161.94283334
2242,3776059.13347302
2243,3922079.45455715
2244,3351714.9522381
2245,4339476.64126667
2246,3764945.7840873
2247,4259015.43636667
2248,3633938.00786667
2249,4208572.97032381
2250,4419525.43238571
2251,4120474.6248
2252,4522916.39037619
2253,4028467.17036349
2254,3957678.78363968
2255,4828302.36973333
2256,4628068.4441619
2257,3908856.47075714
2258,3358247.00804762
2259,3116985.60467778
2260,3645372.88130952
2261,4810331.23122857
2262,4538872.2893
2263,2870234.01624286
2264,2781664.26840476
2265,4023110.77148571
2266,4507687.76973968
2267,3620542.49116667
2268,4033852.70211905
2269,4598575.2025
2270,3582081.24996191
2271,4433234.41061111
2272,5425821.22496667
2273,3803842.12133334
2274,4538911.26661905
2275,4404129.12882857
2276,3704197.9763
2277,3366953.31841111
2278,3957573.1529
2279,4404406.08033334
2280,3216181.9387
2281,4199923.23248095
2282,4221457.7402
2283,4856942.96943334
2284,4654727.72616667
2285,4350224.5503
2286,3586306.90336667
2287,3976797.27683334
2288,3894254.76126667
2289,4238029.88923333
2290,4379549.74953333
2291,4069512.38404285
2292,4233329.30858095
2293,5072960.82143333
2294,4677526.09646667
2295,4787579.93266666
2296,4852257.82756667
2297,4305451.3689
2298,5294115.44333333
2299,4263993.6446619
2300,4672272.205
2301,4075624.67493333
2302,4421967.0762
2303,4109970.9934
2304,3619976.21396191
2305,4454160.9658
2306,4439959.55536667
2307,3592939.8796
2308,3702040.26391429
2309,3120242.6008
2310,4408688.59446667
2311,3145603.18714286
2312,4704018.9256
2313,4861093.41806667
2314,2968781.90381429
2315,3854509.99866191
2316,4357131.35347778
2317,4687130.77814286
2318,5475427.60326667
2319,5001701.3625
2320,4425755.57916667
2321,3994225.07557302
2322,3453247.27007619
2323,5482348.32186667
2324,5260540.9458
2325,4138624.62737778
2326,3551601.08523333
2327,4078620.47049524
2328,5200244.44838095
2329,3924710.04346667
2330,5230833.14483333
2331,4717798.697
2332,4582684.45523334
2333,4488146.1103
2334,4544594.96212381
2335,3082087.45885714
2336,3774434.96217619
2337,3893159.43275397
2338,4878873.38776666
2339,4666576.99866666
2340,5458931.9383
2341,4633385.46696667
2342,4962500.82066191
2343,4158319.06582381
2344,3384053.0807381
2345,4060256.75876191
2346,3311726.92112064
2347,4564519.96482857
2348,3901786.94256667
2349,4621966.22476667
2350,4039580.8769
2351,4969295.44694444
2352,4731766.00214286
2353,4345027.30993333
2354,4863276.83646666
2355,4206231.42954286
2356,4826530.3183
2357,3882657.12945397
2358,4055318.80609524
2359,5025500.75026666
2360,4078664.8331
2361,4656707.20106667
2362,4815651.54433333
2363,4231044.07523333
2364,3947107.36194921
2365,2831756.59496667
2366,3580904.6494
2367,3926961.71453334
2368,4022027.32166667
2369,4725339.05010476
2370,3906501.64810952
2371,4711817.47173334
2372,4945734.8851
2373,2802437.30786667
2374,4002694.01460952
2375,4311430.06554286
2376,4296425.40499524
2377,5019470.857
2378,5353905.86968571
2379,4275894.58103333
2380,4844587.89856666
2381,4771474.6591
2382,5247060.39826666
2383,4292290.06986667
2384,3983257.40863333
2385,4732835.1832
2386,3981281.17145715
2387,3925755.55876825
2388,4039146.46586667
2389,4227813.23207778
2390,2972404.4625381
2391,5265725.88346667
2392,3334471.97963333
2393,4746737.17209524
2394,4117292.79755873
2395,4218236.98653334
2396,4500182.83416667
2397,3904120.28639524
2398,5318213.3144
2399,4363407.05979524
2400,4519906.9531
2401,4199860.0904
2402,3744752.52722064
2403,3809022.62461111
2404,4266749.14443333
2405,5375147.36671905
2406,4213912.7271
2407,4120823.7934
2408,5310109.25405238
2409,4185038.86213333
2410,5047703.91316667
2411,3856513.61699524
2412,4229184.2755
2413,3842661.81127619
2414,3527173.88293334
2415,4495318.6155
2416,4445023.96437778
2417,3674638.5309381
2418,4458307.23433333
2419,4290562.82976191
2420,3928265.8695381
2421,4832970.6267
2422,5009840.82646667
2423,4487305.242
2424,5104108.88286667
2425,3747405.15576667
2426,5161474.56766666
2427,4006077.21516667
2428,4478440.50536667
2429,4770672.60885238
2430,3509222.18680159
2431,5408027.816
2432,4297864.5272
2433,4055208.16251111
2434,4581897.82102857
2435,4379895.06063333
2436,3940101.07896667
2437,5030119.1416
2438,4749113.26326667
2439,3268984.05256667
2440,3726631.17616667
2441,4127834.8706
2442,5554025.84726667
2443,5337447.97533333
2444,3059897.2497619
2445,4937206.31306667
2446,4459171.90456667
2447,4522904.6057
2448,4494456.64886667
2449,4420293.28119048
2450,3679989.00323016
2451,4399824.83816667
2452,3355699.32309048
2453,4438037.3811
2454,4969405.0991
2455,3982270.55203334
2456,3428866.64436667
2457,4272053.79610952
2458,4786078.9101
2459,3510356.58337302
2460,5147572.79346667
2461,4075170.60723333
2462,4828535.70356666
2463,3918249.16137778
2464,4129171.87203333
2465,3445617.47087778
2466,4728942.23016667
2467,5439916.4952
2468,4520605.56409524
2469,4104930.98423334
2470,3468301.06463968
2471,4646717.4758
2472,3933812.21722857
2473,5149874.16066667
2474,4023067.50516667
2475,4806199.59993333
2476,5183716.44625238
2477,3722789.00901111
2478,4420240.15296667
2479,4474015.98043333
2480,3819332.9683
2481,4096585.1526
2482,4752954.6335
2483,4724186.43996667
2484,4502926.62656667
2485,4561867.38503333
2486,4991582.28042857
2487,4995820.1839
2488,4652030.05793333
2489,3662016.53761111
2490,4115518.48793333
2491,3108807.87901587
2492,5567113.13503333
2493,4273400.35823333
2494,4251408.77693333
2495,3288086.18251111
2496,4711348.75553333
2497,4327266.29173333
2498,5369510.28076666
2499,4511900.55596667
2500,3735504.09166191
2501,4459568.94476667
2502,4434116.74966666
2503,4656235.24736666
2504,3273360.3518381
2505,4119641.96564762
2506,4118304.83935397
2507,4628349.42526666
2508,3891324.38616667
2509,4056411.84796667
2510,5254433.07433334
2511,3663233.29090952
2512,4933915.21756667
2513,3720879.76633968
2514,3766004.18773333
2515,4859735.89313333
2516,4470088.76709524
2517,4465162.78176667
2518,4705169.6524
2519,4078548.12153333
2520,5310892.6456
2521,4256700.69676667
2522,4833222.60473334
2523,3891330.1206619
2524,3900143.2441
2525,4159451.81793333
2526,4309688.60799683
2527,4677500.50529524
2528,4142541.2863
2529,4747657.246
2530,3701217.17913333
2531,4450706.04346666
2532,5539152.05696667
2533,3532650.76803333
2534,3862530.86238572
2535,3174250.86860476
2536,5826891.13506667
2537,4637376.07996667
2538,4733583.764
2539,4516066.92762857
2540,4410850.53
2541,4515952.84173333
2542,4905773.57743333
2543,3581887.82651111
2544,3715770.00564444
2545,4647912.36184444
2546,4300679.90903333
2547,3912467.24097778
2548,4868849.0296
2549,4471045.8255
2550,3030758.84277778
2551,4217259.70903333
2552,4592078.90093333
2553,5242784.24596667
2554,4940196.78178571
2555,5007160.36376667
2556,4700444.60173333
2557,4417969.86476667
2558,5523451.2168
2559,4600331.09563334
2560,3943409.31360476
2561,2947078.7342
2562,3645410.58357619
2563,3788537.3021
2564,4440465.5646
2565,4225150.02976667
2566,3877811.54420952
2567,4831355.26093333
2568,2991262.66659524
2569,4564728.68296667
2570,4332666.3246
2571,3987795.399
2572,4613640.16553333
2573,4068939.33803334
2574,3542473.33157778
2575,3385363.5313254
2576,4371439.70553333
2577,4097451.46706667
2578,3916272.92051111
2579,3533760.80476667
2580,3011031.99136667
2581,3845142.14458096
2582,4317359.70004445
2583,3164748.51376825
2584,4380879.4792
2585,4424764.01826667
2586,3664709.444
2587,4851341.33536667
2588,4999598.54556667
2589,4470378.20527778
2590,3844252.52146667
2591,3985026.80963333
2592,4087734.36533333
2593,5381554.21166666
2594,4994464.0322
2595,4726797.89533333
2596,3562842.76593333
2597,4502456.92014286
2598,4582926.81386667
2599,4710536.09793333
2600,4129868.2037
2601,3831940.54569048
2602,4108380.0988
2603,4807488.19531111
2604,4401832.5595
2605,3493138.5681
2606,4878938.86626191
2607,3794283.38051111
2608,5348187.6956
2609,4382415.35766667
2610,3070600.6892873
2611,5244771.23486667
2612,4915166.56103333
2613,5126376.88853334
2614,5182862.62473333
2615,4580367.71096667
2616,4624231.1284
2617,5112319.58096666
2618,4639261.22786667
2619,4974118.83966667
2620,4143573.8816
2621,4307506.50263333
2622,4825906.04163333
2623,4090843.09386666
2624,3943786.27646191
2625,4059065.7874
2626,4733386.15366667
2627,4655302.6028
2628,4383475.40456905
2629,4596557.97343333
2630,4585308.59005714
2631,4534174.98913333
2632,4102926.86340953
2633,4941740.64417777
2634,3451630.10121111
2635,3964746.5709
2636,4522993.21751667
2637,4558028.98829206
2638,4033720.3959
2639,4585513.2621
2640,4048614.44474444
2641,4706272.43076667
2642,4253239.62426667
2643,3835579.57262381
2644,4458194.3644
2645,4343704.0723
2646,3883581.9045
2647,4362238.45091111
2648,4492569.56472857
2649,4319539.59313968
2650,3549057.31200476
2651,4268797.6997
2652,4639082.91153333
2653,4683012.16548571
2654,4022513.18643333
2655,4175997.51846191
2656,4224652.84133333
2657,4564242.13103809
2658,4593426.30633333
2659,5370181.69
2660,3891363.80663333
2661,4956276.77173333
2662,4048733.48636667
2663,3965307.61811111
2664,3903229.16736667
2665,3959393.66962064
2666,3374619.0632
2667,4297580.14589524
2668,5080771.84256667
2669,3823371.81296667
2670,4329217.74941111
2671,4350421.90753333
2672,4584507.84321905
2673,3703354.92773333
2674,4280303.60003333
2675,3039727.12792063
2676,5138841.80821112
2677,5618195.82813333
2678,4585901.78976667
2679,3914853.61486191
2680,4745462.9919
2681,3899464.3922
2682,4264200.4538
2683,4572897.64471111
2684,4557909.45044762
2685,4836424.1436
2686,4088741.3634
2687,3766953.67347143
2688,3894208.45333333
2689,3773983.71063333
2690,4266111.65416667
2691,4935322.2622
2692,4500692.1818
2693,4373969.1609
2694,4355464.4524
2695,3734048.058
2696,4139827.65123334
2697,4522860.2131
2698,4198291.39136191
2699,4768756.09496667
2700,4332219.74666667
2701,4410875.9471
2702,2963173.77795397
2703,4426397.15286667
2704,4254748.08122619
2705,3362501.74315397
2706,3266811.93227619
2707,4817208.95583333
2708,4749511.5725
2709,3329736.5365381
2710,5088869.53893333
2711,4561985.4213
2712,4746506.05223333
2713,5439766.50268095
2714,4119068.24649524
2715,4909225.2817
2716,4187379.10356191
2717,4106305.14221111
2718,4683151.85442857
2719,4569979.02023333
2720,4471473.14793333
2721,4691954.11083333
2722,4884057.61996667
2723,3580308.33853333
2724,4396184.84093333
2725,4645635.38793333
2726,3888952.7792
2727,3814495.56854286
2728,4320839.1091
2729,3907689.95026191
2730,5265115.58626666
2731,4297973.18966667
2732,3198390.78921905
2733,3837755.04407619
2734,4539274.7684
2735,4563201.51818571
2736,4228653.555
2737,4441355.2344
2738,4227823.35531667
2739,3903985.97923333
2740,3557932.99451587
2741,6000599.7427
2742,4814273.0077
2743,4079407.06573334
2744,3972680.84466667
2745,4604877.20846666
2746,4520730.07237619
2747,3966455.65813334
2748,4501581.10546666
2749,5325983.50955714
2750,4644379.20353333
2751,4257154.68353334
2752,3109054.10943333
2753,3765059.41882857
2754,4437516.84657619
2755,4749321.5367
2756,4132660.18073334
2757,3214357.65043333
2758,4737164.385
2759,4599787.74926666
2760,3743859.7258
2761,3838474.2429
2762,3664925.26881429
2763,3570157.06900952
2764,3766523.56333333
2765,5001379.62423333
2766,4611906.48386667
2767,4025225.92719524
2768,4341058.50316667
2769,3583700.8974
2770,5775739.1221
2771,4443166.72976667
2772,4635107.9973
2773,4116810.31603333
2774,3972677.20796667
2775,4182041.39208254
2776,4817628.45416666
2777,3808260.10556667
2778,3823545.89454286
2779,4125380.27761111
2780,5280248.92546667
2781,4601197.07101428
2782,4240876.84866667
2783,3852086.77147302
2784,4577132.56129524
2785,3849854.37726667
2786,4182679.83963333
2787,4236500.09631667
2788,4490274.24693333
2789,4456462.22186667
2790,4019073.2464
2791,4561837.7745
2792,4655119.28136666
2793,3421882.54722381
2794,4945781.00163333
2795,4269388.96888572
2796,4198962.7321
2797,4929511.21846666
2798,4209572.53197778
2799,4286716.14176666
2800,3387218.27417619
2801,4321831.9094
2802,4759050.3597
2803,3056862.86773333
2804,4386344.23429682
2805,4307791.78233333
2806,5175936.107
2807,2973324.87232064
2808,3926181.64556667
2809,3516355.44416349
2810,3674675.24936667
2811,3401057.54163333
2812,4892998.6395
2813,3634693.8963
2814,4575352.31463333
2815,4333550.2206
2816,3926699.5471
2817,4570971.90096667
2818,5094535.06951111
2819,5304103.9211
2820,4640160.36833333
2821,5250537.07923333
2822,4952948.81766666
2823,3445459.25692381
2824,4211608.1114
2825,5124075.47793333
2826,4275144.52906667
2827,4122927.26596667
2828,4569132.4259
2829,3807242.74773334
2830,3863479.8257873
2831,3609435.84640635
2832,3967941.30706667
2833,3604887.5452
2834,4313468.30476667
2835,4686873.78546667
2836,3895843.02016667
2837,4724120.83156667
2838,4092148.3581
2839,5275050.21432857
2840,2583860.86886349
2841,3681434.09396191
2842,4176324.44626667
2843,4255399.68136666
2844,4522741.67884444
2845,4170210.49419048
2846,5713273.96216667
2847,4472221.1397
2848,4255994.32465714
2849,4477258.37303333
2850,4069317.95346191
2851,4840629.99192857
2852,4034882.00411111
2853,4462355.99563333
2854,4717307.79576667
2855,4298533.6308
2856,4427447.15446667
2857,3617691.68596667
2858,3874857.92950952
2859,4091574.08776191
2860,4515402.99784444
2861,4455581.94356667
2862,4623067.47303333
2863,2562382.15944286
2864,4408626.02686667
2865,4092144.6771
2866,5275050.21432857
2867,4593977.40791111
2868,4719703.00783333
2869,4147150.19443333
2870,4435297.7799
2871,3727335.36586667
2872,3883241.73987778
2873,4165648.5622
2874,3478525.05101587
2875,4653389.68146667
2876,4320411.93166667
2877,4892480.0974
2878,4772584.79613333
2879,4283755.05416667
2880,4375558.2923
2881,4201209.44
2882,5053602.7306
2883,4768397.6654
2884,4646654.93338571
2885,4696842.41666667
2886,4909262.48733334
2887,4385222.02906667
2888,4565344.36375238
2889,3743523.68843334
2890,4535681.64943333
2891,4152883.78528572
2892,4374606.18669524
2893,4854684.20193333
2894,4657119.33106667
2895,3974797.50761905
2896,4605815.49966667
2897,4426133.3253
2898,4127938.21697619
2899,5458682.27666667
2900,4389284.9973
2901,5066375.05503333
2902,3993067.95171111
2903,4324743.36783333
2904,3871473.62821111
2905,5113654.20539523
2906,4556610.87073333
2907,4542369.65416667
2908,5072351.61876667
2909,3803222.81676667
2910,4654340.62596667
2911,5003296.8485
2912,3977859.6429
2913,4462898.57343333
2914,5247131.99186667
2915,4441815.35516667
2916,4737438.79809524
2917,4589842.70616667
2918,3576098.8097
2919,4581555.33853333
2920,3959096.91776191
2921,4273450.97943334
2922,4550830.20481111
2923,3076577.38148254
2924,4620265.52136667
2925,4491697.53583333
2926,5603429.48
2927,4562389.80203333
2928,4076221.21932857
2929,4628896.0408
2930,4469204.85516667
2931,4880674.9035
2932,3874448.46266667
2933,4440376.82304444
2934,4387844.51303333
2935,4364550.29566825
2936,4835319.4682
2937,3827519.76113334
2938,4472082.55406667
2939,2402190.37274762
2940,4836840.9908
2941,4643305.13036667
2942,3747771.90196667
2943,5025182.91105238
2944,5228096.50018572
2945,4282604.05241587
2946,4906510.48106666
2947,4024065.7773
2948,4685955.78473333
2949,4363998.43024444
2950,4017987.76036667
2951,5073060.95633333
2952,3682475.6708
2953,4483459.34516666
2954,4784146.99223333
2955,3885398.66651905
2956,3560364.36723333
2957,4143043.88683333
2958,3881426.30766667
2959,4298326.0396
2960,3844791.13304762
2961,3809015.03233333
2962,3494625.10696667
2963,4172393.62956667
2964,4319780.37426667
2965,4517159.56846667
2966,2346146.05807619
2967,3638234.12818254
2968,4098360.3947
2969,4659900.17763333
2970,5405042.09946667
2971,3599075.90416667
2972,5098690.82133333
2973,4822954.97613333
2974,4611957.15124445
2975,4737041.8159619
2976,3403294.91963334
2977,4161100.41506667
2978,4329461.71423333
2979,4717588.57582381
2980,3789560.04139524
2981,4611820.72656667
2982,4096936.50222857
2983,5105352.75733333
2984,4002380.86001429
2985,3752487.06133333
2986,5006510.3808
2987,4017625.09774921
2988,5445742.63276667
2989,4416241.68005238
2990,4613866.89453333
2991,3219832.221
2992,4231947.64856667
2993,4496157.30563333
2994,4325313.07856667
2995,4461342.33419048
2996,3830001.35675238
2997,4330005.87457619
2998,4473682.60833333
2999,4198140.7703
3000,4318255.5732619
3001,3792465.18542857
3002,4430492.64053333
3003,3628842.8177
3004,4597939.17376667
3005,4115118.00753334
3006,5174789.26696666
3007,3161280.6393
3008,4414059.53346667
3009,5254306.08276667
3010,4182922.92186667
3011,3742105.3455
3012,4018370.1089
3013,5542202.92076667
3014,3578679.1635
3015,4244797.85402858
3016,4984166.12336666
3017,4283892.63046667
3018,4521387.90300476
3019,2925800.40815397
3020,3691675.1219
3021,3559354.86019048
3022,4013585.71937619
3023,3699918.93826667
3024,4337427.99784444
3025,4321443.49740953
3026,4892178.73473333
3027,4917391.8323
3028,3632292.71406667
3029,3855300.1225
3030,4913063.97303333
3031,4405908.1512
3032,4403395.99908571
3033,4962243.96103333
3034,5140458.3802
3035,5512332.8874
3036,5400006.69506667
3037,3925755.55876825
3038,4845163.10706667
3039,4399765.5195
3040,4020923.6402
3041,4172661.96986667
3042,4532854.5141
3043,3761640.07103334
3044,4672684.40946667
3045,4357424.80813333
3046,4980341.82013333
3047,4422815.42873333
3048,4600729.62676667
3049,4249311.75377778
3050,4586949.33896666
3051,4461260.7414
3052,5123634.01796667
3053,4336417.43216667
3054,3159008.20057143
3055,4277380.31372857
3056,4826024.38003333
3057,4457759.53017778
3058,4754298.44146666
3059,4829386.43773333
3060,4086500.91236666
3061,4592377.14423334
3062,2710016.50147143
3063,4155363.97211428
3064,5089583.1321
3065,4150009.14787619
3066,5325890.10223333
3067,3062876.37196191
3068,4611129.34956667
3069,4476474.4974
3070,5015370.20943333
3071,4651676.73986666
3072,3966388.61302381
3073,2997783.21534444
3074,3671020.72673333
3075,4907670.38863333
3076,5095384.4634
3077,4376787.76683333
3078,4054736.9206
3079,4549544.1131
3080,4726097.7038
3081,3260965.32968095
3082,5086619.73446667
3083,4375580.84413334
3084,3000385.73020476
3085,4960619.2407
3086,3946454.3701619
3087,3492846.1599
3088,4029749.07556667
3089,4047680.30456666
3090,3732580.2961
3091,4904786.33566666
3092,4022848.91206667
3093,4633122.9843619
3094,4618119.10073334
3095,3274785.98948254
3096,3212423.3248619
3097,4512521.52919524
3098,5063745.66676667
3099,4922648.96123333
3100,4511744.2621381
3101,3560171.03027619
3102,4773427.5224
3103,4637700.89106667
3104,3945605.63176667
3105,3387134.56277619
3106,3947294.007
3107,4666985.48626667
3108,4113101.6481
3109,3684059.57954762
3110,3967648.89986667
3111,4834899.941
3112,3215010.55020635
3113,3587636.5991
3114,3790739.11886667
3115,4347908.68
3116,4417610.15086667
3117,3891363.80663333
3118,3181170.71847778
3119,4170795.38481429
3120,4019477.33256667
3121,4197102.92783333
3122,4294336.19582857
3123,3716008.11675714
3124,3859084.92396667
3125,4573434.90256667
3126,4388223.04124286
3127,4135699.34276667
3128,4903501.9988
3129,3426536.18902064
3130,4195629.7795381
3131,4711167.82566667
3132,4810745.50843334
3133,4666276.77141667
3134,3561130.9115
3135,3886846.96103333
3136,3639018.64886667
3137,4394258.42616667
3138,4765207.61395238
3139,4403234.51184444
3140,3829067.1535873
3141,4581081.8036
3142,4688171.41706667
3143,4500559.6262
3144,4514677.36203333
3145,5204838.84503333
3146,5077558.22956666
3147,4940566.60083333
3148,4659554.49653333
3149,4826158.11576667
3150,3130127.99057778
3151,4708770.8284
3152,4602882.0829
3153,4145803.5108254
3154,3963220.02873334
3155,4302087.65536667
3156,5117735.246
3157,2992911.10045714
3158,4658805.36719524
3159,4659155.36376667
3160,4125416.95656667
3161,2844356.00023333
3162,4281426.6496
3163,5294985.89606667
3164,4394772.57081111
3165,4823053.5009
3166,4051672.6664
3167,4613555.88213333
3168,3980104.20268095
3169,3867207.11206191
3170,3931479.05679048
3171,4216704.52493016
3172,3337945.4681
3173,4308459.65243333
3174,2398948.62600952
3175,4507270.27886191
3176,3808261.70870953
3177,4598973.4062
3178,3526993.84940476
3179,4447908.06573333
3180,3263065.13957143
3181,3853797.5835
3182,3902760.00413334
3183,4258949.07261111
3184,4973464.31723333
3185,2991334.46623333
3186,5035703.6257619
3187,4638913.3982
3188,4111290.06451429
3189,4564343.9934
3190,4300721.20650952
3191,3283113.90283334
3192,3301528.53038095
3193,3862987.57620476
3194,3587172.03653334
3195,4436651.62587143
3196,3033749.05130635
3197,4643324.663
3198,4866974.42876667
3199,3766272.64047778
3200,4054648.06736667
3201,4332229.23616667
3202,4136736.14933333
3203,4124287.71740952
3204,4814032.20336666
3205,4810185.5519
3206,5319151.77173333
3207,3833296.4691
3208,3497107.44885397
3209,3847413.33506191
3210,5519007.3429
3211,3959398.10013492
3212,4139230.54136667
3213,4699687.5388
3214,4457162.47596667
3215,4821757.19083333
3216,4423644.3038
3217,3066344.18497143
3218,4808122.95905714
3219,4507235.1308
3220,4362982.22952857
3221,4902532.8595
3222,5053654.93283333
3223,4675611.69914286
3224,3876659.60927619
3225,3640564.4026
3226,4022386.30588571
3227,3833389.29752381
3228,4345785.50953334
3229,4388448.29366667
3230,3513314.18044444
3231,3771446.31183333
3232,3672604.6381
3233,3774630.6959
3234,4452592.41946667
3235,5203153.10046666
3236,3676147.37138572
3237,4693910.1804
3238,4930687.27443333
3239,3956078.53713334
3240,4111559.22059048
3241,5051463.09616666
3242,4124873.06406667
3243,4773750.60376667
3244,3257397.45870952
3245,4113138.59563333
3246,3638097.15042381
3247,4904924.7813
3248,5197287.52506667
3249,4629882.3706
3250,3865559.33187778
3251,4747700.19273333
3252,4711917.22346667
3253,3943422.07466667
3254,4241964.41453333
3255,3987340.06341111
3256,3942545.65216667
3257,4003545.31344286
3258,4549374.51106667
3259,4373182.71586667
3260,4461006.4751
3261,4334429.74059524
3262,4309427.37926667
3263,4865589.97553333
3264,4126130.19613333
3265,3991309.64686667
3266,3990604.5936
3267,5289499.52303333
3268,3971980.32896667
3269,4601002.16253333
3270,4133763.1691
3271,5048918.17283333
3272,4604640.64491111
3273,4592366.26852857
3274,4818859.3145
3275,4034924.50375714
3276,4672023.9197
3277,4819254.35082381
3278,4475813.75576191
3279,3797902.10369524
3280,5244931.17296667
3281,4260960.52824444
3282,4573492.4282
3283,4324373.67206667
3284,4320811.75533333
3285,3990536.68176667
3286,4229166.3325
3287,4880184.59573333
3288,4440585.70106667
3289,3498212.86632381
3290,4038909.3969
3291,4359203.86657778
3292,4293978.11766667
3293,4228076.83983333
3294,3536020.27814286
3295,4365995.42176667
3296,4162032.94826667
3297,4420979.42033333
3298,4678457.29875238
3299,5204547.6154
3300,4005861.1111
3301,4634948.91234286
3302,4767256.72613334
3303,5187886.579
3304,3727644.26701111
3305,4311137.49543334
3306,4423279.17930952
3307,4651129.38735238
3308,5246714.50876666
3309,5376329.56773333
3310,4318328.53155238
3311,4655065.67942857
3312,3207768.29329524
3313,3835973.80094444
3314,3808633.51253333
3315,4980304.13336666
3316,5022185.3496619
3317,5333152.87333333
3318,5029876.20156667
3319,3225348.182
3320,5118010.58243333
3321,3585510.48973333
3322,3563900.09940952
3323,3024805.6194619
3324,4185378.1962
3325,4326110.887
3326,4996354.62326666
3327,4226510.90608095
3328,4852545.65277778
3329,4729251.12062857
3330,4921362.14046667
3331,4319204.3445254
3332,4995868.59096667
3333,4350985.17364286
3334,5337936.61523333
3335,4777078.4677
3336,4037130.77823333
3337,4833547.40666667
3338,4386887.91823333
3339,3998555.44586191
3340,4738177.5227
3341,5184984.5903
3342,4077468.71866667
3343,4157472.69722857
3344,4822327.93763333
3345,4418123.26533334
3346,4384360.33383334
3347,5136602.3586
3348,4441346.17996667
3349,5515699.8024
3350,3615463.74516826
3351,3714913.28673333
3352,4426502.38572381
3353,3044871.70213334
3354,4186740.1473619
3355,4720641.93736667
3356,2996291.26888095
3357,4387406.6883
3358,4410517.3074
3359,3583929.14103333
3360,3675957.34326667
3361,4190557.0487
3362,3549650.41224762
3363,4387273.85763333
3364,4461629.86133333
3365,4541796.17853333
3366,3091862.84553809
3367,4821566.0606
3368,4372530.04763333
3369,4916843.8962
3370,3724668.46673334
3371,5176059.74905238
3372,4026424.64276667
3373,4139796.59106667
3374,5012733.282
3375,4252470.34183334
3376,3930886.97223333
3377,3204889.99156667
3378,4527983.93983333
3379,4553458.3769619
3380,2351821.31620952
3381,4626118.69012857
3382,4212979.82554286
3383,4346920.44901111
3384,4396498.12616667
3385,3411064.79565873
3386,2921549.69694286
3387,4983575.59966666
3388,3820951.84083333
3389,3677202.92236667
3390,4448891.39353333
3391,4621392.51144286
3392,4495445.09737778
3393,4484718.3851
3394,4574721.1633873
3395,4488255.57806667
3396,4562736.7192
3397,3801554.69834286
3398,3100906.18360476
3399,4163547.39063333
3400,4818835.37926191
3401,4297140.4296
3402,3578474.9419
3403,4502557.553
3404,5043187.8777
3405,4114407.2221
3406,4749033.04671905
3407,2948344.75183968
3408,3616674.83496667
3409,4139875.76433333
3410,4862063.6439
3411,4680722.65553333
3412,4368622.28222857
3413,4443305.39644444
3414,4000211.0604
3415,4182985.96103333
3416,4525257.45326667
3417,4229491.83923334
3418,3441229.50822064
3419,4713355.1098
3420,4789297.53196667
3421,5135704.73853333
3422,4310332.2540873
3423,3966423.88623333
3424,4382422.5243
3425,3884036.6981
3426,4475311.423
3427,4948868.56173333
3428,4408160.89946666
3429,3980104.64375238
3430,4080089.82782381
3431,3744454.54051111
3432,4334707.13483334
3433,4747002.86886667
3434,4663995.50296667
3435,3840406.89226667
3436,3798011.70051111
3437,4503675.3926
3438,4114892.88692381
3439,3589954.99740953
3440,4164284.80873333
3441,3046720.64775238
3442,5076329.06196666
3443,4473198.08001428
3444,4797281.75946666
3445,4759842.82556666
3446,4729739.7515619
3447,3562930.52189524
3448,4434584.10283333
3449,4234614.93983333
3450,4722438.81986667
3451,4156515.61949524
3452,4244543.6854
3453,4603059.1600619
3454,3533551.0762
3455,4054748.94663333
3456,4374163.9689
3457,4213511.399
3458,3834671.90323333
3459,4033318.93337778
3460,3868607.19324762
3461,4997380.7025
3462,5322120.555
3463,4595475.96413333
3464,3895336.2249
3465,4928901.0409
3466,4535462.21296666
3467,5204663.6039
3468,4973821.67666666
3469,5325669.44316666
3470,4813067.4299
3471,2588992.21800953
3472,4997247.2419
3473,4106311.65563333
3474,4617455.94596667
3475,4909003.13437619
3476,4345709.14516667
3477,5455631.66903333
3478,4017200.66526667
3479,5124190.607
3480,4052149.05176667
3481,5025924.33103333
3482,4849255.34806666
3483,4136367.04974762
3484,3238475.2932
3485,4185262.54923333
3486,4572518.47966667
3487,4500526.7903
3488,3422556.58160476
3489,4721447.58343333
3490,3944791.46363333
3491,3400114.78974286
3492,4570794.1596619
3493,4557418.03463333
3494,4655071.43086667
3495,3813388.69566667
3496,4100250.49806667
3497,4429981.29012857
3498,4173889.70566666
3499,4184990.7231
3500,4918326.8576619
3501,4290423.6099
3502,3659663.3633
3503,4796332.29974286
3504,4578967.04886667
3505,4126583.02955714
3506,4605737.0693
3507,3983152.20395714
3508,4313006.37843333
3509,4467775.86226667
3510,5350524.32326667
3511,4469112.15173333
3512,5446976.38293333
3513,3314353.70916667
3514,3933309.38016667
3515,4330700.0263
3516,4507298.5058
3517,3231435.72959048
3518,4227520.53316667
3519,3721995.55451905
3520,3911876.895
3521,5668694.29713333
3522,4506119.3007
3523,4541346.34313333
3524,4506017.82966667
3525,4434653.47476667
3526,4682126.253
3527,4232675.85649048
3528,4282557.60640476
3529,4907102.6548619
3530,3190897.72787143
3531,4300045.93836667
3532,4048244.50614445
3533,4144436.1917
3534,5166019.1047
3535,3773347.27644445
3536,5095535.5022
3537,3962695.55923333
3538,3883707.795
3539,5637887.79246666
3540,3592413.22119048
3541,4568278.12546666
3542,5269465.81526667
3543,4670865.11936667
3544,3863564.63066667
3545,4167943.5297
3546,4395101.0022
3547,4431512.91329999
3548,4451010.1714
3549,4632546.85546667
3550,4039504.92034444
3551,3756085.87060476
3552,4289843.83403334
3553,4531128.0234
3554,3912647.96946667
3555,4678616.47358095
3556,4836017.95588254
3557,4960660.9835
3558,4003794.1842619
3559,4613201.86596667
3560,3480162.19071111
3561,3237828.9767873
3562,4054229.33616667
3563,4455968.39533333
3564,3593276.02631905
3565,4807349.488
3566,4199540.72494444
3567,4286561.76572064
3568,4802338.86233333
3569,4125105.76
3570,3079535.55654286
3571,4646764.39706667
3572,5014343.9367
3573,4061250.40603333
3574,4337779.66606667
3575,3696659.47433334
3576,4002381.70451111
3577,3855351.25239524
3578,5508655.19573333
3579,4212360.9497
3580,4586611.71023334
3581,3567277.70243334
3582,4596140.42693333
3583,3975060.725
3584,4017514.58623333
3585,4691984.7048
3586,3780563.62006667
3587,3639370.78416667
3588,4566442.98733333
3589,3580123.38424286
3590,4295444.6927
3591,4356197.04521111
3592,3707635.3019
3593,3612187.5425381
3594,4175881.50133333
3595,4713812.2246
3596,4121547.42320952
3597,4142828.26328571
3598,4461436.90977619
3599,4718427.24062857
3600,4037569.52686191
3601,4358014.68557619
3602,4238053.14803333
3603,4361268.38446667
3604,4643581.91413333
3605,4177047.7934
3606,4472859.38793333
3607,4669504.27251588
3608,3642840.53781905
3609,4543952.1075
3610,4191651.64482857
3611,3888541.37502381
3612,5761374.43823333
3613,4240582.92196667
3614,4825482.88016666
3615,4243019.16384762
3616,3676972.35607778
3617,4612022.39193333
3618,4543422.06393333
3619,4351516.26397143
3620,5301008.00503333
3621,4363988.59806667
3622,4687076.74896666
3623,4181299.2554381
3624,3918913.34582381
3625,4708982.23646667
3626,4846395.93673334
3627,4119627.25526667
3628,3228832.52866667
3629,3874295.3758
3630,4254771.34484286
3631,5354303.521
3632,4380233.84216349
3633,4414867.9982
3634,4978779.62953333
3635,3939908.6096
3636,4441200.45453333
3637,4103051.1106
3638,4631493.54666667
3639,2455855.94434286
3640,4259222.18142857
3641,4053875.1134
3642,4178458.021
3643,3017407.51535714
3644,4620619.7614
3645,4346298.49636666
3646,4793987.215
3647,5785118.35523333
3648,4657350.4986
3649,5616012.75772857
3650,4515075.06163333
3651,5066320.56575714
3652,4111400.18676667
3653,4325995.88926667
3654,3465525.28449048
3655,4441283.09066667
3656,3874085.38593333
3657,4129662.81706667
3658,4574041.2194
3659,3469400.56866667
3660,5048805.2565
3661,3453643.43350953
3662,4309651.15745238
3663,4324900.9946
3664,4433911.55026666
3665,5369510.28076666
3666,3747946.30556191
3667,4577983.01723333
3668,4752771.98213333
3669,4331588.97626667
3670,4169786.37886667
3671,3287921.33617619
3672,5281533.50536667
3673,4370561.52876667
3674,3941123.21966667
3675,4257476.98258095
3676,3676644.6886
3677,4081612.41455952
3678,3917449.71173334
3679,4498380.84483333
3680,3743547.71256667
3681,4559489.3235
3682,4294333.95703333
3683,4237675.82663333
3684,3801012.5124
3685,4158460.81830476
3686,4814013.00496667
3687,5157459.47343333
3688,4293030.10243333
3689,5213125.81226667
3690,4031426.69181905
3691,4829171.17483333
3692,4342604.8636
3693,4010312.84479524
3694,3329623.73734285
3695,4271554.54273333
3696,5109714.2739
3697,4345184.90026667
3698,4318921.16606667
3699,3956007.32776191
3700,4430702.0744
3701,3865282.93943334
3702,4815195.61123333
3703,4796400.90430238
3704,4608714.67436667
3705,3302120.52286667
3706,5160453.8894
3707,4439505.47616667
3708,4351655.93616667
3709,4566965.96510476
3710,4124447.99063333
3711,4060623.31230159
3712,4795261.78773333
3713,5231955.9745
3714,5057847.34726667
3715,3946285.4149619
3716,4221142.78649206
3717,4325280.32036667
3718,4326394.93206667
3719,5451787.95258571
3720,3928229.12336667
3721,4490056.24710476
3722,4478021.89846667
3723,5055107.7236
3724,4328495.52381111
3725,4536649.75163333
3726,4543660.99886667
3727,5049631.06116667
3728,4182807.13539444
3729,3857687.10116191
3730,4465554.96616667
3731,3249442.33106667
3732,4135657.3209
3733,3163987.7109619
3734,4020623.47263333
3735,4109867.9509
3736,4065633.83393333
3737,4631429.80949524
3738,5153013.7328
3739,4203669.07823334
3740,5335892.6083
3741,4677900.51176667
3742,4317641.6166
3743,3832306.52326825
3744,3803408.2646
3745,3893782.66482857
3746,4461490.71873333
3747,4670498.24513333
3748,4504233.70016667
3749,5009777.7849
3750,3871636.99966667
3751,3207370.5426
3752,3825159.1439
3753,4132500.74506667
3754,5223792.928
3755,4807879.25891111
3756,4209903.16193333
3757,3748058.00811428
3758,3914853.61486191
3759,3894174.75763333
3760,4307352.07018571
3761,4913940.5077
3762,3862610.65251111
3763,4737961.435
3764,4254720.9362
3765,4621357.45646667
3766,3359802.37667619
3767,4125299.65073333
3768,3664669.2506381
3769,4314558.4218
3770,3186880.3219
3771,4224322.7228
3772,4585776.70771111
3773,4762220.07833333
3774,3966160.45449524
3775,4375198.25806666
3776,3516476.75153334
3777,4558021.93236667
3778,4514677.36203333
3779,4875848.17313333
3780,4845265.7951
3781,3843707.2209
3782,4538656.6121
3783,4850102.07796666
3784,4375424.67616667
3785,4071721.4329
3786,4093075.0643
3787,4342263.48252857
3788,4118271.08396667
3789,4830097.78656667
3790,3350936.13940476
3791,4498296.3545
3792,5088866.57123334
3793,3715399.48520635
3794,4413461.94145238
3795,4389492.30667619
3796,3273457.19870476
3797,4943656.62153333
3798,3268055.40191587
3799,3971856.275
3800,3902434.87776667
3801,5174891.53003334
3802,5142355.57511428
3803,4046819.0741
3804,4839820.60713333
3805,2804863.53984762
3806,4794412.66308095
3807,4680327.58506667
3808,4882851.5815
3809,3329851.18663333
3810,4722735.31803334
3811,4828715.49923333
3812,4838874.4371
3813,4686497.53493333
3814,4667912.13463334
3815,4563801.2884
3816,3415024.24207302
3817,4368004.96832381
3818,4528436.01066667
3819,3310691.30075397
3820,4737986.74805238
3821,5429016.80283334
3822,3837397.85700952
3823,4435517.31773333
3824,3956655.95075397
3825,5698932.94576667
3826,4243583.47206667
3827,3628398.01255238
3828,4848360.14432858
3829,4494597.02011111
3830,3783394.93563333
3831,4340642.73935238
3832,2925840.74514444
3833,4064026.25920952
3834,4767997.2871
3835,4510996.48366667
3836,4524572.93836667
3837,4381548.73333333
3838,4348251.04014762
3839,2877638.32403809
3840,4558690.71236667
3841,4501077.40883334
3842,5537836.56603333
3843,4265990.03236667
3844,4956631.52735714
3845,4151063.93697619
3846,5322941.75896667
3847,4485316.17763333
3848,5058655.84938571
3849,4899954.2187
3850,4917056.38196667
3851,4331581.6010619
3852,4610357.23976191
3853,4927431.39773333
3854,3823554.56316667
3855,4146053.05983333
3856,4280286.77747778
3857,4497955.71076666
3858,4059893.08217143
3859,4284153.91136667
3860,4920299.0151
3861,5323792.09915238
3862,3891631.57583333
3863,3977961.65484762
3864,5076912.99613333
3865,4222381.0129
3866,3995369.34383333
3867,4058643.71942064
3868,4754309.528
3869,4037743.57102381
3870,2768678.81751111
3871,4079807.6342
3872,4877510.68876667
3873,4360018.49636667
3874,3794908.76835714
3875,5231056.1603
3876,4020328.1908
3877,4585247.09746667
3878,4591560.76753333
3879,4009112.92276667
3880,4330262.38731905
3881,4564562.41873334
3882,4469381.1909
3883,3850871.65950953
3884,4169596.2800619
3885,6234784.50433333
3886,4390726.98615238
3887,3757141.64406191
3888,4063707.78933333
3889,4492503.30613333
3890,5314160.26336667
3891,5524534.63863333
3892,4808291.05386667
3893,4677554.38433333
3894,3407677.42443333
3895,3644956.46355715
3896,4831524.11283333
3897,3671845.71027143
3898,4308902.74986667
3899,3897203.39713333
3900,4211882.53076667
3901,4035707.73395714
3902,4266336.60048095
3903,4301303.02813333
3904,3919057.12446667
3905,3546675.25950635
3906,3872575.16834445
3907,4202070.87355397
3908,4789871.40416666
3909,4573143.21499048
3910,3742952.3146
3911,4284274.82573333
3912,4408017.669
3913,4818723.28620952
3914,3058658.9357254
3915,4565269.70003333
3916,5003043.1919
3917,3862380.06060952
3918,4134362.11343333
3919,4369677.94863333
3920,4642234.73598334
3921,3960832.66954444
3922,3274047.4411
3923,4843160.0685
3924,3679989.00323016
3925,3160714.40586667
3926,4500979.7883
3927,3046307.58214286
3928,4379398.61463333
3929,4082973.54767778
3930,4464285.8067
3931,3659076.70801429
3932,4226619.3349
3933,4278083.19093333
3934,4560248.43886666
3935,4376463.3295
3936,4012292.03076667
3937,5237284.86571905
3938,3094452.41835714
3939,4114707.04143334
3940,4275070
3941,3906498.66214444
3942,3930254.3083
3943,4362049.24629524
3944,4948060.59256667
3945,3090216.07636349
3946,4030728.54843016
3947,4830693.75883333
3948,4015918.40533334
3949,4145742.16893333
3950,4124470.67353333
3951,4054815.837
3952,4710253.62833334
3953,5224648.74326667
3954,3347674.90456667
3955,3508866.2262
3956,5077648.29993333
3957,4729388.60986667
3958,3925610.78572857
3959,4873422.65436667
3960,4330171.23994762
3961,3231922.52605397
3962,4909910.19256667
3963,4446425.81196667
3964,5190433.45113334
3965,3961570.21223333
3966,4408668.74826666
3967,3787335.65567619
3968,4504430.9879
3969,4232843.8656
3970,4284118.1512
3971,4231173.80151905
3972,2437144.55402063
3973,4170410.07736667
3974,4088072.86489207
3975,4699453.6177
3976,3633194.33335714
3977,4932648.57336667
3978,3335293.04206667
3979,2532196.97661429
3980,4252366.35932857
3981,4886796.8962
3982,3862158.86233333
3983,4175774.94173333
3984,3134772.95573492
3985,5240848.83823333
3986,4529223.8092
3987,4080492.47967143
3988,4081563.06592063
3989,4860338.3772
3990,4618298.11383333
3991,4714858.3862
3992,4773303.17223333
3993,4936093.43793016
3994,3983256.54964445
3995,4192320.02806667
3996,4625886.3601
3997,4682507.19956667
3998,3956503.01017778
3999,4231280.72653334
4000,5133708.3668619
4001,3233031.07731111
4002,4144694.21663333
4003,4556102.96906667
4004,2384114.51783333
4005,4695461.55322857
4006,4797092.3194
4007,5668203.3173
4008,3245412.10069524
4009,5041688.28713334
4010,4157958.2866
4011,4636857.27916667
4012,3755520.5997
4013,4401104.71736667
4014,4530963.6818
4015,4601989.60596667
4016,4803584.81033333
4017,5175625.0729
4018,3920975.87466666
4019,4426280.26533333
4020,4017415.0243
4021,4100272.25936667
4022,5135355.55146667
4023,4665859.43043333
4024,3664424.60456667
4025,4570709.99265238
4026,4323824.0172
4027,4560499.40096666
4028,3689515.38751111
4029,4048398.8301
4030,4656349.45413333
4031,4495444.3143
4032,4199818.5393
4033,4523417.94526667
4034,4128071.98306666
4035,3667639.25973333
4036,5096455.61143333
4037,4416242.18446666
4038,4536447.10463333
4039,3484067.72470476
4040,4419219.66369524
4041,4991411.35973334
4042,3822478.40756667
4043,4713025.47143333
4044,4506403.29796666
4045,5079314.34896667
4046,3869604.06763334
4047,4347245.561
4048,4415383.58626667
4049,4394531.59605238
4050,3292851.43156667
4051,4908758.541
4052,4395389.30606667
4053,4028243.1824
4054,4380490.48843333
4055,4100114.51221111
4056,4837470.76422857
4057,3308273.07523334
4058,4855911.46831905
4059,5002163.32513333
4060,4030006.20356667
4061,3350936.13940476
4062,4987163.70946667
4063,3530438.57802857
4064,5392832.19266666
4065,4883764.73786667
4066,4504342.36096667
4067,4480209.41436667
4068,2715639.89707143
4069,4319459.7054
4070,4077069.50786667
4071,4299439.0567
4072,5262860.19853333
4073,4477219.3116
4074,5377972.9248
4075,4179010.98921111
4076,4217276.7492
4077,3908832.32607619
4078,5346319.98498572
4079,3830779.25423492
4080,4206507.83584445
4081,3782240.18536825
4082,5142951.21579524
4083,3829369.96275397
4084,4252849.93466666
4085,4027009.62061111
4086,4039094.81716667
4087,4106967.62633333
4088,3147328.45735714
4089,5243857.67816667
4090,3827007.75857778
4091,3872332.37215238
4092,3530903.2336381
4093,4588021.1857
4094,5042026.80323333
4095,4568859.6903
4096,5096866.83497143
4097,4502507.7589
4098,4417810.44013333
4099,5092271.77123333
4100,4916172.26163333
4101,4696921.81546666
4102,3783140.99013333
4103,4729610.52373333
4104,5642179.60946666
4105,4259402.55786666
4106,4207755.6498
4107,4797793.57663333
4108,4781459.35487143
4109,3238926.34032857
4110,2566148.66018095
4111,4430857.33427619
4112,5631249.31243333
4113,3730446.99137619
4114,4004869.12504445
4115,3945715.53154445
4116,5211593.7816
4117,4647112.50461905
4118,3752258.2397619
4119,3946239.9947
4120,4728294.2282
4121,4407890.7984
4122,4232088.29633333
4123,4680128.17423334
4124,4117363.6223
4125,4373289.79182857
4126,3351150.72490953
4127,4240473.7446
4128,4342424.12707778
4129,2517300.23552381
4130,3986346.56647143
4131,5191412.89586667
4132,5065265.31966667
4133,3513191.13972857
4134,4137955.65451111
4135,4346886.04193333
4136,4397726.33853333
4137,3410173.7426
4138,4837227.12406667
4139,4852093.8053
4140,4447777.30071111
4141,4224834.90693334
4142,4467886.19746667
4143,4503870.7968
4144,3224178.0203
4145,4460830.63786667
4146,4087943.9806619
4147,4037033.1967
4148,3128460.4805
4149,4125157.27906667
4150,3235871.14283334
4151,5193924.5992
4152,4914245.84812857
4153,4331248.44542381
4154,4882436.45383333
4155,4422022.48183333
4156,4518970.43866667
4157,4537860.65036667
4158,3974277.6184
4159,5025045.20653333
4160,3657268.28836666
4161,4217889.67624286
4162,4558234.64003333
4163,4713144.0839
4164,4753861.43756667
4165,5094781.54591667
4166,5009411.2549
4167,4096357.90673334
4168,4116770.97733333
4169,4055964.1156619
4170,4413414.54353333
4171,4334935.1541
4172,4138288.49813333
4173,4273203.38903333
4174,4041953.15873333
4175,4207762.88963334
4176,3927340.10316667
4177,5224766.45600476
4178,3600486.02652857
4179,4559508.3308
4180,4736281.25916666
4181,4596673.3104619
4182,5310873.6802
4183,4148356.8749
4184,3400174.7615873
4185,2436764.40617619
4186,4502018.30926667
4187,4080037.15462857
4188,3947766.1849
4189,5090754.84843809
4190,4326305.62776667
4191,5034789.1708
4192,4346371.99286667
4193,4646779.91823333
4194,4335603.73596667
4195,4257473.86
4196,5234449.1012
4197,5002046.8287
4198,4873860.59492381
4199,4829968.04556667
4200,6177296.34013333
4201,5385339.15706667
4202,3754176.98843333
4203,5010530.22596666
4204,3545468.31850952
4205,4984723.43106667
4206,4317359.17
4207,4189231.48507143
4208,4231688.50396667
4209,3748298.25096667
4210,4207255.06915714
4211,3870254.89713333
4212,5256309.698
4213,4069056.97944286
4214,4228657.03626667
4215,4304133.6276
4216,4087577.42186667
4217,3830996.11763334
4218,5036641.03186666
4219,4452093.84672857
4220,5199756.01373334
4221,4508903.86416666
4222,4562794.96793333
4223,2907032.53578095
4224,4573349.35844444
4225,4308273.07846667
4226,4199179.06976825
4227,5211198.12025238
4228,3487457.05251111
4229,4119080.05927619
4230,3957731.19563095
4231,4967058.0315
4232,4274500.34578095
4233,3884706.40523334
4234,2930602.4048873
4235,3108274.3675
4236,3952786.1925
4237,3737447.10723334
4238,3838359.3736
4239,4611791.03880476
4240,4282862.14973333
4241,3741727.28566667
4242,5432373.60956667
4243,4871964.34113333
4244,4751084.64656667
4245,4086325.62403333
4246,3583864.69043333
4247,5012063.91913333
4248,4795232.63163333
4249,3800295.73516667
4250,3758242.17636667
4251,4680490.7627
4252,4333069.65127778
4253,4382199.81976667
4254,4485628.98342778
4255,4187618.0123
4256,4273136.46706667
4257,4225006.82237778
4258,4101124.31562857
4259,4713160.77833333
4260,3692017.23283333
4261,4623990.7785
4262,4790217.49743334
4263,4449696.86501905
4264,4295261.96836666
4265,4557392.79436667
4266,4508265.16426667
4267,3828170.25510952
4268,4015820.67683333
4269,3940311.90283334
4270,4587212.29883333
4271,2753671.10109683
4272,4423602.3272
4273,4458654.39453333
4274,5168465.87072381
4275,4538662.43706666
4276,4401314.05073333
4277,3791522.05306667
4278,4735252.43826667
4279,4276252.73406667
4280,4504465.94436667
4281,3257028.71219048
4282,4683803.47919524
4283,3625890.67580952
4284,4274157.85273333
4285,3071168.86776667
4286,5148433.23066667
4287,3039532.97315714
4288,3897674.7009
4289,3201930.00916667
4290,4754501.7751
4291,4173425.29113333
4292,3494281.86012381
4293,5391819.18103334
4294,3675491.2789
4295,4128845.869
4296,3783403.71367302
4297,4276821.97503333
4298,3708691.97491429
4299,3714996.49543333
4300,3912686.38126667
4301,4514519.78123333
4302,4497350.66816666
4303,3721969.75471111
4304,4358129.54046667
4305,4440577.55866667
4306,4840120.7073
4307,4522662.0111
4308,4961067.71440952
4309,4235634.3634
4310,4264756.89123333
4311,4430142.8254
4312,4745799.38585714
4313,4344745.8752
4314,4594880.18809048
4315,4563582.34886667
4316,4293173.74494762
4317,4406967.77221429
4318,4266111.65416667
4319,3997575.64320476
4320,4441447.83986666
4321,4606162.82326667
4322,3955807.86016667
4323,5091997.6447619
4324,2995268.22597619
4325,4097557.0626
4326,4403900.08716667
4327,3949413.6685
4328,3984661.42587778
4329,5414104.7614
4330,4073880.04859047
4331,5205843.1695619
4332,3334471.97963333
4333,4070220.64791905
4334,3943195.97073333
4335,4173971.78993334
4336,3805360.19197619
4337,5096039.47796667
4338,4668590.29863333
4339,4349374.04596667
4340,3903077.48984286
4341,5239609.34560952
4342,4670446.96816667
4343,4014995.52876667
4344,4345223.03156667
4345,5402627.78836667
4346,4027165.28336667
4347,4109826.56323333
4348,3772896.7778
4349,4115473.72863333
4350,4583380.79450476
4351,4808648.71766667
4352,4234824.5126
4353,4940962.76783333
4354,4632301.75656667
4355,3217430.46611111
4356,3768752.07363333
4357,3955846.58663333
4358,4671218.6486
4359,4390353.3204
4360,4515766.94173333
4361,4956754.167
4362,4509321.6284
4363,4487717.876
4364,4521662.86436667
4365,5255241.0333
4366,4602689.45544286
4367,2796399.1613
4368,4482741.08226667
4369,3206529.72649524
4370,4061054.7093
4371,5096442.62666666
4372,4085183.15023333
4373,4953117.56093333
4374,3275348.07946667
4375,4749186.05435238
4376,4527241.4641
4377,4056234.16475238
4378,5809492.34563333
4379,4506673.2318
4380,4609967.10293334
4381,4697729.6368
4382,4744882.11613333
4383,4725234.90686666
4384,4616876.1132
4385,4240263.52406667
4386,4486863.52523333
4387,4225630.57408254
4388,4203435.0864
4389,4080242.66843333
4390,3846030.66066667
4391,4509007.40946667
4392,4139827.65123334
4393,4711316.46203333
4394,4143513.55816667
4395,4846698.57797778
4396,4186316.44139048
4397,3949868.2803
4398,4628850.75293334
4399,4457730.26793333
4400,4701123.24386667
4401,4146459.11826667
4402,4653887.59552857
4403,4642042.62363333
4404,4103751.59510952
4405,4024795.45063333
4406,3078684.60064444
4407,4648083.08996667
4408,3579682.05507619
4409,4298034.67333333
4410,3851294.00159048
4411,4780723.0125
4412,4015787.47403492
4413,3869607.52994762
4414,5053544.00643333
4415,4290119.80693333
4416,4926782.06886191
4417,4167686.50636667
4418,4514795.70323333
4419,5239085.64216666
4420,4306384.41553333
4421,3731208.96792381
4422,3477133.20326667
4423,4849255.34806666
4424,4451680.44113334
4425,4450526.2613
4426,4721254.15093334
4427,4146157.11804762
4428,3939185.58016667
4429,4506607.0939
4430,4885357.10293333
4431,4831068.21333333
4432,3532465.97023333
4433,4214935.7463
4434,2706495.42494286
4435,4436069.66696667
4436,3838468.2426
4437,4846561.55857619
4438,3975152.97623334
4439,4655162.64636667
4440,3107263.76362063
4441,4705063.7522
4442,4971574.8729
4443,3361330.498
4444,4584889.55573333
4445,4599751.06206667
4446,4155678.15835397
4447,3915976.29116667
4448,4992912.0827
4449,4023480.73556667
4450,3471365.69437143
4451,4900956.39305238
4452,4002653.63922858
4453,5362729.40971905
4454,4059020.44553333
4455,4012915.12537778
4456,4173080.6054
4457,4832559.52416667
4458,3840721.76090952
4459,4911144.248
4460,4405899.591
4461,3989969.89512857
4462,3690570.03476667
4463,4611539.72853333
4464,4410477.26223333
4465,4718764.22094444
4466,4306385.21833333
4467,3924826.86275714
4468,3262870.8744
4469,4244970.7433
4470,4906515.13716666
4471,4947520.02416667
4472,3900030.8092
4473,4695076.81737778
4474,4721596.875
4475,3744004.74639524
4476,4359074.20286667
4477,3596618.43673333
4478,3931945.60306667
4479,4512882.90822063
4480,4706796.3258
4481,4714206.165
4482,3929561.24013333
4483,3248903.78842064
4484,5085923.83596667
4485,4079646.49892857
4486,3859379.72150159
4487,4632515.28483334
4488,4056659.19260159
4489,2896445.67903334
4490,4281721.32032857
4491,4144437.29296667
4492,3552128.11786667
4493,4692997.31305238
4494,4955024.72666666
4495,4431662.82557778
4496,4648492.02146666
4497,4214668.91686667
4498,4433268.57926191
4499,3950335.51126667
4500,4065124.08763334
4501,5221643.38943333
4502,4798376.27393333
4503,4114401.2808
4504,4130857.79212857
4505,4301585.30965714
4506,4344358.55223333
4507,5289205.91653334
4508,4212546.30563333
4509,4326129.20265238
4510,4289563.72373333
4511,4698224.5746
4512,4115996.41833333
4513,5324965.23933334
4514,4359204.94556667
4515,4333262.08532857
4516,3143041.22824286
4517,4250434.27416667
4518,3017895.1799
4519,4681553.66683333
4520,4354821.60416667
4521,4461143.17996667
4522,4773354.47953333
4523,4219277.64136667
4524,4372299.54459524
4525,3868222.76170635
4526,4232640.26683333
4527,3953939.18447778
4528,4539318.18246667
4529,4188968.33933333
4530,4613190.56231111
4531,4743393.49826667
4532,4135084.06203333
4533,4434950.94356667
4534,3798023.61545397
4535,4191319.58093333
4536,6108858.51276666
4537,3534549.8069381
4538,3183655.72563333
4539,4308068.38302857
4540,4164013.24652857
4541,3822959.73724762
4542,4515213.115
4543,4720599.81116667
4544,4291437.3045
4545,4814742.9774
4546,4024702.30126667
4547,4247740.96113333
4548,4739441.77963333
4549,3723949.43582857
4550,4742986.57146667
4551,4332211.17993334
4552,4702923.25323334
4553,5215628.83663334
4554,3093482.34744444
4555,3699033.8413381
4556,4257084.34096667
4557,4516066.92762857
4558,4281949.75390477
4559,2899917.28193333
4560,4505728.95585714
4561,4939501.51723333
4562,3950128.00373333
4563,4800252.31116666
4564,3729829.70810952
4565,4696758.47417778
4566,3575621.99913333
4567,4854865.79333333
4568,4731326.24743333
4569,4612259.16746667
4570,4614513.2550619
4571,3637892.56026667
4572,3829538.2743
4573,4734808.81013333
4574,3465050.17254286
4575,3028702.14762064
4576,4227507.86513333
4577,4139654.76853334
4578,5250699.49910001
4579,4421395.7918
4580,4427728.8002
4581,4312981.15716667
4582,4636569.91626666
4583,4580882.28473333
4584,4004598.65971905
4585,4946578.38106667
4586,5466342.17186667
4587,4102831.60866191
4588,4762607.9794
4589,4044181.7136
4590,4381577.57667619
4591,3138057.88746349
4592,4264430.27863333
4593,4607911.88676666
4594,4340293.8051
4595,3904860.76030635
4596,4876621.9207
4597,4597351.293
4598,4799072.63571111
4599,4970833.952
4600,4567586.77433333
4601,5128609.9329
4602,4167228.70439683
4603,4754547.8394
4604,4895468.80133334
4605,3793675.4397381
4606,4450250.75303333
4607,4901761.15846667
4608,4736889.84753333
4609,4635764.78233333
4610,4150478.47573016
4611,4422618.9929
4612,4517975.40861905
4613,4435423.04946666
4614,4625481.49884762
4615,4134787.47857778
4616,4268347.53422381
4617,3555928.19303334
4618,3701173.43867143
4619,4887669.1919
4620,4984177.42236666
4621,4996717.69426667
4622,4424507.98306667
4623,4331444.65073334
4624,4098577.96832857
4625,4270925.41663333
4626,4849012.27346667
4627,4379402.16373333
4628,3618625.57076667
4629,4261900.44783333
4630,3250821.61506826
4631,4572873.86613333
4632,2968222.4204873
4633,4350266.36260476
4634,4265224.79786667
4635,3732964.36063016
4636,4788686.0655
4637,4731904.90946667
4638,5184244.4238
4639,4644246.2052
4640,5260249.8634
4641,4194329.10884444
4642,4817950.29499286
4643,4578118.13733333
4644,4263736.26091429
4645,4982704.35226667
4646,5022750.01153333
4647,3049639.69862381
4648,4942829.67496666
4649,5014132.64363333
4650,5285258.4342
4651,4409053.6562619
4652,3621551.01954444
4653,4719375.98076667
4654,4435007.56013333
4655,4171665.6177
4656,4584938.08544444
4657,4397206.1696
4658,5409507.09308571
4659,4803558.24563334
4660,4535681.1035619
4661,4202561.98273334
4662,5440721.29506667
4663,4110502.31641111
4664,4714499.41503333
4665,4322618.18023334
4666,4803836.48213333
4667,4078838.32894445
4668,4712095.87709999
4669,4573873.30856667
4670,4125567.6157
4671,4652975.12733333
4672,5132962.1192
4673,3924575.92703333
4674,3957907.63646667
4675,4675167.00546667
4676,4535595.88373333
4677,3970527.73898095
4678,4668187.92699524
4679,4532588.28773333
4680,4443100.29603333
4681,3616150.74280476
4682,4069549.06953333
4683,4100336.13586666
4684,4533079.27703333
4685,3201805.16432381
4686,4281665.95663334
4687,3715089.68309683
4688,3828696.6259619
4689,4640955.34054444
4690,4161380.07613968
4691,3527823.226
4692,3469496.50342857
4693,4461324.47106667
4694,3681672.80799048
4695,4113927.7514
4696,4677391.52483333
4697,4165207.77426667
4698,4595668.99983333
4699,4562443.14193333
4700,4258305.08850952
4701,4350851.60676666
4702,3915884.62575714
4703,4368468.01483333
4704,4506792.30476667
4705,4756724.59323333
4706,4377258.04013333
4707,3868604.98716667
4708,5249107.8301
4709,4330428.18699048
4710,4453032.62026667
4711,5086178.96336666
4712,4411973.07727301
4713,3600086.99015714
4714,4844762.58799524
4715,4379087.07923333
4716,3968932.44762857
4717,4762193.32756666
4718,2699947.42674762
4719,4824549.78836666
4720,4468140.06486667
4721,4627822.97486667
4722,3971352.18364445
4723,3314227.35706667
4724,4960654.17572857
4725,3818269.4283
4726,4351217.51798095
4727,4454868.8542
4728,3809933.75302381
4729,4029233.66913968
4730,4382972.2243
4731,3281900.32406667
4732,4037277.9306
4733,4238803.44627778
4734,4220561.13948571
4735,4450359.56616667
4736,5179062.641
4737,4940333.42436667
4738,4928646.03276667
4739,4678852.93996667
4740,4907103.23843333
4741,4125999.64588571
4742,3356892.33033334
4743,3590014.3369
4744,5324360.24416667
4745,4731787.42560952
4746,3891579.14426667
4747,3207000.1451381
4748,4129070.65446667
4749,3329566.12733333
4750,6386187.5579
4751,4644845.1991
4752,4998744.16743333
4753,4001787.41230953
4754,3586113.065
4755,4763431.41486667
4756,4568390.62388095
4757,4783544.27613333
4758,4828156.07001904
4759,4292287.44
4760,4031736.53045714
4761,4623058.8785
4762,3562919.41443333
4763,4411544.45536666
4764,3162188.46743333
4765,2926849.7827
4766,4740732.01766666
4767,4544893.54632857
4768,4878122.7503
4769,4687865.65195397
4770,4628212.5329
4771,4470904.5621
4772,3980356.30234286
4773,5405890.83116667
4774,3962987.32004762
4775,2996764.42560952
4776,4296505.69710952
4777,4208039.51323333
4778,3688574.7696
4779,4413670.84926667
4780,4053645.0391381
4781,4922784.56466667
4782,3840654.57931111
4783,4994628.7553
4784,3728482.5495
4785,4333375.5392
4786,4023155.70930952
4787,4823163.64085238
4788,2524006.74064762
4789,4329890.71589048
4790,4415935.3156
4791,4510950.21216667
4792,4954281.1644
4793,3751555.53954444
4794,4372233.97613334
4795,3876820.57441905
4796,3960803.41678095
4797,4900690.46736667
4798,4520259.08502857
4799,2919479.98293333
4800,4207421.73582381
4801,3971408.9114
4802,4994099.4172
4803,4305512.46924444
4804,4052250.86262063
4805,4044244.20003333
4806,4726790.63742857
4807,3466397.80636667
4808,4994514.02046667
4809,4502371.7068
4810,4823221.88002857
4811,5002032.9487
4812,4730019.13966667
4813,3647505.96957619
4814,4038772.68283334
4815,4465665.66186666
4816,4894566.32326667
4817,5096606.64406666
4818,4349392.4974
4819,4041149.7796
4820,4265373.89893334
4821,4825591.2803
4822,4665613.50046667
4823,4452140.98333333
4824,4184038.21623333
4825,4633277.81651905
4826,5050946.4344
4827,4165935.53926428
4828,4332219.74666667
4829,3855605.7796
4830,4750849.07126667
4831,4490872.28576667
4832,4955610.29693334
4833,4733416.2012
4834,4689791.9677
4835,3742310.76817143
4836,5107748.99253334
4837,2978428.95239524
4838,4212589.02333334
4839,4901457.8804
4840,4318713.55337143
4841,4036231.94963333
4842,5212425.57671904
4843,3994895.09673333
4844,4843379.77823333
4845,3783323.95710953
4846,4058565.79828572
4847,4562929.3159
4848,4580886.43196666
4849,5074682.37446667
4850,4799560.69291111
4851,4529768.79013333
4852,3598338.43924286
4853,5007602.37813333
4854,3975435.7914
4855,4729157.8995
4856,3428115.62322064
4857,4479871.70003334
4858,4071347.9444
4859,4786995.5847
4860,4448067.8464
4861,4789870.00862857
4862,4162505.87796667
4863,4904121.83982857
4864,4679038.001
4865,4634449.9711
4866,4371858.56876667
4867,4908945.03973334
4868,4610606.7584
4869,4530546.40505238
4870,3800838.08443334
4871,4371133.45851111
4872,4877131.21686666
4873,4536699.745
4874,3298097.95515714
4875,4318292.93552857
4876,4818598.65276667
4877,3621272.1054
4878,5443557.03846666
4879,4444204.5273
4880,2881981.1639
4881,3766476.01766667
4882,2930834.78777143
4883,4591508.32983333
4884,4127126.325
4885,4709862.58359524
4886,4787281.67466666
4887,4401955.37403333
4888,4180880.52006667
4889,3836436.41194762
4890,4620079.37736667
4891,5077731.10096666
4892,4529484.76431111
4893,5356928.60223333
4894,4150931.13413333
4895,4628621.13606667
4896,4407814.78586667
4897,4707231.7388
4898,2752691.30099048
4899,3628923.10193333
4900,4301971.84868571
4901,3389896.55226667
4902,4620331.08863333
4903,5673081.83783333
4904,4890022.56462857
4905,4291098.59476667
4906,4512331.59023333
4907,3541308.4782381
4908,4644808.84306667
4909,3438047.67540953
4910,3778342.09997778
4911,4190558.6322
4912,4227523.05676667
4913,5123969.60533333
4914,4594919.51573333
4915,4278374.21196667
4916,3490603.8801
4917,3138255.11946825
4918,5346607.1765
4919,4310387.56974445
4920,2529744.91408095
4921,4385222.02906667
4922,4469081.2948
4923,3573960.02302857
4924,4495634.74156667
4925,5044749.82326667
4926,4425842.7132
4927,3469493.44812381
4928,4773370.92593333
4929,4918770.73496666
4930,4139383.42913334
4931,4337932.13863334
4932,4915015.46259524
4933,4835078.2795
4934,4644051.15256667
4935,4153891.99864286
4936,5088391.06596667
4937,3954924.47093333
4938,4190739.14383333
4939,5243634.10146667
4940,4332683.23560952
4941,5113579.79676667
4942,4335783.74376666
4943,4570959.96573333
4944,5244838.48933333
4945,4335911.90636667
4946,4847106.9175619
4947,4488039.72406667
4948,5108772.8749
4949,5016602.2703
4950,4034596.1188
4951,5402665.02886191
4952,2974338.46593333
4953,3323210.28777143
4954,3944094.52903333
4955,4820294.77318572
4956,4561319.46333333
4957,4399984.1635
4958,4615332.59049047
4959,5171459.31586666
4960,3863984.14134762
4961,4132879.41062857
4962,3875072.00943333
4963,4597728.66413334
4964,5052092.47555238
4965,5278978.19586667
4966,4686577.3352
4967,4329237.6591619
4968,5197752.90963333
4969,3763083.13286667
4970,3297730.0078
4971,3474780.31035873
4972,5114129.44313333
4973,4265037.50616667
4974,4565937.24723333
4975,4699741.33433333
4976,4334486.84093334
4977,2978641.08570952
4978,4593689.53056667
4979,4317281.3232
4980,3714282.15165873
4981,4235374.32826667
4982,4282898.89966191
4983,4535044.08432381
4984,5190751.29373333
4985,5023165.57143333
4986,3752426.00353333
4987,3875605.7494
4988,4213389.7776
4989,4407148.72257778
4990,5432400.04563333
4991,4955596.65298571
4992,3746358.24987143
4993,3441374.67695397
4994,3636605.16876667
4995,5290777.3112
4996,5027871.9581
4997,4542330.0652
4998,3698540.89063333
4999,4764707.63959524
5000,3785881.23033333
5001,5070325.89772857
5002,4431469.14843333
5003,5014703.27353333
5004,5035386.78098571
5005,4179224.28444286
5006,4174272.87533333
5007,4253809.7519
5008,5189847.28451904
5009,5066261.61133333
5010,4612961.22783333
5011,4731955.19636667
5012,4047921.05617619
5013,3959398.44938095
5014,5124435.25386667
5015,5329561.79936667
5016,5081158.36571666
5017,4147887.63421428
5018,3641967.41882064
5019,4638937.9014619
5020,3967176.97100477
5021,3257325.91636667
5022,2826818.18446667
5023,3640173.79837778
5024,3805470.46653333
5025,4817577.02333968
5026,4879918.96133333
5027,6214124.90046667
5028,4416608.704
5029,3465269.7531
5030,4277570.40713333
5031,3768805.42456667
5032,4371564.90661429
5033,4482134.2367
5034,4349820.83776667
5035,5061211.04510476
5036,4169315.28766667
5037,4131499.62862381
5038,5032453.35101111
5039,3714226.80383334
5040,5557441.03363333
5041,4398594.3675
5042,2893190.1551
5043,5028179.7099
5044,3130044.93918254
5045,4314116.0325
5046,3954752.04139524
5047,4178661.18795714
5048,3706914.6808
5049,4686277.12583333
5050,4625356.30643334
5051,3259184.45926191
5052,4437103.25973334
5053,4992606.03733333
5054,5037015.06563334
5055,4420984.8556
5056,3847113.2049
5057,3946665.2868
5058,3522485.90612381
5059,5138349.3461
5060,3849058.35178095
5061,5118984.7341
5062,3822545.4342
5063,4062920.50423333
5064,4293865.2089
5065,3187759.54825714
5066,4306961.70666667
5067,3208654.93397619
5068,3909445.04786667
5069,5064185.27536667
5070,5603504.40223333
5071,5185640.0464
5072,4430243.23896667
5073,4702809.6669
5074,4928548.36753333
5075,5186002.3386
5076,4956590.11136667
5077,4648047.26973334
5078,4402272.3633
5079,4056901.11293333
5080,3038798.95630476
5081,4756535.98817778
5082,4280612.2028
5083,4602557.88087619
5084,4653814.845
5085,4684224.50789524
5086,5497424.61376666
5087,3303058.18032381
5088,4126419.92243333
5089,5333218.75161905
5090,4424706.7636
5091,2868029.16837619
5092,4406110.08765238
5093,4188698.16233334
5094,4555423.26608572
5095,4384476.72843333
5096,4861367.83913333
5097,4040367.31045714
5098,4481514.1725
5099,3951590.45802064
5100,4397579.1043
5101,4987686.46163333
5102,4203675.33654286
5103,3280401.92445714
5104,4194836.8432
5105,4141487.92263333
5106,4895914.03486667
5107,4907800.8152
5108,4627105.03256667
5109,4492503.30613333
5110,5615463.7797
5111,4359454.20993333
5112,4282508.16233333
5113,3687127.44873333
5114,4379740.69453333
5115,4057972.80430476
5116,5695123.48933333
5117,5323850.1836
5118,4920734.47023333
5119,5237295.87013333
5120,3466918.14616667
5121,4583974.89141111
5122,3762739.71016191
5123,3221831.32316667
5124,3883219.44166191
5125,4461504.47813333
5126,4831150.22979524
5127,4592490.6396619
5128,5564741.85266666
5129,3758685.79577778
5130,4915248.94825714
5131,5560752.11435238
5132,4424668.99856666
5133,3310166.86300952
5134,4670714.2801
5135,3617260.81017143
5136,4331112.7076
5137,3501438.54734444
5138,5157756.04403333
5139,4197679.99376667
5140,4797245.83923333
5141,3363411.75859524
5142,4910146.13149524
5143,4847987.29666667
5144,4943334.70796666
5145,2850201.39984921
5146,4153776.42407778
5147,4394505.99629048
5148,4803938.6883
5149,3909330.38669524
5150,3441524.41175873
5151,3870031.3813
5152,4429626.85063333
5153,4122170.34133334
5154,4598995.9222
5155,3117030.5983381
5156,2742950.25234286
5157,3990739.37539524
5158,4245841.94946667
5159,4175951.28703333
5160,4706472.69676666
5161,4414939.67406667
5162,4299466.18971905
5163,3715831.3544
5164,4401311.9536
5165,3810107.08267778
5166,4882585.52199524
5167,3644470.30996667
5168,5127877.64033333
5169,3451519.68463334
5170,4532825.58423333
5171,3817778.30013333
5172,3779934.69060476
5173,4506785.2743
5174,4130476.21555238
5175,3479635.69104762
5176,4440170.1863
5177,4282431.62106667
5178,5137202.47783333
5179,4978617.52613333
5180,5115661.81466667
5181,3679855.14193333
5182,3664345.70333334
5183,4893427.659
5184,4375580.84413334
5185,4227902.31183333
5186,4996741.72676667
5187,3770949.27721111
5188,4807259.2698
5189,4082425.29176667
5190,3854851.42473334
5191,3842509.46696667
5192,4410942.03175
5193,4824213.50866667
5194,4527163.5676
5195,4336459.3584
5196,4733799.617
5197,4840188.45646666
5198,3501377.3647
5199,4323340.84187619
5200,2712545.24114762
5201,5433883.5239
5202,5428527.0748
5203,4156952.26893333
5204,3852596.31076667
5205,3615634.77957143
5206,4141050.5496
5207,4119586.98361111
5208,4013438.56973334
5209,4308365.14784444
5210,3826948.84260476
5211,3235432.69462381
5212,4742095.43483333
5213,4289462.5662381
5214,4382270.36731111
5215,3790321.46143334
5216,4395716.89793333
5217,3700226.59673333
5218,4409096.51406667
5219,3981110.26943333
5220,4358184.20946667
5221,3333051.47226667
5222,3943555.88656667
5223,3556797.21873333
5224,3713845.93571111
5225,3961115.6158873
5226,2978641.08570952
5227,4528486.4783
5228,3838185.8699
5229,4122862.42238095
5230,4135765.79743334
5231,4006701.16153333
5232,5322422.9246
5233,4781464.99588095
5234,4060006.34926667
5235,4565828.89446667
5236,3706855.98826191
5237,3616705.78865714
5238,4781211.0541
5239,3017407.51535714
5240,4265496.11951428
5241,3350133.41603333
5242,4059128.6454
5243,4130813.691
5244,4372881.62056667
5245,4031068.7675
5246,3327710.93171429
5247,4654252.41543333
5248,3807016.29378096
5249,4691939.08363334
5250,4489592.6769
5251,4394576.06593333
5252,4329805.2597
5253,4665780.37263334
5254,4684287.47093333
5255,4324087.02717619
5256,4083351.98716667
5257,5040781.67273333
5258,4537567.51243333
5259,4360497.6186
5260,5224281.07453333
5261,3922381.53366667
5262,5050681.44073333
5263,4035526.01253333
5264,4892705.52391111
5265,5054641.26503333
5266,3897014.64163334
5267,3893855.8871
5268,4511259.68339524
5269,3986679.2799
5270,4233712.18843333
5271,4800323.93476667
5272,2610806.16038095
5273,5053693.28606667
5274,4912893.20433333
5275,4784577.9265
5276,5109114.72622857
5277,4277440.99804444
5278,4010840.5688
5279,4254262.25536667
5280,4784666.3061
5281,4246230.61433333
5282,4126071.265
5283,3602098.51146667
5284,3641435.2127381
5285,4045978.79046667
5286,4358770.89186667
5287,4555250.9613254
5288,3970019.13072857
5289,4578067.50981111
5290,3031267.57537143
5291,4111463.38753333
5292,4031849.8134
5293,4739537.30233334
5294,5128385.51425238
5295,4305642.97993333
5296,3945200.78066667
5297,4524496.27103333
5298,3967965.27793333
5299,4049518.24452857
5300,4906281.4029
5301,4844620.3484
5302,5033723.49786666
5303,5048628.45743334
5304,4087778.0351
5305,4791239.30076667
5306,3197230.2009
5307,4056207.13973333
5308,4331990.14
5309,5158532.62643334
5310,4522619.24471428
5311,4420127.96573333
5312,4386814.05263333
5313,5038804.8353619
5314,3497006.18286667
5315,4194209.74994444
5316,4737017.19392857
5317,3177761.00847619
5318,5159135.88973333
5319,3618463.61023333
5320,3178334.58833333
5321,4595639.95140476
5322,3864983.10445397
5323,3115340.31350476
5324,4112007.03653333
5325,3233286.90307778
5326,4077707.57343334
5327,3992401.9221
5328,3853747.10826667
5329,4215978.0870619
5330,5320450.10916666
5331,4677285.3755
5332,4085464.58533334
5333,4767457.74575238
5334,5118479.8339
5335,5453079.22695238
5336,4533842.00107619
5337,3983407.84923334
5338,4875565.56686667
5339,5297377.01636667
5340,4562398.24913333
5341,4495828.79322857
5342,3658735.42164286
5343,5340127.60271429
5344,4882224.5008
5345,5101435.10923333
5346,4389580.982
5347,4308636.59253333
5348,4002501.00477778
5349,3893222.79518254
5350,4343455.8498
5351,3591339.54152381
5352,4238704.13406667
5353,2832792.29506667
5354,3500829.70483334
5355,3948590.65188572
5356,4802270.59653333
5357,5364620.1871
5358,4624502.72766667
5359,4913748.42516666
5360,4652670.48743333
5361,4448937.30823334
5362,4527933.07479524
5363,3715174.97244445
5364,3588990.189
5365,4431954.44496666
5366,5654159.3275
5367,5248833.5439
5368,4075719.895
5369,4681082.57934445
5370,4907106.76245714
5371,5127566.13126666
5372,4357851.8874
5373,4317657.32796667
5374,5444079.77943333
5375,4366991.51638571
5376,4132518.13980635
5377,3448910.48154286
5378,4383530.16696667
5379,4595320.5616
5380,3945971.59259524
5381,4861607.15266666
5382,5302922.1159
5383,4513308.7135
5384,4357294.36961111
5385,4318820.52651429
5386,5343170.37736667
5387,4488093.33606667
5388,4356358.65826667
5389,4135158.27341429
5390,4541105.86304762
5391,4907994.32023333
5392,4558763.17723334
5393,4008550.6186
5394,4112497.40581587
5395,4382047.7908
5396,4596693.32146666
5397,3250480.39864762
5398,5249150.14926666
5399,3543353.16046667
5400,3477993.4000619
5401,4453511.20776667
5402,4634420.94666667
5403,3900535.66429524
5404,4385132.66369524
5405,3470729.96240476
5406,4466450.8443
5407,4771649.72523333
5408,4384399.86483333
5409,3481643.14786191
5410,3859104.98562064
5411,4231984.40397143
5412,3544560.6312
5413,2363274.36398571
5414,4806010.3496
5415,5953990.6391
5416,4770149.10248571
5417,3853956.36100476
5418,3715377.78226667
5419,3806623.73380953
5420,4470191.99661429
5421,4485542.67256667
5422,4765938.0626
5423,3830334.84123333
5424,4833124.58413333
5425,4103184.31036667
5426,4317135.70216667
5427,4296640.68456666
5428,4735023.15116667
5429,4177053.8958
5430,3731569.58248571
5431,4246151.9657
5432,4435589.89076667
5433,4191444.00129524
5434,4586975.70383333
5435,4405329.9378
5436,4530177.67416191
5437,4760368.91236666
5438,3944428.66006667
5439,5205717.6988
5440,4154588.8562619
5441,4540866.21076667
5442,4379070.56143333
5443,4289843.33313333
5444,4627345.46146667
5445,4800526.00163333
5446,4221457.16493333
5447,3545251.29938095
5448,4207777.74963334
5449,4818026.62496666
5450,4778992.13736667
5451,4353282.7711
5452,4444720.59443334
5453,4620892.08776667
5454,3389764.18524762
5455,2626332.51103333
5456,4818401.84476667
5457,3762499.33322064
5458,5185294.8244
5459,3583285.22076667
5460,4666068.15946667
5461,4742691.21356666
5462,3055383.24166667
5463,4552564.08369048
5464,4604540.49756666
5465,3366904.41646667
5466,4097165.99103334
5467,4202359.88136191
5468,4829918.72633333
5469,4943447.0337
5470,4431059.77096667
5471,4063690.32783333
5472,4530627.58516666
5473,4233073.53166667
5474,4404075.42855714
5475,4321243.38402381
5476,3954081.32105714
5477,5116614.44826667
5478,4463174.21106667
5479,3852083.08216667
5480,4007006.91476667
5481,4695201.77323333
5482,4991842.03803333
5483,4650637.19407619
5484,4108723.00041111
5485,4946358.10414444
5486,4384033.5562
5487,4143987.94426191
5488,4847713.10333333
5489,4670424.20772857
5490,5269313.0701
5491,4638584.43066667
5492,4517123.95556667
5493,4380527.69086667
5494,4546567.33006667
5495,4523800.19318095
5496,4542614.02833333
5497,4293248.80833333
5498,5156128.14029524
5499,5017537.84622857
5500,4911070.90053333
5501,4527005.13036667
5502,3998191.78168254
5503,3835108.67732063
5504,4830703.9891
5505,3754858.4691
5506,4137541.82212857
5507,4185540.65902857
5508,4562552.39861905
5509,4713295.06551111
5510,4869069.5466
5511,4396519.33976191
5512,4348773.402
5513,3860674.78634762
5514,3214647.23505714
5515,4684749.50679524
5516,5049960.85663333
5517,3386577.15993333
5518,4367113.6463
5519,3590323.34580476
5520,4965521.48043333
5521,4867846.9601
5522,5316602.8944
5523,3249711.34961111
5524,4598134.11292857
5525,4344055.03956667
5526,4766048.97353333
5527,4937474.35902857
5528,5372315.13311905
5529,3792403.50299524
5530,4652296.38903333
5531,4212788.34936667
5532,4112436.74783333
5533,4738541.12003333
5534,4261452.43773333
5535,3865684.11036667
5536,3930986.2562
5537,4092439.57087143
5538,4752269.49237778
5539,4023182.4589381
5540,3841718.0823
5541,5371628.9673
5542,4619309.8864
5543,3293722.21390476
5544,5733608.6649
5545,4624993.58416667
5546,3814288.52668095
5547,4079984.17311111
5548,4991314.33646666
5549,4600660.23639524
5550,4207105.06393333
5551,3704219.35701111
5552,4420624.9315
5553,3772179.72176667
5554,4501298.69231111
5555,4984775.43603333
5556,3999800.78220635
5557,4585589.76133333
5558,3886069.566
5559,4773052.3412
5560,4372766.9646619
5561,4783273.67303333
5562,3829304.76125238
5563,4662975.5508
5564,4795580.67596666
5565,4319896.66847778
5566,4103992.90351111
5567,4320840.92456667
5568,3948056.43413333
5569,5091745.53843334
5570,4462128.7121
5571,4538039.7158
5572,4503698.98936667
5573,4221788.33836667
5574,4076562.7051
5575,5486545.2249
5576,4663144.4665
5577,2765148.43619524
5578,4062636.1762754
5579,4717400.34546667
5580,4385146.77852857
5581,3973985.4157
5582,4621210.62909524
5583,3415552.96280952
5584,4146303.60035873
5585,3852812.10933333
5586,4557689.71185238
5587,4067410.1856
5588,4989421.04632857
5589,3946356.05993333
5590,3950142.57028096
5591,3593473.00076667
5592,4441744.22492857
5593,4440487.28285238
5594,4483014.81306667
5595,4013835.06063333
5596,4247499.62823333
5597,4224965.99596191
5598,3849001.03044445
5599,4161174.15099524
5600,4748819.01796667
5601,3311008.90344445
5602,4903936.68592857
5603,5343100.20146666
5604,4770367.578
5605,4375169.6932
5606,4076508.48786191
5607,4860222.69386666
5608,3803948.71257778
5609,4110411.69786667
5610,4732236.07626667
5611,2576873.3084873
5612,4179275.04409524
5613,3652523.86007619
5614,4761664.9037
5615,3958851.30853334
5616,4489678.65365238
5617,5138489.46553333
5618,3277335.44323333
5619,4551819.6774
5620,3219437.38033333
5621,4412035.7836
5622,4618454.43536667
5623,3041050.6831
5624,4322159.78956667
5625,3903926.16880476
5626,3773491.09486667
5627,3727462.51363333
5628,4478629.1266
5629,4552968.4483
5630,3912385.67780953
5631,2799685.3061
5632,4776901.42553333
5633,4251545.63822857
5634,4797460.00026667
5635,3957072.91662063
5636,3603253.48347143
5637,4700464.76257778
5638,3706914.6808
5639,3216703.21687619
5640,4263927.6821
5641,3472261.79770159
5642,4729977.0622
5643,3759746.44426667
5644,3546152.50443968
5645,4879984.64233333
5646,5072100.24381905
5647,3849784.69630952
5648,4078451.43723333
5649,3636365.63191429
5650,4493225.49256667
5651,4313714.59316667
5652,4034569.6276
5653,3885792.8875381
5654,4543144.18109524
5655,3907340.94110635
5656,5511895.42823333
5657,3680320.24851429
5658,5492025.33593334
5659,4139875.1533873
5660,3652777.04598571
5661,4852698.27036666
5662,5031223.66193333
5663,4815739.975
5664,4496831.81353333
5665,3817306.7151
5666,3165394.8459
5667,5112292.3601
5668,4595855.7757
5669,5189441.99966667
5670,4451177.51747778
5671,3948263.33330476
5672,3712727.0534
5673,3371461.92143333
5674,5226629.39586667
5675,4328662.03833333
5676,3746657.60703968
5677,4300336.75763333
5678,3667765.32852857
5679,4456913.84773333
5680,4730536.46932857
5681,4457135.33503333
5682,4149571.75266667
5683,4718194.7686
5684,5071301.1141
5685,3910005.82663334
5686,3828997.4799
5687,4465412.51676667
5688,4551673.89911905
5689,4927034.53736666
5690,4254495.93313333
5691,4215012.58932381
5692,4263085.6988
5693,4487689.97188095
5694,4234232.16568572
5695,4225934.22315714
5696,4316682.92886667
5697,4300768.05573333
5698,4483570.8428
5699,4479665.14132857
5700,4559070.3597
5701,3950159.85286667
5702,4714122.36383333
5703,4541237.38722381
5704,4571282.72693334
5705,3730458.03591429
5706,3772304.45143333
5707,4335279.75231905
5708,4012862.4116
5709,4864564.27606667
5710,4939421.56976666
5711,4175078.2292
5712,4423057.68898571
5713,4561557.04186667
5714,3911596.48170952
5715,4717862.09923333
5716,4097076.5712
5717,3880089.37553333
5718,4154247.90642381
5719,3962040.38583334
5720,4698645.6935
5721,3168215.24485397
5722,4782061.86363333
5723,3920081.66896667
5724,3892238.37572381
5725,4280050.68153333
5726,4388091.63594445
5727,3597320.14543333
5728,4523741.84073334
5729,4492945.86853333
5730,4296342.0793
5731,4517753.6145
5732,4727319.0213619
5733,4731491.06686667
5734,4030265.8712
5735,4089714.06145238
5736,4687840.51262857
5737,3715452.13533333
5738,3099108.65736667
5739,3704219.35701111
5740,3364258.9535
5741,4426846.72704921
5742,4413384.56327143
5743,3727997.18729524
5744,4036278.51076667
5745,4207255.06915714
5746,3746488.52076667
5747,5166711.65463333
5748,4336416.83376667
5749,3893271.09163334
5750,4596625.2023
5751,4958999.02903333
5752,4645094.08396667
5753,4459872.36673334
5754,3687311.69976349
5755,4943414.63253334
5756,3762806.30853333
5757,4783296.78663333
5758,3082697.81824286
5759,4663985.7167
5760,3940858.4093
5761,4231012.97363333
5762,4618406.87153333
5763,4429322.44576667
5764,5730057.26893333
5765,4178629.75597778
5766,4318580.63683333
5767,4206581.90416667
5768,5094214.21656667
5769,4915311.88549999
5770,4206086.18554445
5771,3610700.91903333
5772,4878612.68076666
5773,5103723.89756667
5774,4028614.58773334
5775,4579750.45147619
5776,3409028.2561
5777,4647443.79866667
5778,3263693.74697619
5779,3335293.04206667
5780,3513001.17423333
5781,3628923.10193333
5782,4179892.35696667
5783,3797035.12259048
5784,4313154.60963333
5785,3358697.0595873
5786,4129970.41909048
5787,4207015.20246666
5788,4306630.98256667
5789,3670222.71386191
5790,4086521.73453333
5791,4070723.6616
5792,4220286.83342381
5793,4403140.28107619
5794,4312455.47893334
5795,5181511.82066666
5796,4298329.26223333
5797,4368509.43123333
5798,4356308.1682
5799,3955340.88401111
5800,3719262.7097
5801,2892829.82255397
5802,3880317.82502857
5803,4781262.74166666
5804,3791163.86193333
5805,5271882.61753333
5806,4496054.80893333
5807,4889890.76782857
5808,3587833.05294445
5809,3287652.92127778
5810,4668698.93183333
5811,4615818.63053333
5812,4245043.69782857
5813,3912224.32532381
5814,4661706.00356667
5815,3468833.8969873
5816,4819360.80626666
5817,4534382.34576667
5818,4987780.7433
5819,4340434.6117
5820,3765115.44376667
5821,4418251.71066666
5822,4439722.61936667
5823,3982739.76247778
5824,4537691.85496667
5825,4965952.01859048
5826,4788060.4752
5827,4437336.48907619
5828,3726559.89306667
5829,4583675.79023334
5830,5002532.79843334
5831,4816812.34406666
5832,4124096.01413334
5833,4144315.85536667
5834,4083456.3651
5835,4763548.79083333
5836,4190297.0322
5837,4516066.92762857
5838,5436160.44566667
5839,4317392.41866667
5840,4146556.92485
5841,4587000.4267
5842,4505716.0983
5843,4995367.12693333
5844,4346986.9397
5845,4139827.65123334
5846,4481389.01743333
5847,4539794.6878
5848,4484855.52302857
5849,4373802.61001905
5850,4547175.2799
5851,4181300.10666667
5852,4182058.1484
5853,4758334.99806667
5854,4023858.06707778
5855,3719719.66178572
5856,4750614.0019
5857,4576056.5128
5858,4087046.20074286
5859,4602757.2497
5860,4536731.57823333
5861,5480599.5802
5862,4886757.40666666
5863,3980561.60213334
5864,4628002.04376667
5865,5463052.74983334
5866,3980208.16643492
5867,3542521.35374286
5868,3864360.69736667
5869,4854135.25624286
5870,4474431.16564921
5871,4256081.83166667
5872,5373750.20625238
5873,3421032.80100953
5874,4314654.49956667
5875,3777749.3610381
5876,4546618.61247619
5877,4548320.8525
5878,5096738.76627619
5879,5101056.9985
5880,4597575.21199524
5881,5256192.3038
5882,4221751.29316667
5883,5154009.09053333
5884,4463962.98770952
5885,4404392.99977778
5886,5107640.093
5887,4496506.06252857
5888,4228716.3525
5889,4333771.59146667
5890,4766493.16296667
5891,3208472.2862
5892,4990747.9612
5893,4586999.56791667
5894,4617979.44833333
5895,4628296.4838
5896,4010571.27383333
5897,4642841.82636667
5898,4337808.7154
5899,4372765.47786667
5900,4082193.4555
5901,4055505.15823968
5902,3604790.42142381
5903,4556123.4492
5904,4061480.4008
5905,3932113.76933333
5906,4433381.74235714
5907,3941557.81136191
5908,4525357.31846667
5909,4538745.62013333
5910,3680489.77793333
5911,4476213.97293334
5912,3731002.53363334
5913,4250807.3248
5914,4865311.3721
5915,4673910.84346667
5916,3817291.73992381
5917,4088690.11156667
5918,5183002.16486666
5919,5187201.27596667
5920,4830318.81773333
5921,3794292.6895
5922,5229441.16568572
5923,4101625.50570953
5924,4484686.39206667
5925,4732712.7443619
5926,3991344.06356667
5927,4498849.78176667
5928,4335645.8483
5929,4662474.45647778
5930,4821571.40946667
5931,4400864.02649524
5932,3273941.02691587
5933,4758483.44986666
5934,3189825.41964286
5935,4709066.48876667
5936,3660754.89603333
5937,4999695.51103333
5938,4838491.2109
5939,4189458.5399
5940,3801781.70716667
5941,4611543.5648
5942,3308271.8688
5943,5135415.84693333
5944,5272900.18156667
5945,4482437.23406667
5946,4527045.772
5947,4519973.45443333
5948,4634773.93636667
5949,4633479.61283333
5950,3795588.4037
5951,4614100.81556667
5952,4394697.68906667
5953,3995649.20886667
5954,4122338.0834
5955,4256710.31897619
5956,4205558.77266667
5957,4155338.001
5958,5307829.56255238
5959,4443976.6997
5960,4445162.94766667
5961,4370940.05463333
5962,4376796.36923333
5963,4043213.28951429
5964,5115410.4994
5965,3814057.84297778
5966,4432875.72243333
5967,4720165.4424
5968,4221101.4834
5969,4906643.23306667
5970,4686929.56783334
5971,4944110.33076667
5972,4358773.43692857
5973,4145278.36143333
5974,5079854.68823334
5975,3957416.79003333
5976,4927570.54645238
5977,5273165.0638
5978,3865210.59706667
5979,4678939.82393333
5980,4470881.5888
5981,3411408.38920953
5982,4532619.71664762
5983,4747639.19236667
5984,4650451.5797
5985,4323876.44343333
5986,2746815.67809206
5987,4562699.19486666
5988,3331687.20853333
5989,3377225.28537143
5990,4898126.89713333
5991,4179670.14126191
5992,4242776.5472619
5993,4221257.89803333
5994,4154882.04949524
5995,4657227.99291112
5996,4392033.8203
5997,3794265.51994286
5998,4631247.67323333
5999,4370717.59327619
6000,4994893.8265
6001,3696460.08042381
6002,4442199.0018
6003,4296134.43186667
6004,4976705.30066667
6005,4669727.32046666
6006,3960114.35
6007,4132818.6578
6008,4496374.64283333
6009,3849258.61206667
6010,4979891.77506667
6011,4393790.06584762
6012,4012592.50843334
6013,5035665.27157619
6014,3488421.54676349
6015,4509869.61663333
6016,4571578.51063333
6017,4197797.8963
6018,4773669.4282
6019,5182030.5157
6020,4285076.02482381
6021,4485652.754
6022,4809137.16303333
6023,3631169.25667778
6024,4473941.74848572
6025,5088197.6965
6026,4823149.10456666
6027,3401015.79863334
6028,4173306.7856
6029,4969823.89493334
6030,4388920.4113
6031,4673515.77176667
6032,2892715.5892
6033,3621539.72777778
6034,4682149.58760476
6035,4516461.45424445
6036,4045369.25016667
6037,3922781.5034
6038,3028882.18093333
6039,4431739.93456667
6040,4768251.9442
6041,3744833.75687778
6042,4755621.14326667
6043,5270303.71098571
6044,4208085.88144444
6045,3795538.31229048
6046,3445856.62887143
6047,4469517.95754445
6048,4537492.4462
6049,4343543.18256667
6050,4478290.1432
6051,4499111.33646667
6052,3217330.60467619
6053,3776918.26711905
6054,4370152.30783333
6055,4675513.11746667
6056,5222095.82106667
6057,4484446.23753333
6058,3875635.96521429
6059,4057444.73146667
6060,4387627.4404
6061,4978909.25168571
6062,3290908.90914444
6063,3752571.17289048
6064,4678593.35813333
6065,4915022.47696667
6066,4831181.93975714
6067,3894062.10656667
6068,4556780.6121
6069,4460417.25596667
6070,4650285.49456667
6071,3947713.8458381
6072,3798172.43843333
6073,3745999.3474
6074,4550667.13746667
6075,4527314.02706667
6076,3996697.60640952
6077,4185827.0505
6078,4478391.46736667
6079,4300939.44143492
6080,4744049.71409524
6081,3515805.1781381
6082,5006822.5267
6083,4659074.96996667
6084,4682892.31933334
6085,4432583.5573
6086,5352390.1772
6087,5022402.93961667
6088,3952410.60376667
6089,4053292.64553333
6090,4919361.67838095
6091,4341686.91381111
6092,4566270.62649524
6093,3423881.82817143
6094,5065325.66202381
6095,4144901.0172
6096,3590456.13691429
6097,4887250.82613333
6098,3813388.69566667
6099,3912979.42863334
6100,4999860.9489
6101,4099341.0177
6102,4062676.87280952
6103,4028004.41612857
6104,4120485.77443333
6105,4574316.46933333
6106,4187200.8654
6107,3791059.40456667
6108,4123659.2766
6109,4980055.18183333
6110,4106924.43997619
6111,4023372.52956667
6112,4611233.20129048
6113,3862325.60446667
6114,3768065.59252381
6115,4181070.1816
6116,2736561.50643492
6117,4292597.1374
6118,4030130.82096667
6119,5055085.9785
6120,4814574.09153334
6121,4711176.34443334
6122,3947705.41987619
6123,5029845.45276666
6124,3849614.90827619
6125,3958182.52132857
6126,4229819.62560635
6127,4065883.37556667
6128,4820551.91043333
6129,4136104.9923
6130,4438095.55992381
6131,3776846.72637143
6132,4205369.8942
6133,5049720.75786667
6134,3983293.3987
6135,3860975.82768572
6136,4106110.74348333
6137,2530236.51345397
6138,4272365.53252778
6139,3853095.93306667
6140,4086181.2574
6141,4530578.8811
6142,4762591.61176667
6143,4382452.4797
6144,4515275.2738
6145,3340630.75824286
6146,4059142.75796667
6147,4892998.6395
6148,4595545.0236
6149,4112627.15436667
6150,4297449.21566667
6151,4195987.20816667
6152,4493396.13437619
6153,3377926.44568095
6154,4464255.37396667
6155,3729211.50147301
6156,3844179.43813333
6157,4216797.55126667
6158,4412001.03383333
6159,4162662.35192381
6160,4525940.46293333
6161,5386973.7911
6162,4540750.46653333
6163,4704225.5113619
6164,4593300.6906
6165,4902791.61372857
6166,3522092.88999047
6167,4491545.82973016
6168,4551090.7059
6169,3998456.15903333
6170,5555392.0567
6171,4676285.49676667
6172,5550854.07
6173,4461435.88233333
6174,5094106.53486667
6175,3767481.37574762
6176,3759830.6566
6177,4266180.68003333
6178,2484117.93817619
6179,2440346.55334286
6180,4843260.15953333
6181,4987625.37906666
6182,4087230.36456667
6183,4126099.31986667
6184,4520889.52086667
6185,4178987.48896667
6186,4300797.40855
6187,4366524.36974444
6188,4230897.59826667
6189,4059755.56547302
6190,3964745.68046667
6191,4472097.6442
6192,3123824.85895397
6193,4244428.9216
6194,4540904.01075714
6195,3762102.0217
6196,3679934.96143333
6197,3721540.63396667
6198,3747491.3308
6199,4540408.82913333
6200,4586883.68583333
6201,5007491.0859
6202,3812312.73574762
6203,4745802.98136667
6204,3436011.37796667
6205,3907980.69536667
6206,3698591.42396667
6207,3758318.68796667
6208,4824290.67786666
6209,3682789.39617143
6210,4654301.60166667
6211,5286802.11993333
6212,4816278.8461
6213,4844623.46786666
6214,4987747.79673333
6215,2559550.28424286
6216,4238066.30606667
6217,4777343.96494444
6218,5137929.31683333
6219,4471583.3842
6220,4167757.76003333
6221,4688477.77633809
6222,4958946.82363333
6223,4148435.37787301
6224,4492026.15493333
6225,4246215.38646667
6226,5173635.90542857
6227,4166219.3764619
6228,4525884.22586667
6229,4300593.35714285
6230,4494038.8736
6231,4595050.8511
6232,4995232.03796667
6233,4209004.56235238
6234,4278742.03773333
6235,5019750.43231905
6236,3975863.0935
6237,4051464.98016667
6238,4791361.8685
6239,4282237.87529048
6240,3648749.52507619
6241,4221295.45536667
6242,4245309.62322857
6243,3951616.62036667
6244,4697981.49776667
6245,4286128.7346
6246,4357007.0412
6247,4615300.49553333
6248,4492242.7319
6249,2308107.96020952
6250,4533685.44736667
6251,3843418.42087778
6252,4166995.46886667
6253,4738482.08966667
6254,4872898.17912857
6255,4882691.82858571
6256,3701455.31991429
6257,4253232.9529
6258,3494709.29503333
6259,4848896.83883333
6260,4115142.45243333
6261,3912322.0578
6262,3977492.5997
6263,4410184.58130952
6264,4042559.18066667
6265,4159072.95965238
6266,4013916.96753333
6267,4775040.01113333
6268,4432957.32713333
6269,3922519.397
6270,5193295.35966667
6271,3056391.38502064
6272,4220034.24184444
6273,4347036.2439
6274,4335882.53933333
6275,4502598.8346
6276,3984380.69623334
6277,4407757.44783334
6278,3561540.6408
6279,4849505.4099
6280,4734244.09843333
6281,4507972.19793333
6282,4341357.63227778
6283,3733744.454
6284,4371658.5364
6285,4392835.5517
6286,4657975.4229
6287,4649213.90783333
6288,4654879.49673333
6289,5473481.84338571
6290,3320379.15194286
6291,4006566.19703333
6292,4760758.23366667
6293,5569546.89006667
6294,4319288.44166667
6295,4076516.2268
6296,4102089.48426667
6297,4299034.55304444
6298,3876722.52634762
6299,4019829.1459
6300,4332553.18629524
6301,3662499.42196667
6302,4389361.48193333
6303,4166720.16110476
6304,4521608.06767619
6305,3978828.8175
6306,4207413.24636666
6307,3729971.96913016
6308,4551509.11423333
6309,4503361.50686666
6310,3608237.38183333
6311,4146608.42034762
6312,3378303.79741111
6313,4508376.7806
6314,4181295.49921429
6315,3991270.27489206
6316,4322758.45273334
6317,4477807.4849
6318,5056063.56816667
6319,3225556.52475397
6320,4493727.08306667
6321,3895815.94416667
6322,4601513.45974444
6323,4683533.81123333
6324,4392769.8263
6325,3508752.1813
6326,3666771.19314445
6327,4504630.17136666
6328,4866996.89406667
6329,4928025.4929
6330,4050547.72002857
6331,4692378.70623333
6332,4363138.65386667
6333,3547760.75172857
6334,3941252.13173333
6335,4444583.04876667
6336,3392609.8007
6337,4767880.851
6338,4472158.56936667
6339,4233286.51662857
6340,4419958.07419524
6341,3838525.67276191
6342,4376256.32856667
6343,4271158.60053333
6344,4899459.20783333
6345,4034492.94000953
6346,4757656.36786667
6347,3914853.61486191
6348,4968489.31743333
6349,3744825.04863334
6350,4762554.26393333
6351,4538172.0974
6352,4956346.74763333
6353,4571839.51413333
6354,5631033.46433333
6355,4765918.75234762
6356,4564835.54496667
6357,4847819.09215238
6358,4643430.647
6359,4400397.27196667
6360,4040377.93096667
6361,3761767.02355873
6362,4229403.3842
6363,3762048.97991429
6364,4526545.54833334
6365,3349373.66293333
6366,4394912.60766667
6367,4465721.77519047
6368,4389831.5328
6369,4034624.9795
6370,4975123.6989
6371,4718236.05736666
6372,4131617.05236667
6373,5200828.28473333
6374,4351843.95182381
6375,4162224.93623333
6376,3693228.58163333
6377,3978783.67041587
6378,4918505.51315238
6379,4098118.1867
6380,2868895.63784286
6381,4156559.3518
6382,3243110.16926667
6383,4733751.51406667
6384,4339494.87529524
6385,4437033.88
6386,4803836.48213333
6387,4067920.57026667
6388,4343395.4881
6389,4678696.02389524
6390,2992674.05270952
6391,4524203.38730952
6392,4794446.9169
6393,5102724.28013333
6394,4227790.17450476
6395,4238774.95379524
6396,4054190.44353333
6397,4617548.1821
6398,3632671.03071905
6399,4918647.58113333
6400,4549873.67846667
6401,5308817.3455
6402,4048539.19993334
6403,4463250.19163016
6404,3320284.62530476
6405,4253351.3735
6406,4327676.36649524
6407,4177798.52383333
6408,4458313.12092857
6409,4083095.58535715
6410,4548333.7087
6411,4207170.14713333
6412,4854169.71436666
6413,5094218.89173333
6414,5023811.76993333
6415,4576214.55336667
6416,4383743.85526667
6417,4100840.73545238
6418,4694649.01363333
6419,4615996.16853333
6420,4656013.05386667
6421,3361760.42156667
6422,4124994.0681
6423,4989882.53906666
6424,4474444.61043333
6425,4444655.29083334
6426,4482610.61104286
6427,4124861.57476667
6428,4141685.30568572
6429,4641908.48006667
6430,4350662.42557619
6431,4541851.5354
6432,3653284.6464
6433,4077303.5636
6434,3843740.00287619
6435,4667177.5332
6436,4268376.83113333
6437,3903431.27553333
6438,4206180.72154286
6439,4383468.59819524
6440,4950479.9407
6441,5132940.07753333
6442,3881805.29699048
6443,3918621.5957
6444,3921827.04014444
6445,4936098.99613333
6446,4517825.03386667
6447,4962531.42459524
6448,4176076.1876
6449,3924851.35264762
6450,4582322.49133333
6451,3360352.60567778
6452,4663370.55873333
6453,5239635.7113
6454,4830496.70043333
6455,4559902.97329524
6456,3952214.4987
6457,3863850.86777778
6458,4081704.43400476
6459,4199360.50646667
6460,5027288.57551905
6461,4761466.98694921
6462,4732903.08947778
6463,4561698.06583334
6464,3977834.2000381
6465,4519810.87942857
6466,3720143.92539524
6467,4724684.10393333
6468,4969035.58736667
6469,4985503.0887
6470,4644278.34376667
6471,4056063.76109524
6472,4732316.56916667
6473,4620523.98423333
6474,4266077.37469206
6475,4513688.0812
6476,2612916.1961
6477,4478756.86098572
6478,3957026.4505
6479,5040254.8921
6480,4456298.18076666
6481,4457650.19976667
6482,4245813.13831111
6483,5103701.25364762
6484,4111024.99510476
6485,4740773.0765
6486,4399639.29301111
6487,4324498.2724
6488,3842661.81127619
6489,4629668.03636667
6490,4896292.10961428
6491,4184290.77043334
6492,4278941.07586667
6493,4686648.60626666
6494,4290403.34419048
6495,4130670.23556667
6496,4995441.43623333
6497,4059416.3692
6498,5119976.7739
6499,4234593.61853333
6500,4476582.81856667
6501,4699209.91496667
6502,4027061.3852
6503,4558203.8168
6504,3914311.74314286
6505,3965731.49377778
6506,3941585.47106666
6507,3623380.68966667
6508,4151710.10762381
6509,4109666.77963333
6510,3500102.73823334
6511,4094046.31826667
6512,4273414.11893333
6513,4091091.99596667
6514,4613462.23373334
6515,4190767.20622857
6516,4163730.03894445
6517,4821729.8931
6518,3977069.03141111
6519,4762009.8445
6520,4159973.72733334
6521,4778750.01193333
6522,4338337.08923333
6523,4504240.20940952
6524,4504914.69651905
6525,3953820.5663
6526,4510997.04534286
6527,3746678.68933333
6528,4024221.6127
6529,5124294.2136
6530,4543003.44841905
6531,5098302.47546667
6532,5166421.86603334
6533,3729057.89776667
6534,5122654.20464444
6535,4259163.61153334
6536,4975755.6621
6537,5689890.8091
6538,5410999.26673333
6539,4786064.50816667
6540,4812124.1994
6541,5100952.53786667
6542,4414747.4965
6543,3889053.69337619
6544,4154324.75773334
6545,4441893.43107778
6546,4757772.44583333
6547,4214959.69636191
6548,4634355.14096666
6549,3451268.1037619
6550,4912776.3788
6551,4224621.22833333
6552,4037494.9781
6553,3532476.5745619
6554,3420636.97021111
6555,4857915.54153333
6556,4029167.55793333
6557,5120861.73076667
6558,4149208.25136667
6559,4810494.61573333
6560,3828824.02100953
6561,3683498.67861429
6562,4536054.70993333
6563,4355868.48826667
6564,4188712.1326
6565,4595865.69477778
6566,4658229.17473333
6567,4739814.7055
6568,3158778.87487143
6569,3800058.62972857
6570,3909274.55492381
6571,4871706.36696667
6572,4276449.05951111
6573,4845486.1497
6574,4342514.41134445
6575,4842030.00629524
6576,3983260.88681111
6577,4024959.90147778
6578,4794187.3444
6579,4752176.61208571
6580,4839466.3584
6581,3666220.88463334
6582,5073974.74143333
6583,4222433.7314
6584,3692618.62283333
6585,4682090.46663333
6586,3450628.7026
6587,4005841.8764381
6588,4942614.71863333
6589,3316988.26466667
6590,4428406.65554444
6591,4857745.38656667
6592,5292350.11923333
6593,3831890.69972857
6594,4443826.388
6595,4413184.71057778
6596,4677734.5481
6597,4255699.79549048
6598,3783511.60283334
6599,3680361.62583334
6600,4131098.94343334
6601,3665164.43545397
6602,3363699.96739524
6603,4948153.48346667
6604,4480048.00211905
6605,4582154.46603333
6606,4361426.01741428
6607,4288056.96842381
6608,4898751.61106667
6609,4084686.842
6610,3650882.8962
6611,5241239.52851111
6612,5006201.2293
6613,4709360.28146667
6614,4061431.39858572
6615,2996630.94813809
6616,4005612.92367778
6617,3568803.24570952
6618,3164580.95592063
6619,4367849.69566191
6620,4272030.007
6621,4073968.27913333
6622,4429148.30276667
6623,3781561.44156667
6624,4283852.46287619
6625,4696709.1119
6626,4960063.50943333
6627,4262795.06087778
6628,3908427.70714445
6629,5226096.87726667
6630,5434010.10408571
6631,5099968.02933333
6632,4323023.51193333
6633,4537855.43529523
6634,4349916.31776667
6635,4679862.87003333
6636,4012465.59486667
6637,3958560.8548
6638,4819657.15993333
6639,4618168.74159524
6640,2685508.68779048
6641,4862663.6612
6642,3895012.8834
6643,4538660.52003333
6644,4999493.2865
6645,4610365.16353333
6646,4626486.21846667
6647,4599652.7954
6648,4200476.1353
6649,3287053.08426667
6650,4771368.69173333
6651,4198297.4053
6652,4661800.7462
6653,4155024.66894444
6654,4652793.64633333
6655,4920082.21093333
6656,4728797.97153333
6657,4103033.64659524
6658,4281895.96693809
6659,4704781.8439
6660,3315775.28508095
6661,4598547.42904444
6662,4704025.55991905
6663,4296152.4698
6664,4310311.12123333
6665,4142103.5902
6666,3999476.71606667
6667,4100635.34743333
6668,4984310.015
6669,3918504.00573333
6670,4582157.75776667
6671,4101365.2609
6672,4410388.72812857
6673,4405457.2949
6674,5291403.91553334
6675,5007923.80676667
6676,4665157.746
6677,4128064.2822
6678,3892685.14753333
6679,4358668.66889524
6680,4550019.11759048
6681,4142372.83533333
6682,4264343.32133333
6683,4155221.8656
6684,3733956.03984445
6685,3924092.8437
6686,4231335.396
6687,3213186.12636667
6688,3008754.11056667
6689,4240904.527
6690,4017968.832
6691,4192524.99943333
6692,4165987.7036
6693,3886431.38648572
6694,4002025.08338095
6695,4021188.34123333
6696,4520032.06493334
6697,4095375.14294444
6698,4286679.42083334
6699,4130865.46443334
6700,3969786.4500619
6701,4331132.3395
6702,5238197.35433333
6703,4591099.17346666
6704,4065777.81786667
6705,3540506.11771111
6706,4095743.38236667
6707,5200364.4147
6708,4226318.6204
6709,4643343.49166667
6710,4918941.64116666
6711,5422785.18053333
6712,5142869.4296
6713,3920378.29483333
6714,4339556.54843333
6715,3576138.80583334
6716,3990730.22336667
6717,3741399.4454
6718,3712355.76276667
6719,3578416.71265397
6720,4084523.21353968
6721,4833980.25265238
6722,3973288.0555
6723,3854240.3117381
6724,4958037.22986667
6725,4284914.87825873
6726,4058555.46653333
6727,4818000.06673333
6728,4250664.83986667
6729,3836991.00574445
6730,4119842.7782
6731,4678571.98496667
6732,4143666.8177
6733,4605938.86726667
6734,4838608.3807
6735,4317725.20351905
6736,5548408.86913333
6737,3455658.0433381
6738,4064810.50732381
6739,4172921.09917778
6740,3579705.75208731
6741,3970688.038
6742,4448329.08436667
6743,4886469.79046666
6744,3912832.93576349
6745,4623544.9913
6746,4196703.1219
6747,5166254.49462857
6748,2677042.27559683
6749,4539986.79693333
6750,4934674.76148571
6751,5202200.27886191
6752,4864929.39
6753,4236295.86376191
6754,4593762.2552
6755,4078266.34449524
6756,4750150.93723333
6757,4082204.78273333
6758,5928293.66494762
6759,4973307.85706667
6760,3292322.7643
6761,4332917.14263333
6762,4234858.01956667
6763,3963244.11550952
6764,4311317.82786667
6765,4587216.16153334
6766,3426289.23613968
6767,4850139.69466667
6768,5811339.4214
6769,5466757.37033334
6770,2937589.38124286
6771,3952868.66072857
6772,3648625.45987778
6773,4214831.21993333
6774,4973209.00046667
6775,3843086.17082778
6776,4566659.68926667
6777,4181490.4347
6778,2721605.56569683
6779,4801864.08062857
6780,4497613.84224444
6781,4120886.63026667
6782,3992320.33333333
6783,4321490.47273333
6784,4576237.63486667
6785,4498969.40926667
6786,4070392.1602
6787,4167319.00893333
6788,3920564.88689524
6789,4155601.836
6790,4567571.1959
6791,3727321.0858381
6792,4312521.76726667
6793,3699834.04953333
6794,3918621.5957
6795,5448879.1625
6796,4612978.6737
6797,3756695.81256667
6798,3302380.92473334
6799,4179243.60243333
6800,5017416.36556667
6801,4607565.82576667
6802,5130623.85666667
6803,4496504.77817619
6804,4466631.0724
6805,5227690.90816667
6806,4109576.39033333
6807,4166111.69021111
6808,3831528.85863333
6809,4076156.83296667
6810,4478903.83432857
6811,4553404.47713333
6812,4385008.73193333
6813,3611925.33101905
6814,3465677.34336667
6815,3745101.33973333
6816,4149657.59393333
6817,4048285.89822857
6818,4432762.56423333
6819,4166266.50526667
6820,4114873.11456667
6821,3907246.24439048
6822,2929299.48073333
6823,4109666.87186667
6824,4007276.81773333
6825,4816097.61391905
6826,4285300.42554762
6827,4182844.76397619
6828,4217402.21534445
6829,5977447.36463333
6830,3936357.33547619
6831,4978162.86286667
6832,2786028.85406667
6833,3658563.1416
6834,5008675.59525238
6835,4585386.2202
6836,4864663.05093333
6837,5636652.04023333
6838,4544602.6087
6839,2608070.07646667
6840,4671071.59893333
6841,4097070.041
6842,3495083.04870476
6843,5144728.37943333
6844,3876502.3087
6845,5267820.8035
6846,3813158.46173334
6847,4196585.17653333
6848,3155227.70707143
6849,3547261.68493333
6850,3804930.91283334
6851,3734950.04663334
6852,4461746.6766619
6853,4266954.13524762
6854,4177978.76334444
6855,4860311.3568
6856,3523504.90964445
6857,4511384.90023809
6858,3772816.57307619
6859,3480212.93289048
6860,4132010.12553333
6861,6015135.93185238
6862,4983909.89416667
6863,3570748.50831111
6864,3240857.97283333
6865,4664325.00156667
6866,4792956.40297619
6867,4199706.23456667
6868,4889016.49999524
6869,4251037.66056667
6870,3711463.2835
6871,4381834.11763333
6872,3101641.84008571
6873,3361213.71495397
6874,4268276.2371
6875,4459706.2506873
6876,5043263.8698
6877,4439367.13763333
6878,4239175.22091111
6879,3564870.92130953
6880,4422936.034
6881,4870174.26876667
6882,3927368.9946
6883,4203041.60586667
6884,3932862.0302873
6885,3886711.59620476
6886,4100255.2893381
6887,3732998.26467778
6888,4996502.85016667
6889,4014853.38439524
6890,4689334.16323333
6891,5221827.96066667
6892,3846981.2967
6893,3800636.555
6894,2784742.09550952
6895,4245669.9808
6896,5070552.77563333
6897,4068721.59403333
6898,5211260.23893333
6899,4240360.68656667
6900,4026073.54716667
6901,3849734.5994619
6902,4339103.6487
6903,3436230.9326
6904,4692825.252
6905,3174546.72741111
6906,3297785.23341111
6907,3898517.14330953
6908,4521157.07226667
6909,4353721.78242857
6910,3805855.25662381
6911,4895741.30626667
6912,4697696.34106666
6913,3251848.50434762
6914,4468032.87849524
6915,4537249.96696667
6916,4766578.9101619
6917,3272587.70830952
6918,4395011.50946666
6919,4487571.01186667
6920,4829170.91653333
6921,4165249.73096667
6922,5539644.65943333
6923,3813461.97993334
6924,3442225.3072254
6925,4359530.03517778
6926,4600072.00073333
6927,4929938.3583
6928,4061515.00076667
6929,4208330.22642064
6930,4514230.9734
6931,4423955.88302857
6932,4865682.6193
6933,3548395.0568
6934,4913362.23325714
6935,4876256.49533334
6936,4430735.96936666
6937,3621523.39958254
6938,3704306.50975715
6939,3911031.59043334
6940,4485523.64416667
6941,4825954.12093333
6942,4861622.93286666
6943,4646948.05173333
6944,3347857.31974286
6945,3843176.94606667
6946,4464580.22927778
6947,3766999.12476667
6948,3507460.40256667
6949,2852092.11779524
6950,4560547.76311667
6951,4418242.65396667
6952,4031544.24973333
6953,4049610.80103333
6954,4380343.18466667
6955,4661491.46973333
6956,4758197.562
6957,4438628.5084
6958,4619192.20426667
6959,4504238.32377619
6960,4532915.65706191
6961,4711382.20136667
6962,5094119.0794
6963,4213504.88316667
6964,4430037.37591111
6965,4300587.75743333
6966,4326001.2106
6967,2748890.49183333
6968,4402002.09566667
6969,4777112.22952381
6970,5561462.30826667
6971,4835226.02576666
6972,4048913.45323333
6973,4590927.5676
6974,4764862.30056666
6975,5435291.86146667
6976,4754998.06233333
6977,4273582.0605
6978,5211656.68531904
6979,5257164.7303619
6980,4498664.41426666
6981,4378970.29683334
6982,4373572.0144
6983,4101912.98176667
6984,4741555.99593333
6985,4716080.26283334
6986,4272974.5017
6987,4345460.99053333
6988,4116402.41046666
6989,4204182.50145397
6990,3851408.2191
6991,3638757.33553333
6992,3292059.53054444
6993,3877382.6353
6994,4646128.08156667
6995,4181113.78233333
6996,4510871.5626
6997,4877576.28463333
6998,3194628.66792857
6999,4178777.19453333
7000,4622585.91826667
7001,4238951.43933333
7002,3722133.92173334
7003,4747021.79111905
7004,4591857.22443333
7005,5086135.16773333
7006,4704870.02356667
7007,4632459.07596666
7008,4619060.04603333
7009,4366319.6788373
7010,5153209.051
7011,4642832.97982857
7012,4022605.68367143
7013,4858482.32329999
7014,3831103.54496667
7015,4139426.86946666
7016,4445986.10253334
7017,3597056.73377619
7018,4147063.66672857
7019,4422090.35393333
7020,4364332.36197619
7021,3806903.01966667
7022,4845733.39136667
7023,4213285.045
7024,4929582.74656667
7025,4160139.94439524
7026,3703659.30306667
7027,4356988.79994762
7028,3713486.87654286
7029,4205920.71471111
7030,4488992.17883333
7031,3280153.48580476
7032,4410470.78673333
7033,4086739.32474762
7034,3210450.71215397
7035,5439474.3179
7036,3712110.93173968
7037,5477970.16456667
7038,3955324.36435714
7039,3028500.25135714
7040,4822932.85313333
7041,5158949.7686
7042,4210584.90766667
7043,4391629.89881429
7044,4879066.20206667
7045,4599945.60458254
7046,4668881.866
7047,3699623.15916349
7048,5003742.1885
7049,4857197.1106
7050,3957396.00071111
7051,4758369.1113
7052,4235020.8594
7053,4712674.72906667
7054,4266808.9426
7055,4778722.29556667
7056,4258307.63747778
7057,5025689.52996666
7058,4404319.28156667
7059,4833104.48126666
7060,5218982.01023333
7061,5098059.83853334
7062,4537466.28976191
7063,4199642.62706667
7064,3006148.5485
7065,4939176.24223333
7066,4227939.04520952
7067,5350862.9877
7068,3563266.0783
7069,3673421.14017778
7070,3763903.50076191
7071,4170843.25332381
7072,3303136.38219524
7073,4782665.2364
7074,4941171.6893
7075,5513050.64633333
7076,4101426.48304445
7077,4653281.71905238
7078,4433602.46036667
7079,4188322.6169
7080,3563215.09027619
7081,4593287.51046667
7082,3456062.74776667
7083,5432130.48493334
7084,4733439.1416619
7085,3666769.5326
7086,4237561.74032857
7087,2951724.90424286
7088,2831781.3784
7089,4431718.04373333
7090,4691264.64003333
7091,5106003.5197
7092,3619976.21396191
7093,4793815.8411
7094,5188882.93216667
7095,4019351.16743334
7096,4991147.9805
7097,4413972.85304762
7098,4812546.03912857
7099,3541954.27301587
7100,3190897.72787143
7101,4739764.41163333
7102,3881059.00403333
7103,5227784.37131904
7104,3207513.96107619
7105,4418585.3588
7106,4279826.63603333
7107,3272061.39192381
7108,4038698.94203333
7109,5905941.7146
7110,4228318.9212
7111,4156459.7995381
7112,4088522.36245714
7113,4673228.13746667
7114,3755198.5899
7115,4278274.05513333
7116,4431429.2511
7117,4610085.2007381
7118,4990044.13103333
7119,4578385.35042857
7120,4248610.66123333
7121,4132300.95053492
7122,3942737.69996667
7123,4465627.75776667
7124,4046520.6959
7125,4514861.28136667
7126,4485333.48386667
7127,4933534.95663333
7128,4627163.4527
7129,4846874.45231905
7130,4285799.92906667
7131,4097885.5622
7132,3805869.11322857
7133,4255192.8107
7134,5184097.56206667
7135,4341330.23584445
7136,4993311.68023334
7137,3607201.81327778
7138,4500270.4391
7139,3765349.84850476
7140,4741628.15411429
7141,4031021.2814
7142,3588919.17636667
7143,3815978.22312857
7144,3791269.5213381
7145,5467831.22906666
7146,4394440.26197619
7147,4478846.91173333
7148,3973469.4076
7149,4457527.1878
7150,4191691.50736667
7151,4195277.72535238
7152,4667188.38096191
7153,4683398.7818
7154,4269029.42784921
7155,5330593.85603333
7156,3893927.43376191
7157,4481321.60336667
7158,3829869.8852
7159,5322589.95143333
7160,5379693.28956667
7161,4683248.56406667
7162,3258547.62713492
7163,4310465.6142
7164,3212423.3248619
7165,4421255.61733333
7166,3403920.78236667
7167,4002128.5322
7168,5233573.3097
7169,5004474.8409
7170,4668872.8402873
7171,4727935.01736666
7172,4260464.6006
7173,4086772.89693333
7174,4429106.28801905
7175,4667261.61303333
7176,4239019.11143333
7177,4177989.9282
7178,3990357.91542064
7179,5142839.41216667
7180,4062380.47266667
7181,4193785.97003333
7182,3250983.03952381
7183,4198489.489
7184,4597061.78588571
7185,3775486.5266
7186,5008975.70303333
7187,4235007.2703
7188,4892508.14546666
7189,4920443.76943333
7190,4733642.8402
7191,4064438.248
7192,3832936.66973333
7193,4839717.36516191
7194,3692462.61111111
7195,4699873.09236667
7196,5009028.21271111
7197,4606531.2165
7198,4034443.66944286
7199,4992261.38583334
7200,4424931.79286666
7201,3585480.07974444
7202,3299706.2396
7203,4716014.397
7204,4620821.04696667
7205,3713564.55537619
7206,4276416.19333334
7207,3590232.99534286
7208,4458917.736
7209,4202810.54733333
7210,3658658.94327143
7211,4064497.83386667
7212,4715142.8666
7213,3751486.96039524
7214,4876551.89953333
7215,4194874.82333334
7216,3899269.25292381
7217,4329839.69853333
7218,4225534.71853333
7219,4383007.09233333
7220,4460497.70692857
7221,2811056.24479524
7222,4011773.683
7223,4353398.25533968
7224,3712224.55902857
7225,4862622.64341905
7226,5175888.0682
7227,4467447.87996667
7228,5072198.10563016
7229,4640702.0255
7230,4292399.79336191
7231,3521657.45873334
7232,4415135.97293333
7233,4835787.4821
7234,3406905.5404
7235,4709086.06800952
7236,4934332.72496666
7237,4066032.23083334
7238,4612763.7103
7239,4633485.64559524
7240,3200601.06283809
7241,3556493.56817619
7242,4972250.42293334
7243,4596167.49543333
7244,2835912.669
7245,5155259.16473333
7246,4092348.6325
7247,4157962.03987778
7248,3156747.67426191
7249,5208749.6955
7250,4561829.6197
7251,4475856.07483333
7252,4212753.55855714
7253,4436165.0286
7254,4522048.74026667
7255,4439715.30206667
7256,4845712.25786667
7257,4906422.80473334
7258,4706655.46435238
7259,4110833.97426667
7260,5151912.21263333
7261,4699114.01213333
7262,3246972.97187778
7263,4310401.0004
7264,4031141.94243333
7265,3426670.91354444
7266,4426240.46335714
7267,3995175.47464921
7268,4992175.4212
7269,4763582.01773333
7270,4996555.9111
7271,4289194.55696667
7272,4994957.47221111
7273,4761580.27083334
7274,4009949.67651111
7275,4137911.34426667
7276,4449067.9383
7277,4910036.18636667
7278,4388886.43813333
7279,3596846.3453254
7280,3591092.85676667
7281,4985573.52268571
7282,4259980.4483
7283,5016972.6308
7284,4404400.73677777
7285,3564287.82432857
7286,4388042.07317619
7287,4525980.11363333
7288,4343848.23393333
7289,4266309.02896667
7290,4513334.69432857
7291,3985739.62264444
7292,4325398.05593333
7293,4253095.87863333
7294,4511034.8108619
7295,3736209.30746667
7296,4632838.5716
7297,4588431.99023334
7298,3891629.868
7299,4309595.37337619
7300,3765074.81944444
7301,4244814.88363333
7302,4247938.26909524
7303,4240982.4057619
7304,4786211.59916666
7305,3363500.16337619
7306,3497365.35766667
7307,5137604.125
7308,3968669.03433334
7309,5096182.71583333
7310,4460731.8264
7311,4259687.9998
7312,3820885.36132857
7313,5184346.17986667
7314,4630787.57065952
7315,4072401.49913333
7316,3056474.27897302
7317,4145191.41197143
7318,3421646.2054
7319,3766455.6596381
7320,4424030.86167778
7321,4424437.00756191
7322,5299731.57043333
7323,4683943.4021
7324,4610860.22203333
7325,3396026.56733333
7326,4722063.26621905
7327,3706672.7122
7328,4389996.30791111
7329,4135452.28489047
7330,4140202.26801111
7331,3677330.26111111
7332,3810035.26026667
7333,4198802.85096667
7334,4974510.4989
7335,3494140.27926349
7336,3621617.5601381
7337,4561947.85750476
7338,4503570.0132619
7339,4021700.0672
7340,4765111.41586666
7341,3835659.90172857
7342,4756689.4595
7343,4671910.89996667
7344,4128258.58887143
7345,5474389.1949
7346,4439468.62209524
7347,4157701.73335714
7348,4141011.0562119
7349,4811092.4509
7350,4151899.31167143
7351,4434282.30873333
7352,4342724.2811
7353,3913942.31215397
7354,4704541.42993333
7355,4806292.63423333
7356,4778686.76036666
7357,3607064.30686191
7358,4766763.0146
7359,4100724.27525238
7360,5019933.07163333
7361,4962828.46596667
7362,3949462.40773333
7363,3990296.1005
7364,3204673.9519381
7365,5263784.69636666
7366,4830824.9842
7367,4650250.61113333
7368,3850937.57498095
7369,3864862.04281111
7370,4946345.17286667
7371,4809936.7074
7372,4628576.17482857
7373,4828698.89133333
7374,4608905.1738619
7375,5075838.56383333
7376,3948101.42546191
7377,4035190.76
7378,4641750.3332
7379,4443526.03433333
7380,3886477.08586667
7381,3935710.81662857
7382,3986868.25246191
7383,4864797.8398
7384,4318968.8158
7385,4635999.58403333
7386,4593239.41183333
7387,3432820.60312381
7388,3724424.13896667
7389,3920460.5036
7390,4533960.74061111
7391,4520965.00296667
7392,4112579.11983333
7393,4326877.80582063
7394,4270729.61503333
7395,4008203.56142381
7396,3090628.86860953
7397,5393710.81616667
7398,4020886.85492857
7399,2675555.56664286
7400,4329072.88627778
7401,4896130.43933333
7402,5286521.88086666
7403,5217816.4364
7404,4427669.78543333
7405,4119331.52074286
7406,3535898.60744445
7407,3812213.4887
7408,4204797.78937778
7409,4919922.89943334
7410,4165985.03465714
7411,4917929.19283333
7412,3525007.167
7413,4362554.70373334
7414,4941516.14736667
7415,4009961.96373334
7416,4606011.82656667
7417,4078838.32894445
7418,5193090.2033
7419,3631459.47164286
7420,3469561.94926667
7421,4841918.46992857
7422,5307215.96073334
7423,5160847.27593334
7424,4027559.78543333
7425,4375159.44026667
7426,5124890.27683333
7427,4856905.7406
7428,3919674.9763
7429,4218029.12743016
7430,4906161.85334286
7431,3979347.87986667
7432,4347242.10613333
7433,3042897.98949524
7434,4081739.05241905
7435,3744897.59927143
7436,4351432.4094
7437,5218142.42756667
7438,3893102.13276667
7439,3757253.21876667
7440,4662459.15256666
7441,4146018.86967778
7442,4327823.88983333
7443,3822600.7226
7444,3610277.8280381
7445,3550064.90541429
7446,4324827.25800476
7447,5778129.3698
7448,4666517.3279
7449,4250538.22726667
7450,4621138.8185
7451,5076793.69530001
7452,4474251.60849524
7453,4282713.0425
7454,5067967.52583334
7455,4371091.4332
7456,4302423.62151905
7457,3938534.91566667
7458,4238582.0142
7459,4144125.8884
7460,4652697.4171
7461,3239565.67720635
7462,4399008.7256
7463,3207241.30537302
7464,5000830.213
7465,3391401.96901111
7466,3911020.32106667
7467,4490999.64606666
7468,3379018.2765
7469,5329971.76483333
7470,4578160.86663333
7471,4379222.4839
7472,3371998.6508
7473,4836660.42762064
7474,4151129.08856667
7475,3916588.35763333
7476,3746365.93756667
7477,4468218.92196667
7478,4263862.56413333
7479,4016666.55773333
7480,3847885.3783
7481,4728173.57803333
7482,3160734.14406667
7483,4717951.4084
7484,2875754.33110952
7485,4434804.21402857
7486,4485701.53536666
7487,4562914.45393492
7488,4653430.20781905
7489,4733017.1978
7490,4285392.67313333
7491,4572382.77621905
7492,4422935.9354
7493,4259687.9998
7494,4058227.63973333
7495,4179666.66093333
7496,4953296.9272
7497,3673002.90063333
7498,4281251.42972857
7499,4566583.06723333
7500,4027768.74056667
7501,3041976.85764286
7502,4199585.15906667
7503,4332480.40233333
7504,4894808.89071904
7505,4937073.65627619
7506,5101865.61794444
7507,3029542.77879524
7508,3768393.71213333
7509,4257446.74836666
7510,4281558.65716667
7511,5282260.56529524
7512,4083497.5752
7513,4755506.00756666
7514,5236385.78086667
7515,4844113.357
7516,4337271.76353334
7517,3976917.44694286
7518,4405767.0082
7519,5234097.11043333
7520,4493994.89776111
7521,4594000.34383334
7522,3337559.10346667
7523,4652754.35603333
7524,3980464.73469524
7525,4602355.93143333
7526,4960847.83046667
7527,4725003.79356667
7528,5004163.03806667
7529,3676893.45423333
7530,4591087.2841
7531,4170236.3622
7532,4025828.49318095
7533,4710082.80643333
7534,4270793.1514
7535,3513429.25643333
7536,4148831.5307
7537,3225054.49102539
7538,3603208.59206667
7539,4689311.48813333
7540,4572062.12223333
7541,4221643.51666667
7542,4822706.18597778
7543,4269113.35439524
7544,3360285.22266667
7545,3831050.64186667
7546,4744837.60886666
7547,3263946.9845
7548,2858055.84700476
7549,4297803.4278
7550,4798140.1185
7551,4821532.31136667
7552,4622101.69636667
7553,5309061.69286667
7554,4559588.31973333
7555,4285865.1974
7556,4473536.71458333
7557,3921829.67476667
7558,4406084.49063333
7559,4694880.5365
7560,4622622.19983333
7561,4437529.57856667
7562,3990161.17862539
7563,4415978.70273334
7564,4835449.27036666
7565,3687034.1391
7566,4272887.86533333
7567,4558763.19613333
7568,4709570.71173334
7569,4216910.11266191
7570,4300459.5267
7571,4919277.24156667
7572,4897932.68193333
7573,4564654.91133333
7574,4728114.94163334
7575,4203032.27692857
7576,4946299.68146667
7577,4108083.61754921
7578,2970231.63921905
7579,5295879.11586667
7580,3787541.91403333
7581,5202410.57473333
7582,3867799.40226667
7583,5010948.9164
7584,4168236.96363333
7585,4148753.85994444
7586,5468821.44583333
7587,4093411.86287619
7588,4730658.6397
7589,4829792.2945
7590,4174279.65463334
7591,4300952.55493334
7592,4613543.20766667
7593,4553839.90126667
7594,4565648.6589
7595,3778919.8527
7596,4618501.1644
7597,4446552.46407619
7598,4533733.34193333
7599,4676846.21573334
7600,3796123.6918
7601,4237640.10330635
7602,4634059.56610476
7603,4026985.21933333
7604,4532091.00459524
7605,4475876.2284
7606,4511384.90023809
7607,4872410.9025
7608,4330178.67147619
7609,5540086.39793333
7610,4052721.70470159
7611,4125175.55563333
7612,3248631.49647778
7613,4652990.55332857
7614,4180347.41096191
7615,4444277.41173333
7616,4940615.08658571
7617,4398379.25865714
7618,4403623.76446667
7619,3452466.62124286
7620,4824717.28873334
7621,4501565.2918
7622,4731245.66143333
7623,4416362.9536
7624,3975005.94433333
7625,3981045.90146667
7626,4238448.7021
7627,4770676.68873333
7628,4504624.27933333
7629,4006337.59772064
7630,3390278.63534286
7631,3939977.18347619
7632,4535054.55421587
7633,4991596.57
7634,3940435.32146667
7635,4814119.74166667
7636,4225443.9777
7637,4362360.5436
7638,4503499.7864
7639,4000675.34056191
7640,4566673.38456666
7641,4898730.88603333
7642,4814861.4067
7643,4285251.4458619
7644,3671556.63803333
7645,5504838.89753333
7646,5016256.4019
7647,4263326.76016667
7648,4700368.57551587
7649,4672295.86196666
7650,5122650.96823333
7651,4405388.05963333
7652,4833724.63326667
7653,3215382.43445873
7654,4732959.7418
7655,5527756.20268571
7656,4663516.80263333
7657,4837325.11970001
7658,4191142.09963333
7659,4079027.16785715
7660,3987140.35299524
7661,3360691.82816191
7662,5379382.08546667
7663,4978347.22620001
7664,4570946.49986667
7665,4160390.27597778
7666,4343430.4628
7667,4422752.97536667
7668,3710485.8932
7669,4731026.23873333
7670,4834676.53057778
7671,4636943.47303333
7672,4899109.81463333
7673,4085674.53806667
7674,4075352.38617619
7675,4327147.44572381
7676,4107716.83936191
7677,4210578.3402
7678,3678179.63817619
7679,3605300.01474762
7680,3996830.34413333
7681,4263918.44708571
7682,4248505.85651905
7683,4497560.0617
7684,3800959.0406
7685,5063136.91802857
7686,3191686.80602064
7687,4589167.40673333
7688,4670498.66066667
7689,4503539.57134445
7690,3587797.47577778
7691,4519496.3096
7692,4289989.0309
7693,4728541.38583333
7694,4479121.24136667
7695,3958497.09083334
7696,3880107.62377778
7697,4318304.28676667
7698,4277350.90134762
7699,4155765.1564
7700,4294731.82432381
7701,4924864.27653333
7702,4173659.45313334
7703,4803643.55873334
7704,3959208.88844445
7705,4612372.0504
7706,5016491.1039
7707,4449780.4648
7708,5395126.30076666
7709,3598266.87010952
7710,3945453.83841111
7711,4522339.15849524
7712,4260000.28836667
7713,3906716.1483
7714,4194617.1347
7715,4904786.33566666
7716,4948393.79673333
7717,4247653.87393333
7718,4867708.25574762
7719,4476849.78672063
7720,5789513.1513
7721,5082992.40846667
7722,4104674.82355238
7723,4690243.7618
7724,4078838.32894445
7725,4384138.55302857
7726,4329085.6124
7727,3761269.53207778
7728,4307181.73121428
7729,4460396.33333333
7730,4677763.53751111
7731,4592963.49363333
7732,3994631.3466
7733,5191266.44068334
7734,3893669.00843334
7735,4692997.31305238
7736,5005278.0282
7737,3877807.62989524
7738,3812737.62599524
7739,4378691.0358
7740,3859937.71046667
7741,4683372.96276666
7742,4259058.63883334
7743,4278266.3598
7744,5373014.63523333
7745,4554350.7210619
7746,4541618.21538571
7747,4566778.7077
7748,4126078.99133968
7749,4367515.4843
7750,4055850.5227
7751,4190349.63576667
7752,5094665.8173
7753,3977034.07573333
7754,3219437.38033333
7755,4750131.79645238
7756,4473389.50656667
7757,4679194.39936191
7758,4417876.82913333
7759,4351893.28873333
7760,3421616.80213333
7761,4049779.8887
7762,3679989.00323016
7763,4178466.11059524
7764,4677202.5058
7765,3058917.91680952
7766,4861258.20036667
7767,4755246.21923333
7768,4794121.10836667
7769,2652356.23350952
7770,4377519.6108
7771,4768424.1997
7772,3756644.68992857
7773,4778358.53107778
7774,4270413.86718095
7775,4622979.87901111
7776,4659257.93756666
7777,4081167.6019
7778,3987619.64108571
7779,4155870.1228
7780,4738043.1334619
7781,4325870.12896666
7782,4132707.58903334
7783,3885685.2094
7784,4068081.55446667
7785,4637558.76983333
7786,4328832.61728572
7787,4376379.93441905
7788,4240578.35273333
7789,4421381.9962
7790,4132609.14323334
7791,4314654.49956667
7792,5498864.89836666
7793,4216674.76653333
7794,4981699.0322
7795,4842604.63976667
7796,4358454.24716666
7797,4420604.29216667
7798,4853706.4632
7799,4948635.71303333
7800,5214620.4853
7801,3682558.68756349
7802,4270921.33028572
7803,4087744.10296667
7804,4241603.1858
7805,4358871.6447
7806,5444268.20983333
7807,4501445.57953333
7808,3281022.74167778
7809,4859603.0579381
7810,4496967.35617777
7811,4868054.2506
7812,4295446.02378571
7813,4730343.72307778
7814,4994276.19716667
7815,4784664.6238
7816,4868707.78956667
7817,3486545.08435397
7818,4036339.59139524
7819,4500164.7366
7820,4187638.27773333
7821,4377407.5297
7822,4613654.49946667
7823,3602648.24187143
7824,4196108.84306667
7825,4267142.463
7826,4965183.4703
7827,4781898.97652857
7828,5713534.93043333
7829,4985046.67506666
7830,3914832.9204
7831,4439315.75216667
7832,4942072.50901111
7833,4357105.9622
7834,4863117.79816667
7835,5108298.3856
7836,4372942.21766667
7837,4284680.93665238
7838,4286235.26173333
7839,4275118.66043333
7840,4232699.08426667
7841,4020551.13916667
7842,5251903.27093333
7843,4597565.9752
7844,4740604.05093333
7845,4005987.35336667
7846,4772694.9791
7847,4838689.55793333
7848,3920141.12432857
7849,4689983.88
7850,4920817.0739
7851,4046339.07351111
7852,4703580.33478571
7853,4498153.14876667
7854,4113706.44633334
7855,4603176.17956667
7856,5209823.88442857
7857,4541162.9041
7858,3735018.56933334
7859,4373864.56212381
7860,3409709.59672857
7861,4147006.31748571
7862,4275877.38503333
7863,4530412.69269524
7864,4752649.09626667
7865,4223551.51333333
7866,4613124.14253333
7867,4398880.02194762
7868,4447767.7935
7869,4065063.41653333
7870,4591689.3988
7871,4494810.8805
7872,4384563.22863334
7873,3373015.17876667
7874,4273093.01939048
7875,4227777.25216667
7876,4403574.76992857
7877,5600437.55825238
7878,3899778.9001
7879,4330919.75829286
7880,2770266.85757143
7881,3583459.89803333
7882,5221062.28393333
7883,5276384.28536667
7884,4768225.9789
7885,4156954.22616667
7886,4051420.82746191
7887,4084030.02423333
7888,4780960.22961111
7889,4955917.9687
7890,4356725.61496667
7891,4380279.44459523
7892,4018969.39639524
7893,4943650.14623333
7894,3277569.00267619
7895,4116500.43191111
7896,4282224.02784762
7897,4976821.76563334
7898,3872385.94536667
7899,4323829.7579
7900,4509031.52293492
7901,4022849.45653334
7902,4463908.38076667
7903,5275134.96116666
7904,4119239.99646667
7905,3598892.89719524
7906,4270179.19093333
7907,4539126.43273333
7908,4554450.32156667
7909,4278375.01492857
7910,4403487.33900952
7911,3934369.0656
7912,4165392.37173333
7913,2918973.6788
7914,4762899.44716667
7915,5013577.0293
7916,5144971.98396667
7917,4493495.2244
7918,5105651.5714
7919,4695636.29066191
7920,3711090.36220953
7921,4116150.19013333
7922,3658266.58181905
7923,4176722.64566667
7924,4259896.94477619
7925,4528889.56916666
7926,5151786.66283334
7927,4224463.4418
7928,4055399.63613333
7929,4639855.46876667
7930,4891561.76553333
7931,5329277.76473334
7932,3765468.34792857
7933,4431624.48712857
7934,4357824.32096667
7935,4092391.9603
7936,4658399.98283333
7937,4495031.8315
7938,4233575.2773
7939,4871153.03396667
7940,4104715.3572
7941,4430209.86716667
7942,4719201.38563333
7943,3540192.41274286
7944,5125363.24026666
7945,4839058.30633333
7946,3569838.91406667
7947,4582445.54241429
7948,4472862.89756667
7949,4018300.36276667
7950,4321292.17226667
7951,3934420.62450476
7952,4412751.39366667
7953,3857910.23734921
7954,4806070.43263334
7955,4216561.53403333
7956,5427802.7489
7957,4490855.09266667
7958,5063703.5886
7959,4054642.3318
7960,4853623.98899048
7961,4823781.6242
7962,5190404.01283333
7963,4227688.77323333
7964,5545401.97403333
7965,4841704.47196667
7966,4654289.52393333
7967,4367239.74536667
7968,4938899.9751
7969,3948566.8642619
7970,3960640.91064286
7971,3728958.90108572
7972,2444664.95050952
7973,4321855.07810159
7974,3624631.37270952
7975,4533817.74223333
7976,3755805.7013
7977,5192772.1763
7978,4522186.7549
7979,4672015.665
7980,4788602.02596667
7981,4853340.41385714
7982,4135584.24463333
7983,4961503.96281905
7984,4940883.65803333
7985,4983714.7844
7986,3992732.53423333
7987,4495564.28206191
7988,4426217.6069619
7989,3178234.62754286
7990,4866930.1972
7991,4763109.12353333
7992,4662842.3437
7993,4018230.49596667
7994,3841378.79167143
7995,3046118.38402381
7996,4655153.28616667
7997,3817193.30293333
7998,4324576.02209524
7999,4334720.7934
8000,4153059.752
8001,4164159.524
8002,3835048.52220953
8003,3114537.9554
8004,4570757.05703333
8005,4668733.4676
8006,5013676.78106667
8007,4342794.70536667
8008,4264221.34843333
8009,4510880.40466667
8010,4955322.3167
8011,3948496.50603334
8012,5022596.41856667
8013,4559341.97406667
8014,4594175.8458
8015,3004733.66489048
8016,3611936.56056667
8017,4553899.65686667
8018,4173437.37087778
8019,2693309.73577619
8020,4532479.02595238
8021,4881256.31223334
8022,4628444.51373333
8023,4323679.1429
8024,5223060.85613334
8025,4089245.81126667
8026,4422622.55753333
8027,4324318.17991111
8028,3592812.7837
8029,3777506.04746667
8030,4727557.34987619
8031,4465535.50906667
8032,4265777.9415
8033,3985964.67477778
8034,3726409.22480952
8035,4334745.62453333
8036,4066863.0879
8037,3984035.79083333
8038,4362297.1929
8039,5251961.80903333
8040,5002993.9118
8041,4844247.90646667
8042,4010565.85043333
8043,4470404.02266667
8044,3753853.53346667
8045,3955353.01082381
8046,4803072.10213333
8047,3435318.61889524
8048,4900059.94103333
8049,4382796.67809524
8050,2931605.0839
8051,4772756.88614762
8052,4687404.23392857
8053,4957395.8924
8054,3023744.60620953
8055,4602778.5643619
8056,3791898.18886667
8057,3329519.9430873
8058,4205887.1313
8059,4438302.9363873
8060,3905394.60776825
8061,4923430.8957
8062,5302799.92026667
8063,3966449.49416667
8064,5028540.73526666
8065,3559402.8538
8066,4241227.59316667
8067,5641689.22836667
8068,3833725.17213333
8069,4026869.43576667
8070,4348742.83883334
8071,4149340.14496667
8072,4422414.94046667
8073,5015357.81726666
8074,4372951.30433333
8075,4150666.62274286
8076,4672145.16596667
8077,3196557.61826349
8078,3922188.3989
8079,4589129.52398571
8080,4559262.06066666
8081,4583954.47326667
8082,4502151.11886667
8083,4661559.84926667
8084,4675119.63273333
8085,4538647.27463333
8086,4332210.51567619
8087,3443373.05804762
8088,3921724.40197778
8089,4215314.57459524
8090,4371832.61683333
8091,3111625.7896381
8092,4005798.78230476
8093,5233157.95036667
8094,4647528.25426667
8095,5591371.91156667
8096,4791152.58738571
8097,3957797.14894444
8098,4399224.2922
8099,3721338.01423334
8100,4028511.48963334
8101,4294811.37056667
8102,4037844.84716667
8103,4685057.59463334
8104,3999750.17035397
8105,4925819.08064445
8106,3839142.92796667
8107,4170792.78047778
8108,4515437.9313
8109,4301821.6244381
8110,4348962.65656667
8111,3034666.74640952
8112,5100137.8866
8113,3364551.59083333
8114,4503273.50394762
8115,4065489.07393333
8116,3343706.83702064
8117,4117007.3456
8118,3595687.0679
8119,4461778.40883333
8120,4189747.73046667
8121,3532238.18430635
8122,4762906.14113333
8123,4082457.36452857
8124,3730982.22672064
8125,4295560.962
8126,4537936.73916667
8127,5543033.67533333
8128,3519123.0429
8129,4764338.75509524
8130,4355520.40803333
8131,4311236.42026667
8132,5183818.0965
8133,3924854.83493333
8134,5634103.90266667
8135,4551003.98013333
8136,4184562.98486667
8137,4734474.99846667
8138,4392110.94
8139,4489111.3958
8140,4301090.95666667
8141,4732609.52066667
8142,4648571.99176667
8143,5282634.96156667
8144,4205876.31446667
8145,4890281.49465714
8146,3657640.70986667
8147,4563975.62806666
8148,4021793.4043
8149,4836355.94786667
8150,4073738.33243334
8151,4417326.98193333
8152,3570454.00347778
8153,4185144.10433333
8154,4768939.76545
8155,3381417.30804286
8156,4193053.31757778
8157,3254585.17474286
8158,4849264.55056666
8159,4519146.9046
8160,4384368.4393
8161,4954322.72278572
8162,3544873.12880159
8163,4588613.3933
8164,4921114.59353333
8165,4668012.69946666
8166,5298878.02276667
8167,4872991.1892
8168,3737590.24779047
8169,5113521.60816666
8170,5120755.68426667
8171,4728893.23643333
8172,4731001.90853333
8173,4180511.6159
8174,4957417.82626667
8175,4646348.53933333
8176,4254099.89293333
8177,4350964.2689
8178,5152417.94346667
8179,4261220.6425
8180,3769859.7667873
8181,4734125.31503333
8182,4401940.9216
8183,4452523.12475
8184,4166699.39606667
8185,5339793.40883333
8186,4490282.18946667
8187,4256646.54166667
8188,4146009.24795714
8189,4199348.4888
8190,4393917.22043333
8191,5904950.61103333
8192,4439145.09316667
8193,3797691.9703
8194,5014553.54672857
8195,3425288.9190381
8196,4306324.76743333
8197,3908644.00873333
8198,4345108.6782
8199,4324415.25883333
8200,4306758.70706667
8201,4318910.9881
8202,4275142.6228
8203,4409153.20907619
8204,2464918.00274286
8205,4319518.17463333
8206,4622192.8586
8207,5738837.21616667
8208,3939514.89352381
8209,3818509.33097778
8210,4884181.1404
8211,4848236.25936667
8212,3987904.67943333
8213,4595584.55643333
8214,5159412.54836667
8215,3968444.31293333
8216,3838194.8207
8217,4594533.0031
8218,3375161.89236667
8219,4494922.77763333
8220,4095601.05266667
8221,4995687.33787143
8222,4361214.80504762
8223,4418196.35586667
8224,5159658.05603334
8225,4301303.2439
8226,4133800.15543333
8227,4657241.8269
8228,4591508.32983333
8229,4406173.49143333
8230,4998786.66663334
8231,5222198.42733333
8232,3866634.14417619
8233,4429933.26596667
8234,4128029.0196
8235,3307670.02107143
8236,4466208.41523333
8237,4105519.40066667
8238,4382004.74532857
8239,4383003.16253333
8240,3446383.40387778
8241,3365120.42493333
8242,3333996.69090953
8243,5294819.7036
8244,4615419.12644286
8245,4592837.61853333
8246,3481115.84815714
8247,4291283.16896667
8248,4269750.8053
8249,4339441.21463968
8250,4141755.2333
8251,4930545.35783333
8252,4460638.96908095
8253,4672734.94183333
8254,4493033.03936667
8255,5196420.11776667
8256,4045742.67879207
8257,4516066.92762857
8258,4702487.42343333
8259,3946122.05183333
8260,4237621.83943334
8261,4324359.2912
8262,4315865.22032857
8263,3327369.47597143
8264,4652667.68703333
8265,4516259.14663333
8266,4730804.2054
8267,4677226.6525
8268,4343231.488
8269,3226260.36094921
8270,4608773.04954445
8271,4773917.93916667
8272,4701833.91816667
8273,4360966.82276667
8274,4359412.30553334
8275,4691401.3391
8276,4915376.9977
8277,4647916.71676667
8278,4027830.67473333
8279,4074108.70466667
8280,4640182.59846666
8281,4174060.34687143
8282,4475684.23473333
8283,4703361.7332
8284,3892667.3401
8285,5069620.42153333
8286,5142992.37882857
8287,4907754.27988095
8288,4301522.12576667
8289,4630801.7176
8290,4902906.05033333
8291,5074309.13274285
8292,3364289.75077778
8293,4542320.8422
8294,4415306.11028571
8295,4260625.67404286
8296,5163596.1291381
8297,4485445.27728571
8298,5013227.4586381
8299,4043418.10377778
8300,3594250.59081905
8301,4673319.13607143
8302,5342749.74009524
8303,4283536.4623
8304,4138929.43056667
8305,4924258.30186667
8306,4978302.06753333
8307,4664648.3906
8308,4333511.06023333
8309,4393942.43731429
8310,4490763.75256666
8311,4170602.7578
8312,4083949.09212857
8313,3804282.69433334
8314,4475607.28276667
8315,4596004.7772
8316,4341227.42213333
8317,4051792.87173333
8318,4664677.59256667
8319,4071907.87926349
8320,5193674.92416666
8321,4767107.53853333
8322,4864556.99976666
8323,4765766.71846667
8324,4354467.5264
8325,3007955.56766667
8326,4022909.99206667
8327,4937641.20643333
8328,3280031.39291905
8329,4631081.18303334
8330,5106105.38676666
8331,4728777.84726667
8332,4494920.37492381
8333,4765988.6854
8334,3509871.0168381
8335,3481549.72812381
8336,3129328.30754444
8337,4115377.75116667
8338,3529690.36103334
8339,3630393.45063334
8340,3915662.04436667
8341,3244933.5271
8342,4295634.3885
8343,5515562.69081905
8344,4347424.31896667
8345,4556465.91825238
8346,2874128.27980953
8347,4180526.86363334
8348,3692032.17952063
8349,4455774.7433
8350,4114506.33423333
8351,4904695.804
8352,4643059.75003333
8353,4391655.43081429
8354,4718733.06863333
8355,4900029.24116666
8356,4776024.30834286
8357,5080580.70896667
8358,3780156.53816667
8359,4700549.31216666
8360,4155566.35566667
8361,3909274.55492381
8362,4145807.91497778
8363,4389485.4047619
8364,4169142.84873333
8365,4256094.38566191
8366,5088599.9698
8367,4798385.7476
8368,4119258.75434444
8369,4051424.48693333
8370,4117860.00513333
8371,5142931.3414
8372,4114885.0742
8373,3409451.85115714
8374,4640848.4979
8375,4940172.72296666
8376,4765831.88353334
8377,4591477.22853333
8378,4403649.89013333
8379,3321138.55601111
8380,4501114.85397778
8381,3351714.9522381
8382,4043737.02647778
8383,3215010.55020635
8384,4719006.54426666
8385,4392058.0575
8386,3566606.15240952
8387,3846424.74041111
8388,4361316.73123333
8389,5179425.40116667
8390,4424602.50216667
8391,4090748.20076667
8392,3798815.44126667
8393,4567915.82503333
8394,4987541.3928
8395,4586070.54679683
8396,3985731.45236667
8397,3848555.71143334
8398,3470374.16476667
8399,4518760.85273333
8400,3289086.37298572
8401,4796002.66233333
8402,4763523.64706667
8403,4503910.78787619
8404,3791963.20531905
8405,5255426.0437
8406,4538039.7158
8407,4355327.86576667
8408,4912822.8808
8409,3788666.62171905
8410,3993204.09145238
8411,4261653.48316667
8412,4803165.06267778
8413,4570520.9191
8414,4843783.62486667
8415,4160322.20966667
8416,4781933.42305715
8417,3327129.11160952
8418,2834109.39313492
8419,4714750.00886667
8420,4521198.9813
8421,4098785.16086667
8422,4011089.5248
8423,3754547.43482857
8424,3123046.79987143
8425,4328690.95803333
8426,4600601.85963333
8427,4706329.51053333
8428,4337533.54105397
8429,4583909.51186666
8430,4774958.48276666
8431,4424411.41963333
8432,4784598.2401
8433,4492887.00446667
8434,4420708.6842873
8435,5207692.39433333
8436,3378879.49757619
8437,4683997.86703333
8438,4375592.84483333
8439,4503884.5696
8440,4775092.90393333
8441,3061641.9445
8442,3217803.97187301
8443,4348434.0177619
8444,5041244.03406667
8445,5112769.48003333
8446,4845633.00573333
8447,4498849.78176667
8448,4545443.73603333
8449,5146453.61303333
8450,4705123.0481
8451,3640436.00451429
8452,3882657.12945397
8453,4458340.49793333
8454,3541373.88864762
8455,4860365.48916667
8456,4347508.60753333
8457,4048173.36083333
8458,4268120.38163333
8459,3702740.25933333
8460,4060953.4976
8461,5031005.44123333
8462,3785252.08487619
8463,5230063.05786666
8464,4291535.0416
8465,4928504.3536
8466,4051898.25823333
8467,4386972.5854
8468,4565703.59323333
8469,4126176.01973333
8470,3801694.54752857
8471,4411311.84256667
8472,4286274.64036667
8473,5166023.28558571
8474,4767878.9061619
8475,4829202.3523
8476,3085553.42211111
8477,3541933.94223333
8478,3758701.56406191
8479,4357727.02573333
8480,3419102.85663333
8481,4889586.459
8482,4010377.36903968
8483,3625464.95720476
8484,4158326.05213333
8485,5131168.14523333
8486,4336036.91426667
8487,4127996.11843333
8488,3801694.54752857
8489,4212840.2547
8490,5216160.98278572
8491,3794620.98711429
8492,4503535.10126666
8493,4741120.31426666
8494,3610793.23420476
8495,4978909.25168571
8496,3944243.18516191
8497,3271071.52883333
8498,3205037.30403333
8499,3771086.4076
8500,5462203.7035
8501,3953219.02193334
8502,4143920.12797143
8503,2675497.59127143
8504,4621554.8177
8505,4311547.2786
8506,4254257.14233334
8507,4090749.7688
8508,3984743.0089
8509,4166502.42255714
8510,4405932.82793333
8511,4702253.22433333
8512,5166254.49462857
8513,4731330.18356667
8514,4963921.99916666
8515,4773445.59373333
8516,4289710.8037
8517,4231730.22223333
8518,4153838.30433333
8519,3886585.09978095
8520,4561516.02542857
8521,2913478.91650952
8522,4592245.53826666
8523,4298868.61452857
8524,4354555.48896667
8525,3579051.94226667
8526,4607663.7677
8527,3346269.81610476
8528,5085989.51526666
8529,4587232.73986666
8530,3950347.42276191
8531,4452533.38799524
8532,3915590.67
8533,4467367.818
8534,3539381.05175397
8535,3888161.91744762
8536,4477179.55476667
8537,4453642.8839
8538,4157189.17017143
8539,3405105.7542
8540,4050133.31419524
8541,4522760.3679
8542,3195947.88143334
8543,4193542.0791
8544,4126511.90206191
8545,4799362.28925238
8546,4446712.66837777
8547,4346754.59790952
8548,4140924.18123333
8549,3142716.67371111
8550,3946744.8138
8551,5698235.8408
8552,4205850.1215
8553,4063211.38453334
8554,3610528.52683333
8555,4182945.76546667
8556,3569025.1579
8557,3960901.42511111
8558,3536170.8124
8559,5526653.5819
8560,4496663.59766667
8561,4069018.15597619
8562,4741401.15643809
8563,4833908.82806667
8564,3973051.82229048
8565,4250685.78712857
8566,4853700.92796666
8567,4219391.23348333
8568,2637319.66321905
8569,4851267.5294
8570,5369510.28076666
8571,3056899.5182381
8572,4511159.57106667
8573,5342223.33106667
8574,4424163.64803333
8575,4507859.02933333
8576,4248132.1233
8577,3698657.99298095
8578,3944237.88056191
8579,5169511.2768
8580,3912551.7945
8581,3685611.57696667
8582,4843444.28471905
8583,3760118.1841381
8584,4446267.827
8585,4130266.026
8586,4427079.41291905
8587,4034053.90843334
8588,3308138.37413333
8589,5172448.86566191
8590,4832964.89286667
8591,3688708.57587778
8592,5002541.75213333
8593,3641089.87776191
8594,4633029.78716667
8595,4777343.96494444
8596,3955479.54066667
8597,4522930.16043333
8598,4359052.85978572
8599,4880349.71136667
8600,4103857.3557
8601,4121340.7243
8602,4104230.8837
8603,4404084.11957777
8604,3140759.06143334
8605,4334699.20254445
8606,3666769.5326
8607,4456385.28603334
8608,4013425.72070476
8609,4188243.69163333
8610,4441949.62463334
8611,4695853.76216667
8612,3985867.12433333
8613,4915246.08906667
8614,4728004.16146667
8615,5338367.51466667
8616,4471760.25133333
8617,4247527.4964
8618,4934931.04459524
8619,4559014.19116667
8620,3876436.0099
8621,3965514.70361905
8622,4793049.7517619
8623,4060967.12986667
8624,4199699.53670952
8625,4399232.07898095
8626,5066382.48786667
8627,4547190.81488095
8628,4230994.26806667
8629,4734523.9897
8630,4642167.30226667
8631,4934463.5245
8632,4760588.9152
8633,4471001.93462857
8634,4798831.30163334
8635,4204796.7206619
8636,4377659.14253333
8637,3290231.13846667
8638,4279453.69783333
8639,4940864.7747
8640,4665806.49666191
8641,5209814.50986666
8642,5227100.94826666
8643,5537238.65523333
8644,4145205.25459524
8645,4049647.9898
8646,4393499.2716
8647,3704962.03497619
8648,5194871.93076667
8649,4411043.11456191
8650,4221797.53756905
8651,4253555.70687619
8652,4569802.91146666
8653,4904070.83033334
8654,4518567.91613333
8655,3623161.95547778
8656,4632162.52066667
8657,5336509.03006667
8658,3985889.83123334
8659,3993186.50326667
8660,4302354.23097778
8661,4318733.29776666
8662,3647218.9653
8663,3970614.57696667
8664,3341104.00884921
8665,4287147.9656
8666,4426424.5416
8667,5048840.54983333
8668,4125049.15313334
8669,5356061.07633333
8670,3881084.11801905
8671,4271407.4255
8672,4856249.5698
8673,4577792.60526666
8674,3879840.91628095
8675,3453063.03883809
8676,4937836.4007
8677,3926182.79569048
8678,4693455.07023333
8679,5181205.08546667
8680,3895209.11576667
8681,5196058.73066667
8682,5026378.75763334
8683,5055431.55996667
8684,4193807.58263333
8685,3615975.08686667
8686,4422438.81933333
8687,3116031.6511254
8688,4699636.60493333
8689,4704581.2916
8690,3147165.77484286
8691,5220480.98466667
8692,2673933.55014445
8693,4009459.27016191
8694,3851285.55693333
8695,4245129.28006111
8696,4379014.66059048
8697,4116853.3126
8698,4837982.26756667
8699,5478793.44533333
8700,2591747.2597
8701,4365368.6331
8702,4412485.39689524
8703,4589071.35258571
8704,4791663.93463333
8705,4404749.59672857
8706,3122571.92493333
8707,4768016.7045
8708,4361685.7242381
8709,3994904.43706667
8710,3692242.59683334
8711,4166042.87
8712,4127717.98626667
8713,4252346.17495238
8714,3585444.89716667
8715,3872298.74727619
8716,4123202.20716667
8717,4496054.80893333
8718,4246092.14363333
8719,4049885.0125
8720,5655550.51846666
8721,5034432.34583333
8722,4983346.09173333
8723,3135972.03896667
8724,2529744.91408095
8725,4011739.87615714
8726,4318304.28676667
8727,3854837.01226667
8728,4003209.3974
8729,2995474.01774286
8730,3622689.71173333
8731,4881115.68053333
8732,3230530.33463334
8733,4689929.51366667
8734,4377294.47755238
8735,5051445.67361905
8736,3366741.92904444
8737,4564469.81826666
8738,4623178.01023333
8739,4413284.25116666
8740,3730335.3902
8741,4148002.0801
8742,4740584.31842857
8743,4511588.455
8744,4363613.94330952
8745,4123064.47923334
8746,3843318.71653333
8747,4067890.64066667
8748,2984313.67264762
8749,3568932.90016667
8750,3569820.20631905
8751,4695977.0752
8752,5167918.60166667
8753,4594537.03796666
8754,4382215.92226667
8755,4888493.56528571
8756,3887226.87096667
8757,4344431.59765715
8758,2969031.01900952
8759,4541063.19036666
8760,4664826.8952
8761,3973541.49596667
8762,4787637.968
8763,4310251.24526667
8764,3655161.54957619
8765,4430589.70006667
8766,4867684.8867
8767,4925584.2295
8768,3723934.18526667
8769,4411361.15774445
8770,4227790.17450476
8771,4886912.86823333
8772,4364153.5036
8773,4782823.00253334
8774,3710470.1632
8775,3476086.75145714
8776,4441006.35226667
8777,4087145.04285714
8778,4998907.3151
8779,3189341.27285238
8780,5136074.5891
8781,5955997.4585
8782,3905306.5093
8783,3731946.81709524
8784,4071765.1195
8785,2634771.9962
8786,3204007.9189
8787,5112289.1161
8788,4136690.0526
8789,3752354.0718
8790,4558242.74393333
8791,4924474.9707
8792,4843884.52663333
8793,4105958.85926667
8794,5083568.24166667
8795,4120429.98811111
8796,4175772.4313
8797,4222391.83563333
8798,4023973.13057778
8799,3410156.44966667
8800,4274748.31373333
8801,4341328.6423
8802,4364908.1876
8803,4656946.2567
8804,4292308.31601111
8805,4126452.30533333
8806,3557455.58774445
8807,3827427.7798
8808,3593835.1295
8809,4047836.4876
8810,4467745.59326667
8811,4123923.94481905
8812,4951511.99756666
8813,3876659.60927619
8814,4659698.75026667
8815,5354842.6722
8816,3356892.33033334
8817,4262243.74277778
8818,4411588.81689048
8819,4352288.8589
8820,4452562.0585
8821,4565851.65753333
8822,4482229.85291111
8823,4106079.4764
8824,4333164.7976
8825,4104166.92913334
8826,4603069.43683333
8827,3112900.49765397
8828,4635998.07686666
8829,4028020.22046667
8830,3791163.86193333
8831,4004440.16006667
8832,4644236.50366667
8833,4600668.21750952
8834,4087808.82811429
8835,5192361.19666667
8836,3794502.204
8837,3454823.32052381
8838,3738023.54547619
8839,3759465.44291111
8840,4617504.72086667
8841,3596647.98773334
8842,3882247.34623333
8843,3892006.0998
8844,5203731.0775
8845,3679119.6417
8846,3287059.9788
8847,3768761.20326667
8848,4528913.77976667
8849,3916446.2834
8850,4176219.2229
8851,4363971.39613333
8852,3771446.31183333
8853,3767260.49688095
8854,3779042.5034
8855,4542313.2039
8856,4100786.41343334
8857,4216166.07766667
8858,4347380.37547619
8859,4650530.82493334
8860,4491001.56373333
8861,4761620.38106667
8862,2890418.82813333
8863,4351972.7912
8864,3024028.5647
8865,4064966.24546667
8866,4781589.40123333
8867,4949871.5132
8868,4657609.44753334
8869,5526940.48963333
8870,4317744.0786
8871,3908419.64776667
8872,4309892.89870953
8873,3902222.8815
8874,5181245.96841905
8875,4169618.76153334
8876,4747423.1574
8877,5154767.84673333
8878,4040731.91063334
8879,3879734.70211905
8880,4732303.0592
8881,3496395.02314286
8882,4918725.2602
8883,4989532.8314619
8884,5430169.10886667
8885,4613069.26677778
8886,4655912.43706667
8887,4318164.38116667
8888,4590701.87133333
8889,4888230.9041
8890,4658933.13063333
8891,5417121.58875238
8892,3900073.73904444
8893,4372566.35556667
8894,4737268.93873334
8895,4664339.24357778
8896,4159370.20083333
8897,4430359.51846667
8898,4791357.9883
8899,5396987.58553333
8900,4319801.03383016
8901,4064566.1404
8902,2948601.28605397
8903,4146312.1688
8904,4609799.6683
8905,4688171.41706667
8906,4441365.00573333
8907,3692618.62283333
8908,4012674.79106667
8909,4276673.9024
8910,4280398.61023333
8911,3455827.27191905
8912,3381038.75412857
8913,4495962.93913333
8914,3902734.83389048
8915,4478764.12256667
8916,5065190.64146666
8917,3667248.31216667
8918,4611587.56531111
8919,3995886.82558254
8920,4242503.33703333
8921,4174320.61820476
8922,4896730.31311667
8923,4019755.45694286
8924,3163159.12247778
8925,3748174.4718
8926,3819302.12546667
8927,4101765.83012857
8928,5388310.39173333
8929,4053979.30891111
8930,4070460.31074762
8931,4292681.94780635
8932,4248351.15333333
8933,4416684.67636666
8934,4835635.0687619
8935,4169692.59704444
8936,4647632.29627778
8937,4889815.50481428
8938,4471770.9518
8939,4491864.14466667
8940,3927382.12446667
8941,4866982.27366667
8942,4276236.36966667
8943,4279918.94496667
8944,4520462.8135
8945,3224712.12304286
8946,4599878.1171619
8947,4409602.48693333
8948,4042551.15406667
8949,4203106.16396667
8950,3148328.18536667
8951,4622483.77553333
8952,4979073.86076667
8953,4367789.42896666
8954,3643194.2136619
8955,5059057.59586667
8956,4601042.95463333
8957,3617116.6691
8958,4814806.4642
8959,4523323.74466667
8960,4898602.79746667
8961,2606837.94854286
8962,2648843.65562063
8963,5016587.38833333
8964,3816141.19963333
8965,4179845.21277301
8966,4521361.86723334
8967,3805298.8926
8968,2420641.24007619
8969,4591105.82883333
8970,3600964.70348095
8971,4887452.70845238
8972,4978909.25168571
8973,4475216.3352
8974,4438928.29416667
8975,4182926.99203333
8976,3926509.6874
8977,4760504.5326
8978,4565902.2891
8979,4228748.17937619
8980,3822170.2897873
8981,4086920.04353333
8982,4441431.08483334
8983,3708919.40568095
8984,4663338.31303333
8985,4646825.8144
8986,3831203.15153333
8987,4146806.9502
8988,4085533.1867
8989,5319151.77173333
8990,4572267.37243333
8991,5311057.45746667
8992,4058527.86486667
8993,3863020.83230476
8994,3839309.09275715
8995,4153370.2145
8996,5611953.41748571
8997,3741212.04053333
8998,4503568.9102
8999,4504128.58596667
9000,4430253.85566667
9001,5087877.27643333
9002,2873972.1219
9003,3870892.28832857
9004,3585709.88757143
9005,3785994.9801
9006,3335293.04206667
9007,4684333.28686666
9008,4096814.59680952
9009,4186266.5954
9010,5210428.45533334
9011,4801008.08423334
9012,4521116.47446667
9013,3720788.25591587
9014,3998410.1497
9015,5039560.54776667
9016,3328841.99381429
9017,4165450.23543334
9018,4505643.46886666
9019,3618439.51630952
9020,5111122.07816667
9021,4051742.9
9022,4668129.7335
9023,4647731.81086667
9024,3736336.10593333
9025,4489168.1387
9026,4603636.6055
9027,4810259.73333333
9028,4083933.00962857
9029,3828139.13220953
9030,4813972.64403333
9031,4373063.90949524
9032,4069875.77797778
9033,5145482.02518571
9034,4569533.69950476
9035,4156465.23236666
9036,4659498.21176666
9037,4729839.56796191
9038,4457159.78557619
9039,5027911.63503333
9040,4551268.8306
9041,3648508.85192064
9042,4830349.01486666
9043,4489915.64656667
9044,4493204.5903619
9045,3316731.76203333
9046,4953104.8449
9047,4166042.87
9048,4242710.45096667
9049,4031913.95440953
9050,3788887.18844762
9051,4755601.24396667
9052,5142540.75606667
9053,4207831.23143333
9054,4555544.14331905
9055,2875621.0512
9056,4566467.15573333
9057,4828956.114
9058,4222600.54896667
9059,3416651.51260476
9060,4421776.14880476
9061,4388161.65171667
9062,3742262.432
9063,3917020.26863333
9064,4791039.34703334
9065,4171097.51496667
9066,3770686.71483333
9067,3375182.7705
9068,3965218.54273333
9069,4516420.7675
9070,4887516.105
9071,4461353.67993333
9072,3854955.96312857
9073,4094195.66223333
9074,5096932.59026667
9075,5117708.87556667
9076,3826401.57423333
9077,3873954.359
9078,3450686.92117778
9079,3913009.92006667
9080,4454245.22856667
9081,3793141.98381111
9082,4878788.6628
9083,4130731.17333333
9084,3729420.33265397
9085,3558245.42163333
9086,4441919.31240476
9087,4644706.56556191
9088,5098981.53507778
9089,5043744.2467
9090,4187633.63883334
9091,5290942.57942857
9092,4387583.99353333
9093,4943790.8226
9094,4756543.63743334
9095,5627499.49873333
9096,4387282.54583333
9097,5150573.50213333
9098,3735609.79550953
9099,5073455.97353333
9100,4364391.47966667
9101,5079663.87006667
9102,3805177.78043333
9103,3833910.01822857
9104,3636567.7046
9105,3433906.98691111
9106,5300889.88418571
9107,4204682.95102857
9108,3664823.15129524
9109,4939072.06174286
9110,3815898.11779048
9111,4122740.47876667
9112,4421595.78572857
9113,5576753.93645238
9114,3817756.13527619
9115,4786234.3934
9116,5585043.468
9117,4256540.42556667
9118,4211834.6628
9119,4498552.78756666
9120,4439218.17782857
9121,4151899.31167143
9122,4892906.75383333
9123,4520989.67397777
9124,4148593.08906667
9125,4369264.38913334
9126,3736699.10877778
9127,5377020.99451904
9128,4813468.52093333
9129,4407295.86373016
9130,4953622.44021905
9131,4296289.53057778
9132,4282831.60547302
9133,4319552.8529
9134,3826627.03083334
9135,3295409.38396667
9136,4582861.46383333
9137,3708337.0117
9138,4053367.95859524
9139,3710957.41533333
9140,3685411.01744286
9141,4537424.78243333
9142,4098797.49326667
9143,4553735.66751905
9144,4032606.66154444
9145,4377817.82397619
9146,4203413.55763334
9147,4621172.98106667
9148,3955930.0894
9149,4416824.25306667
9150,3607783.1777
9151,3340228.58223333
9152,5096530.5248
9153,4581378.0819
9154,4606949.77336667
9155,3972781.16432857
9156,3844645.65503333
9157,3984387.25363333
9158,4616180.4518
9159,2944376.4427381
9160,4046820.48076667
9161,4186544.10516667
9162,3938920.12686667
9163,4619552.7728
9164,5017318.23766667
9165,4732198.68843333
9166,5065852.35816667
9167,3910658.66507143
9168,3946751.15245715
9169,5055711.53103333
9170,4659681.37853333
9171,4200892.80713333
9172,4571333.6815
9173,5105690.42236667
9174,5025103.75766667
9175,3808141.26784921
9176,3963551.92746667
9177,3883171.8315
9178,4464448.4403
9179,4605654.17211111
9180,4042358.69786666
9181,3902467.61276666
9182,4468455.16196667
9183,4369171.7293
9184,4721567.32773333
9185,3949739.87323334
9186,3682455.04154762
9187,4480208.21946667
9188,4500246.13823333
9189,5167877.78243333
9190,4210349.08507619
9191,4323167.6603
9192,4533448.95863333
9193,4856497.19363333
9194,4424325.33266667
9195,4197214.30691111
9196,5233980.57955238
9197,4153922.20806667
9198,3864710.664
9199,3779126.77692381
9200,4057917.75466667
9201,3824866.16013333
9202,5074732.5424
9203,5032311.655
9204,4295323.6356
9205,4901919.12593333
9206,4063252.5448381
9207,4627546.06918571
9208,5320835.7727
9209,4493713.48447777
9210,4234373.06492857
9211,4576783.20813333
9212,4368479.34793334
9213,3951035.3589
9214,3345908.7767
9215,3173366.30544286
9216,4125801.2728
9217,3078684.60064444
9218,3965856.34710476
9219,3532839.1804
9220,5021860.77593333
9221,4620593.56580952
9222,4603251.36156667
9223,4146697.34826667
9224,4746729.73739524
9225,4166461.03582857
9226,4495435.52196667
9227,3727542.88189524
9228,3427712.08523809
9229,4036765.37437619
9230,3883764.72954445
9231,3618133.5251
9232,4525000.5727
9233,3799848.59635397
9234,4874009.3514
9235,4385187.87095714
9236,4207266.27675
9237,4857670.99113333
9238,3381021.36897619
9239,3634677.27721111
9240,3951439.73314762
9241,5027605.1286
9242,4100731.75233333
9243,4257471.47283333
9244,4030693.01803334
9245,3961025.51216667
9246,3983316.5601619
9247,4203433.3765
9248,4227117.52721905
9249,4280156.04713333
9250,4136550.55603333
9251,3917105.74193334
9252,4717364.98847619
9253,4208591.61973333
9254,3985983.91866667
9255,4020108.97076667
9256,4226416.35588572
9257,4533115.93726666
9258,4819623.83433333
9259,4452962.88453333
9260,4389808.91176191
9261,4672488.5654
9262,3916832.34646667
9263,3426605.42815238
9264,3575088.70701429
9265,5203795.3195
9266,3316665.16862381
9267,4041038.67266667
9268,4226206.1412
9269,5860130.47116666
9270,4566986.6249
9271,4401888.4545
9272,4172346.33636667
9273,3340415.76273333
9274,4253673.09948572
9275,4955455.07573333
9276,3137232.20026667
9277,3769797.54943333
9278,4558254.86176666
9279,4860011.955
9280,4951012.12628571
9281,3864773.49193333
9282,4529335.4322
9283,4002128.5322
9284,5110164.18586667
9285,4635239.66673333
9286,5324368.65903333
9287,3940633.17905714
9288,4182695.42403334
9289,4133744.18465238
9290,4164305.46726667
9291,3687683.95553333
9292,3662556.79193333
9293,4334429.74059524
9294,2892966.83292857
9295,3593795.19011905
9296,4413461.94145238
9297,4362417.37923333
9298,4115921.98025873
9299,3149847.8283381
9300,5115617.86253333
9301,3872989.23913334
9302,4539003.8159
9303,4971902.0803
9304,4315420.62163333
9305,4863613.35793333
9306,4197133.04326667
9307,4333176.2068
9308,4477538.759
9309,4825704.02383333
9310,4604994.1746
9311,3881790.48163333
9312,4402314.9909
9313,3979231.35609524
9314,4500671.0588
9315,2950944.9741
9316,4981867.1967
9317,3780891.9646381
9318,5026985.8478
9319,5037563.2177
9320,5578691.1772
9321,4184649.09343333
9322,5290725.79248571
9323,5001973.7946
9324,4148127.4758
9325,4285481.23696667
9326,4222791.85263333
9327,4153782.02957778
9328,4521910.54141429
9329,4986372.5585
9330,4488582.60087778
9331,4573364.41659999
9332,4490075.4427
9333,3758374.7512
9334,4430330.73996667
9335,4358061.79166667
9336,2715639.89707143
9337,3764213.54390953
9338,4202205.03579048
9339,4141078.03204286
9340,5589283.408
9341,5742694.1334
9342,4790399.61725238
9343,3859958.4526
9344,4253540.51107778
9345,4331838.82265714
9346,4192664.50166667
9347,4437112.36401111
9348,4152378.14751111
9349,3718917.60470476
9350,4827609.29267778
9351,4532557.08483333
9352,4393419.01206667
9353,3312462.86580476
9354,3842164.68181111
9355,5113747.55843333
9356,4104703.90343333
9357,4786780.83383333
9358,4341707.38293333
9359,4495050.8998
9360,4283829.4295
9361,3671467.82056667
9362,4272367.2185
9363,5022597.29843333
9364,3386585.91723333
9365,4454470.92613333
9366,5012920.03661111
9367,4025315.3107
9368,4845045.6003
9369,3530074.68776667
9370,3855324.7297
9371,3861734.31807619
9372,4705957.01219524
9373,4387645.16463333
9374,5165757.84143334
9375,4698612.14775238
9376,3552457.3806
9377,4240143.05559048
9378,4706233.01383809
9379,4801152.15163333
9380,3856204.2688
9381,4972141.80723333
9382,4096183.7566
9383,4397683.35963333
9384,4201632.12324444
9385,2929715.82140952
9386,3172758.62137302
9387,4324126.2255619
9388,3873783.29166667
9389,4172253.9751
9390,5059385.4001
9391,4772182.2013
9392,4926148.98281905
9393,4965930.78346667
9394,4607879.84843333
9395,3262415.16443333
9396,4318947.22686191
9397,4395726.41073333
9398,4971310.2556
9399,4417566.45972857
9400,3792519.79350476
9401,4558433.4761
9402,4961942.0089
9403,4959173.32263333
9404,4547949.95501111
9405,4174483.09813333
9406,4602759.14828095
9407,4637769.28756667
9408,4074193.96766667
9409,3618694.80106191
9410,4728093.86463333
9411,4454043.15793333
9412,4498635.79543333
9413,4495024.965
9414,4244917.28123333
9415,4861878.68523809
9416,4347833.47314286
9417,4649432.0496
9418,4523714.3633619
9419,5000707.32376667
9420,3947812.6035
9421,4911632.64246667
9422,4324743.36783333
9423,4503182.67883333
9424,4056473.86
9425,4605922.18221905
9426,4355853.30156667
9427,4491356.38716667
9428,3675370.57702857
9429,4353302.96996667
9430,3955453.1314
9431,4933692.67893333
9432,4626168.2981
9433,4554806.05305238
9434,4487706.13573333
9435,5582575.16093333
9436,3625227.75388571
9437,3992446.75936667
9438,4729471.65303333
9439,4551124.8187619
9440,4669194.63773333
9441,3924896.36664444
9442,4494522.29603333
9443,4582943.76134286
9444,4852900.1629
9445,4756003.5942
9446,5277983.52323333
9447,4320530.83904445
9448,4895155.06666667
9449,3820985.24763333
9450,4765689.14334444
9451,4680628.82716667
9452,4678816.62143333
9453,3934589.24316667
9454,3154890.44143333
9455,5300556.62306667
9456,4348790.65940476
9457,4611135.56556667
9458,4227567.20035238
9459,4996768.317
9460,5097627.61046667
9461,4515408.50496667
9462,4398295.57843333
9463,4158391.48795238
9464,4569835.87397778
9465,3789385.38621111
9466,4472808.71806667
9467,5419348.8557
9468,3958893.43144445
9469,4131463.67216667
9470,4747351.2819
9471,4015991.81841111
9472,4641407.44403333
9473,4205195.506
9474,3953552.4477
9475,5715148.93211905
9476,4333589.03996667
9477,4619324.38143333
9478,4418530.3021
9479,4833781.18243333
9480,4266686.408
9481,4742250.16246666
9482,4574341.62743333
9483,3881926.33466667
9484,3863224.62348572
9485,3639505.44757619
9486,4498957.0208
9487,3382404.56182063
9488,4527264.3273
9489,4591397.7246
9490,4155965.22166667
9491,4375580.84413334
9492,4032350.5142
9493,4622972.92753333
9494,5356860.92436667
9495,4254354.86076667
9496,3897731.81316667
9497,4733565.76043333
9498,5477718.56296191
9499,5858142.27776667
9500,4086847.19176667
9501,3074733.309
9502,4534943.617
9503,5534626.89106667
9504,4442999.61913333
9505,2721605.56569683
9506,4796557.52126667
9507,3377998.37755397
9508,4561426.24094286
9509,3701878.48496667
9510,3945717.13839524
9511,3190897.72787143
9512,3712993.77775238
9513,5774804.1774
9514,4514714.66743333
9515,5386442.79753334
9516,3787825.4637
9517,4811367.53213333
9518,5082803.82103334
9519,3984661.42587778
9520,4380207.0307
9521,4374862.71786667
9522,3980415.36812381
9523,4340173.23586667
9524,4539284.59562857
9525,4772789.10531111
9526,4491878.28016667
9527,3331882.73607143
9528,4375078.57364286
9529,4455922.06814444
9530,4799374.93073333
9531,4662044.14296666
9532,5258541.86943334
9533,4472221.1397
9534,4739234.11086667
9535,5232980.07867778
9536,4115983.19362857
9537,4054442.48203333
9538,4529226.46743333
9539,4122169.97953334
9540,3766198.36313333
9541,4569710.54546667
9542,4447043.05047619
9543,4797377.96843333
9544,4361644.78793333
9545,4392521.06143333
9546,4599727.1706
9547,4284796.4209
9548,5449543.64663334
9549,3654714.0014873
9550,2615174.62750953
9551,4205933.454
9552,4038882.02743333
9553,3205440.4790381
9554,5392068.51899524
9555,3718059.97643334
9556,3821985.82809524
9557,4500905.46333333
9558,4924424.77513333
9559,4474794.1194
9560,4508679.9888
9561,4777207.5085
9562,3906489.2835873
9563,4037742.0164
9564,4037805.41310952
9565,4233463.34875714
9566,4453643.26863333
9567,3322859.13972381
9568,3666029.29162857
9569,5081611.3221
9570,2704359.91480952
9571,4437580.98766667
9572,3965082.18329524
9573,4444210.12443333
9574,3977859.6429
9575,3760641.74736191
9576,4747595.3418
9577,4781851.5252
9578,4424624.89456667
9579,3704257.29816667
9580,3909274.55492381
9581,3145495.76657143
9582,4361771.19097619
9583,3805701.3734
9584,5161474.56766666
9585,4564480.79517619
9586,4797535.5974
9587,3559306.10995715
9588,4492503.30613333
9589,4888842.2097
9590,3744112.7139873
9591,4427307.76813333
9592,3953853.83391905
9593,5356034.568
9594,4670029.40371905
9595,5396215.24653333
9596,4114847.38113334
9597,4341453.04643333
9598,4921941.34893333
9599,3950015.65867143
9600,4528600.7116
9601,2840043.54439524
9602,3856826.8341
9603,3962016.3144
9604,4372747.2713
9605,4301382.1436
9606,3771628.62826667
9607,4395052.82526666
9608,4446755.26676667
9609,4807253.23119524
9610,4341064.1954
9611,3381294.14200159
9612,4357496.86697143
9613,4476979.5121
9614,3550972.2499873
9615,5580427.49833333
9616,4623514.8414
9617,4426590.68873333
9618,4358983.17376667
9619,4415138.85833333
9620,4510170.2156
9621,3953770.85214445
9622,4837888.51803333
9623,4982943.06225
9624,4272610.98433334
9625,3514212.24047619
9626,4663885.44396667
9627,4865444.25826667
9628,3639505.44757619
9629,4737665.3008
9630,4049008.10867778
9631,4850728.56469524
9632,4952269.6853
9633,4595692.87773333
9634,4784652.94179524
9635,2924997.87071111
9636,4211311.74056667
9637,2980279.01179048
9638,4528842.40446191
9639,3795686.54976667
9640,4819830.46753333
9641,4817762.05309524
9642,4386078.22003333
9643,3943156.172
9644,4569976.16662381
9645,3658564.49478254
9646,5524011.91103333
9647,4390481.63169524
9648,3653940.2476381
9649,4315844.19546667
9650,4067198.09276667
9651,3304709.03026667
9652,5023293.1116
9653,5209232.675
9654,4744575.02253333
9655,4117318.9546
9656,4078080.4984
9657,3873609.13559048
9658,3546305.3343
9659,4245860.92033016
9660,4013570.1301254
9661,4522129.12453333
9662,4712874.897
9663,3981919.89493334
9664,4076116.03470952
9665,4325066.52432857
9666,3789053.86419524
9667,3251648.59581111
9668,5111722.01363334
9669,3682781.32856667
9670,3592160.69630952
9671,4247499.62823333
9672,4534011.58175238
9673,5064706.8738619
9674,4257312.25729524
9675,4052670.0422
9676,4052690.44094444
9677,3683971.92374445
9678,4601898.33186667
9679,4687670.10726667
9680,3289867.62306667
9681,4034665.89306667
9682,4440777.84756667
9683,4682285.6311
9684,3891786.55184444
9685,5071579.32326666
9686,4251711.6612
9687,3531297.05741587
9688,4119820.10273334
9689,3624726.5078
9690,4968489.31743333
9691,3681198.28789524
9692,4198512.97003334
9693,4785379.22033333
9694,3140021.38257619
9695,4332304.09766667
9696,4989091.34156667
9697,4685421.92693333
9698,5046476.62896667
9699,4497076.47450476
9700,4648776.67116667
9701,3644912.60876667
9702,4421301.98939524
9703,4511538.18528254
9704,4335162.87232619
9705,3024295.3223
9706,3988851.73412857
9707,4153511.80428334
9708,4412582.15744286
9709,3929558.45908571
9710,4246026.6573
9711,4414139.62693333
9712,4582044.02732857
9713,4950684.84523333
9714,4024941.8157
9715,4708773.21943333
9716,5636199.1122
9717,4196752.4650619
9718,3844209.287
9719,3946920.6738
9720,4672977.71813333
9721,4788403.66472857
9722,3393486.58076667
9723,4387373.30495
9724,3972677.20796667
9725,4441164.65680476
9726,3700439.12604286
9727,5032731.25866666
9728,4726977.98646667
9729,5255005.62973333
9730,4188250.19856667
9731,4316377.49904921
9732,4320745.00943333
9733,4443886.43092857
9734,4092828.52555238
9735,4833962.3171
9736,4879064.3464
9737,4778329.4522619
9738,3780969.78287619
9739,4987400.59643333
9740,4524348.85216666
9741,4659862.88296667
9742,4329950.4863
9743,3862380.06060952
9744,4259762.0236619
9745,4383316.39074445
9746,5107261.6666
9747,3986835.2662
9748,4033969.33966667
9749,3591707.28933334
9750,3580872.50619206
9751,4727128.96741905
9752,3561999.26644286
9753,4208436.25703333
9754,3850247.69785397
9755,3329566.12733333
9756,4839607.3319
9757,4710434.7087
9758,4727260.52173334
9759,4256133.91321905
9760,4747907.9959
9761,4886217.94406667
9762,5140794.1294
9763,4222564.63516667
9764,4891421.2993
9765,5007976.53413333
9766,3400981.03080952
9767,3999378.61564286
9768,5279413.6563
9769,4879025.49766667
9770,4048536.17881905
9771,3859870.92274445
9772,5437510.41003333
9773,3298280.23403333
9774,4186725.28916667
9775,4194434.6807
9776,4429912.06243333
9777,5109382.92783333
9778,4356392.8538
9779,4751198.69073333
9780,3370535.07069206
9781,4184406.31683333
9782,4471897.61739682
9783,4019725.55450953
9784,4247442.00326667
9785,3974566.0279
9786,5117873.76254444
9787,4804112.6584
9788,5011272.26836666
9789,4207255.06915714
9790,4190947.31749048
9791,3577843.1494381
9792,4647706.05776191
9793,4542224.52002381
9794,3599696.93862857
9795,5125010.014
9796,4636821.1981
9797,3906197.49494286
9798,4987455.92203333
9799,4969884.88446666
9800,3325628.14091429
9801,3858048.7564
9802,4006713.84988095
9803,4528187.34921905
9804,3904577.89676667
9805,4667071.03266667
9806,3794663.58245238
9807,3531607.56246667
9808,4682980.56153333
9809,4757159.0968
9810,4604068.08393333
9811,4686480.94216667
9812,4967438.34731429
9813,5216602.2512
9814,4547589.1538
9815,4959535.74826667
9816,4727908.5879
9817,4361051.82118333
9818,3880107.62377778
9819,3767790.64687619
9820,4130301.6031
9821,4357879.46016667
9822,4415439.95356191
9823,4709784.62552857
9824,4304112.4946
9825,4884825.9239
9826,4264304.98196667
9827,4899275.1649
9828,4687225.11182857
9829,3517968.92327778
9830,3837133.60066667
9831,3903696.63156667
9832,3563419.1315
9833,3550970.9615
9834,4928315.89646667
9835,3919911.70223334
9836,4471022.57083334
9837,4510101.57586667
9838,3962751.57076667
9839,5079224.07446666
9840,4344645.72209048
9841,3728601.0728
9842,4651369.5864
9843,4452139.0864
9844,4382859.17523333
9845,4170411.04360953
9846,4176323.60863333
9847,4053428.75543334
9848,4144246.70543334
9849,4690928.6743619
9850,5220708.52223333
9851,3068413.02583334
9852,4397263.076
9853,3481617.35286667
9854,3438650.35989047
9855,5128179.58325238
9856,3905740.84777778
9857,4531076.96086667
9858,4248458.76843333
9859,4138079.49483333
9860,4333848.34955
9861,4645100.59224444
9862,3684738.38774286
9863,4427496.32461111
9864,4251319.09653333
9865,5038515.81816667
9866,4164172.98606667
9867,4432837.69073333
9868,5118395.00736667
9869,3125264.86699524
9870,4940234.82196667
9871,4270139.95623016
9872,4581625.94533333
9873,4246542.7932
9874,4163303.58683334
9875,4901431.97
9876,3488283.746
9877,5892968.57526666
9878,4165961.53414286
9879,4541785.20713334
9880,4334704.24274286
9881,4074762.13927778
9882,4943478.11533333
9883,5232591.198
9884,4124235.93086667
9885,4127067.2104
9886,4394331.19513333
9887,4375580.84413334
9888,4232933.01431429
9889,4628022.67216667
9890,4160523.43134445
9891,4176752.92443333
9892,4847773.00073333
9893,3605185.63445397
9894,4167617.7886
9895,4030619.24666667
9896,2971833.29022857
9897,4983600.70376667
9898,4845516.80719524
9899,4695122.25426667
9900,3842738.7539254
9901,4699769.72676667
9902,3983364.67343334
9903,4077082.0484
9904,5117501.44776666
9905,4432176.15776666
9906,4411913.68976667
9907,4119717.97853334
9908,4457922.51007778
9909,4116162.8088
9910,4107016.7351
9911,4394058.84866667
9912,2744824.7497381
9913,4834147.95306667
9914,3880505.66523333
9915,2896121.77098095
9916,4358097.2035
9917,3416862.18286191
9918,3760309.87556667
9919,4520845.40656667
9920,3838980.65529524
9921,3801694.54752857
9922,3959403.22697619
9923,4476301.68403333
9924,3872984.41843333
9925,4343085.15176667
9926,4645036.3857
9927,4332840.7356
9928,4000413.46102857
9929,3932074.63862857
9930,4462219.4402
9931,4384236.06070476
9932,3186250.4734381
9933,4493736.5897
9934,4259273.6946381
9935,3865149.70759048
9936,4791768.31173333
9937,4291390.72611111
9938,4288140.29582857
9939,4042575.93001111
9940,3741631.841
9941,5385767.12966667
9942,4352439.65736667
9943,3718703.6388
9944,3846499.17039524
9945,4847688.79143333
9946,4574057.52066667
9947,4160259.7603
9948,3711756.37803334
9949,4215988.4414
9950,4685268.65086667
9951,4710693.36830952
9952,5495169.6036
9953,4005612.92367778
9954,5332499.82516667
9955,5045914.0776
9956,2588130.5431
9957,4375572.05853334
9958,5059253.85153333
9959,4462744.68226667
9960,4741437.67486667
9961,5122838.2959
9962,4850485.42196667
9963,4070391.6261
9964,3808012.35635397
9965,3952927.26281905
9966,4635595.11393333
9967,4735222.39526667
9968,4270295.23403968
9969,4371865.99506667
9970,2884078.11458095
9971,2790504.67226667
9972,4840409.7368
9973,4501603.57393334
9974,5084149.63553333
9975,4856288.36756666
9976,4216375.9801
9977,4101345.94153333
9978,4570202.65948095
9979,4337525.38413333
9980,3780892.646
9981,3772816.57307619
9982,5116745.80686667
9983,4516939.70843333
9984,5252933.20283333
9985,3758171.90425397
9986,3010282.44096191
9987,4473267.56613333
9988,4806248.62126666
9989,3623860.9312
9990,4820106.32253333
9991,3670184.05773333
9992,4466643.24419524
9993,4090362.7435
9994,3523574.3464
9995,4903980.31663333
9996,4629589.64734762
9997,3182858.46205397
9998,4012647.3187
9999,4442594.3156
10000,4255838.11742857
10001,4712596.70663333
10002,4283725.88676667
10003,4529043.80853333
10004,4472743.7502
10005,3972043.58300476
10006,5618503.41491905
10007,4097845.14833333
10008,3842374.98499682
10009,3829285.05419524
10010,3738714.51206667
10011,4323449.70180159
10012,5413524.55376667
10013,3949981.51243333
10014,3831548.07601905
10015,5021002.90813333
10016,5002614.2362
10017,4590871.25763333
10018,4578063.41065714
10019,4796009.42416666
10020,4278647.97754286
10021,5416244.30133333
10022,3582744.44287143
10023,4635838.721
10024,3520457.7402254
10025,4619438.7684
10026,5122944.60497619
10027,4640934.05511666
10028,4372119.9324
10029,3941606.74923333
10030,4949340.47996667
10031,4174536.1279
10032,3940319.30805238
10033,4451466.21093334
10034,4438629.143
10035,3949531.16176667
10036,4890849.397
10037,4510121.33893333
10038,4270750.233
10039,3576910.42643334
10040,4840582.00136666
10041,4734142.05513333
10042,4858296.1019
10043,4207550.47143334
10044,4080030.9711
10045,4438185.57414286
10046,4748078.12146667
10047,4487602.41923333
10048,4225018.8487
10049,5279366.77236667
10050,4164316.90563333
10051,3810301.44323016
10052,3913729.16777619
10053,4697963.0789
10054,4097666.71811111
10055,4569213.82772857
10056,4929270.14107619
10057,4860544.6207
10058,3865923.23467778
10059,3955362.9679873
10060,3573314.33194286
10061,4371521.03665
10062,4267827.23575714
10063,4996786.95703333
10064,5281242.77873333
10065,4073786.13253334
10066,3947698.49796667
10067,4878991.27733333
10068,3427472.87437619
10069,4563896.42803333
10070,4334875.58473333
10071,4221150.2521
10072,4740222.968
10073,4080394.0449
10074,4141635.02564445
10075,4370402.71476667
10076,4469682.832
10077,4012549.19236667
10078,4587671.80980952
10079,4950844.36923333
10080,5387436.201
10081,5202296.47133333
10082,5159517.9922
10083,4607584.31754444
10084,4603446.05379524
10085,3877232.5194
10086,3155927.78534286
10087,4023030.83036667
10088,4807558.7723
10089,4032381.5355
10090,3218152.2849
10091,4791764.71723333
10092,4700509.71063333
10093,4479132.40564762
10094,4763251.15856667
10095,2951888.23834921
10096,4425559.22893334
10097,5058077.63269047
10098,4701343.60739524
10099,3891371.14488095
10100,3619994.84426667
10101,4046580.76603333
10102,2750870.31070476
10103,4833552.1573
10104,4496276.13846667
10105,4642396.8673
10106,4117907.17870476
10107,4074531.1415
10108,5425594.55923333
10109,5046316.49587778
10110,4436989.80326667
10111,3658786.75237778
10112,4936755.14103333
10113,4672788.61823333
10114,3383874.21799048
10115,4084436.5814
10116,4925860.39976667
10117,4543863.21173333
10118,4490718.68873333
10119,4313172.82026666
10120,3748830.61256667
10121,4939037.60913333
10122,4472256.32400476
10123,4451727.6430619
10124,5050872.8117
10125,4417087.16953334
10126,4637066.6363
10127,3813844.209
10128,3502467.76598095
10129,4115281.59672064
10130,5111278.46576666
10131,4293842.40601905
10132,4177134.8335
10133,4803584.81033333
10134,4206282.41926667
10135,4905226.8087
10136,4672080.396
10137,3857015.77456667
10138,3891444.2039
10139,3581641.39075397
10140,5560514.2346
10141,4217581.76476667
10142,4251760.6592
10143,3830231.48006667
10144,5041756.38941905
10145,3780994.98867619
10146,4371895.30693333
10147,3017407.51535714
10148,4827091.83442857
10149,4111110.75566667
10150,4755989.60785238
10151,5079872.36873333
10152,4113856.95829524
10153,3786168.75683334
10154,3079535.55654286
10155,4962929.53406666
10156,5020245.25423333
10157,3939493.76063333
10158,4256117.74383333
10159,4242207.41213333
10160,4328630.41576666
10161,4650273.0746
10162,3560875.888
10163,4499421.24866667
10164,2465609.35190952
10165,4308615.43193333
10166,3591008.6905254
10167,3835563.6138
10168,4657535.56676667
10169,3344066.06653333
10170,3810365.327
10171,4122130.7002
10172,4596036.9447619
10173,5319151.77173333
10174,3864204.53472064
10175,4418738.64054286
10176,3556960.1919
10177,4470715.554
10178,4140680.7244381
10179,4329849.0083
10180,4355742.90472857
10181,4858447.78926666
10182,2925840.74514444
10183,4562717.55693333
10184,4165494.50817778
10185,4497983.19853333
10186,5314335.26756667
10187,4026387.3813
10188,3974215.52563333
10189,5611522.83023333
10190,4287461.1373
10191,3987791.41385714
10192,4479865.72631111
10193,4381173.7594
10194,4132491.94801905
10195,4385827.2585619
10196,3939391.31679524
10197,4448765.14277301
10198,4403357.39474444
10199,3737048.3930873
10200,3631848.94553333
10201,3926222.40733333
10202,4164596.64413333
10203,4888190.77903333
10204,5008816.7229
10205,5105916.32181667
10206,5180807.08946666
10207,3480932.34856349
10208,3374252.10886667
10209,4315722.95883333
10210,4313442.59946666
10211,3902991.29833334
10212,4631940.46773333
10213,4149631.59816667
10214,4773802.95621905
10215,4902448.99304445
10216,3326674.64426349
10217,5478897.20901905
10218,4181202.6182
10219,5594562.1278
10220,3879487.6766
10221,4439495.59702064
10222,4005923.59671429
10223,3589321.16192857
10224,4852832.68336666
10225,5308937.95313333
10226,4435735.05151667
10227,3999347.76679524
10228,4496494.3521
10229,3947465.59041428
10230,4933588.5784
10231,4544929.41933333
10232,5276876.71609524
10233,4018811.17856191
10234,4201384.189
10235,4903850.3591
10236,3712217.45191111
10237,4304265.8797
10238,2980338.79297619
10239,4516671.62157778
10240,3537128.47600635
10241,4603981.7221
10242,4906123.7419
10243,3963193.18771905
10244,4065589.5556
10245,3841246.8295
10246,4453193.68457778
10247,4139435.79116667
10248,4656435.10663333
10249,4940770.11476667
10250,4021697.8041
10251,4645238.35029524
10252,4353227.86737619
10253,3517045.5742
10254,4513531.78853333
10255,3392662.94984286
10256,4266235.3975
10257,4966583.2998
10258,4286002.9336
10259,4585760.71092857
10260,5421212.04803334
10261,4990007.13536667
10262,3471637.0611
10263,5135234.05799524
10264,4093889.96616667
10265,4439117.80896667
10266,4754629.66428571
10267,4151549.7991
10268,4202306.25883333
10269,4141615.78013333
10270,4572897.64471111
10271,4220376.51963334
10272,5208689.47843334
10273,5348124.8222
10274,4646939.44503334
10275,4281925.8223
10276,5059895.8509
10277,3549641.63390952
10278,4788518.69933333
10279,4394861.57446666
10280,4046381.28804286
10281,3904637.0277
10282,3770341.82389524
10283,4011111.16966667
10284,3889175.91513334
10285,4090209.80015714
10286,4450247.86326666
10287,4758489.0231
10288,4025661.91216667
10289,3187055.7829
10290,3482705.57969524
10291,3400661.64426826
10292,4586356.4628
10293,3943728.75756667
10294,4420740.06467778
10295,4426008.2543619
10296,4135889.93185238
10297,4476082.8287
10298,4791481.59676667
10299,4504786.27096667
10300,3984506.51386667
10301,4361575.11350952
10302,4745274.27243333
10303,4121043.64446667
10304,3433263.59359048
10305,3143041.22824286
10306,4287125.11922857
10307,4243034.1001
10308,4004822.42713334
10309,3620550.88170952
10310,3926007.30106667
10311,5533133.3619
10312,3697400.88083333
10313,4378416.52732857
10314,5603349.22368571
10315,4603976.71592857
10316,4464435.93342857
10317,4751417.9439
10318,4650017.4381
10319,4273788.4933
10320,4186679.06622857
10321,4728335.75943333
10322,4073734.98884445
10323,4917726.0139
10324,3528532.77353333
10325,4661503.07162857
10326,4024587.81913334
10327,4920985.272
10328,4206658.49991111
10329,4231602.229
10330,4297141.94053333
10331,4498080.83573334
10332,3700439.12604286
10333,4440472.28393333
10334,3412286.57483333
10335,3962666.1952
10336,4387012.9516
10337,4203062.44122857
10338,4311921.55404286
10339,4337001.30728333
10340,3935438.46913334
10341,4068969.24098254
10342,3924772.68190952
10343,4246721.77382381
10344,4285570.00156191
10345,4006469.87344444
10346,2725302.28489683
10347,2682079.07733333
10348,4219344.16523333
10349,4919794.90416666
10350,4027651.60596667
10351,5766367.03026667
10352,4343637.40886667
10353,3641793.62800952
10354,3689028.41344762
10355,3739895.4573
10356,4088779.59386667
10357,3972677.20796667
10358,5218127.806
10359,3859826.08640635
10360,3483676.29754762
10361,4634079.17633333
10362,5072403.03083333
10363,3885722.40445397
10364,3285032.34406667
10365,4499590.8396
10366,3907632.69983333
10367,2569295.81760952
10368,4027235.40663333
10369,4510086.5388
10370,4256757.0597
10371,4285007.3465
10372,5417616.21073333
10373,4669063.65763333
10374,4612100.9389
10375,4832721.32183333
10376,4928313.32993333
10377,3903316.07086667
10378,4536531.40266667
10379,4929671.18903333
10380,5069791.45943333
10381,2772830.2881
10382,5309107.98436667
10383,4388613.91866667
10384,5027605.1286
10385,4822967.8611
10386,4762868.27806667
10387,4595189.08466667
10388,4510419.1281
10389,4736729.81116667
10390,4142879.01089524
10391,3300515.2474
10392,4245586.32378334
10393,3930623.72151111
10394,4452427.53086667
10395,5157374.49873333
10396,5090176.2311
10397,4524511.90189524
10398,4151781.16306667
10399,4150550.09469524
10400,4078884.47523333
10401,4658641.3281
10402,4630015.09996667
10403,4408255.26311905
10404,4878192.1828
10405,4841781.89316666
10406,3128365.8102
10407,4115634.32426667
10408,4974739.02735238
10409,3873783.29166667
10410,4560831.31913333
10411,4798666.90133334
10412,4688886.2552
10413,3945232.97783333
10414,3604666.84863333
10415,4872293.65923333
10416,4605948.81118095
10417,4615083.24213333
10418,3913619.00180952
10419,4446829.69763333
10420,3284024.19716191
10421,3625835.77428095
10422,4358052.86976667
10423,4498373.87853333
10424,5081863.01376667
10425,4546528.37533333
10426,4582516.24383333
10427,5183497.95956667
10428,4314666.58116667
10429,4754882.60413333
10430,4035227.99396191
10431,4416748.27491667
10432,4684901.47306667
10433,4506449.52556667
10434,4567080.50821905
10435,4294106.96701111
10436,4054471.90800952
10437,3504993.37943334
10438,4582077.8335
10439,4705943.2618
10440,4097653.16263334
10441,4469160.09937143
10442,4511384.90023809
10443,4373257.11796667
10444,4310290.29254286
10445,3503811.88963333
10446,3501618.87125714
10447,4712972.936
10448,4316753.1820619
10449,3815998.10992857
10450,4365186.2495
10451,3991169.05633333
10452,3897264.9948
10453,3460088.86700476
10454,3854656.55866667
10455,4193708.021
10456,4559024.94223333
10457,4603903.7481
10458,3759804.26293333
10459,4636488.3731
10460,4372329.82028572
10461,4875657.43133333
10462,3283478.37637619
10463,5026131.8832
10464,4829329.47793333
10465,4525007.73033333
10466,4568930.07793333
10467,4313278.39347778
10468,5016201.87996667
10469,3541556.02954286
10470,4577294.43566667
10471,5163363.26793333
10472,4544890.51886667
10473,4035268.3357
10474,2569295.81760952
10475,4861920.6836
10476,5176954.0725
10477,4028520.12008571
10478,3994466.63342857
10479,5341160.87236667
10480,2902231.71114444
10481,4131740.04686667
10482,3898166.7025
10483,3796378.32721111
10484,4133537.01133334
10485,4214501.30062619
10486,4395251.78811111
10487,4170242.2370873
10488,3783703.59704762
10489,4093061.77844445
10490,3989047.53706667
10491,4054643.9231
10492,2403275.72392381
10493,3686031.78161112
10494,4921832.91816667
10495,3766804.38376191
10496,4520544.79308571
10497,4026234.89696667
10498,4876495.31666667
10499,4932023.31616666
10500,4305810.21296667
10501,4635439.13303333
10502,2856672.69736191
10503,4742701.0927
10504,3759484.1154254
10505,3420018.00834444
10506,4038834.33436667
10507,3601821.36793333
10508,4551566.257
10509,3610791.20086667
10510,4094700.76170953
10511,3758931.18478254
10512,3830580.59633334
10513,5124211.8708
10514,4916460.462
10515,4421823.17070952
10516,4372500.37416666
10517,3891696.35936191
10518,3905179.0686
10519,4204340.84671429
10520,4264500.31403334
10521,4143463.38119206
10522,4580355.96946667
10523,2795301.37374286
10524,4819588.33093333
10525,5068084.5326
10526,4318481.0223
10527,3342208.7105873
10528,4329980.41623333
10529,3505559.35037619
10530,4728622.37336667
10531,3906080.29069048
10532,3388106.77443333
10533,5087313.91683333
10534,4382430.23575238
10535,5366361.23933333
10536,4665806.49666191
10537,3288303.83523333
10538,4539092.2414
10539,4463991.76406666
10540,3971616.13797143
10541,4316982.3541
10542,4590039.01513333
10543,3930529.63230476
10544,3895524.53677143
10545,4033166.20805238
10546,5112359.40556667
10547,4498641.24324444
10548,5045259.69623333
10549,3966915.80876667
10550,3912311.40366667
10551,3332530.9969
10552,4462510.28136666
10553,4346834.74913333
10554,4783825.2205
10555,5657808.72931905
10556,4430971.66236667
10557,3075472.16146667
10558,4103354.48528572
10559,4123063.1434
10560,4408480.16946667
10561,5129782.1911
10562,5244089.83548571
10563,3790052.51066667
10564,5451913.76363333
10565,3833187.23123333
10566,4375803.9694
10567,3853310.29056667
10568,4479038.6235
10569,4291273.77363334
10570,3214940.91576667
10571,3983857.62366667
10572,3629187.54097143
10573,4558588.86303333
10574,3150045.0872
10575,4553713.02743333
10576,4146641.93627778
10577,4701538.00833333
10578,2699828.13937619
10579,4183916.99086667
10580,5053071.2754
10581,4657902.18845238
10582,4772254.09803334
10583,4275955.54114444
10584,4624292.9385
10585,4803156.67994286
10586,4683592.1664
10587,4596692.39571111
10588,4626501.83906667
10589,4561178.01783333
10590,4906732.93729524
10591,4580816.2823
10592,4037472.21763334
10593,3630012.02346667
10594,4551938.04376666
10595,4396232.83183333
10596,5546480.5671
10597,5823012.33576667
10598,4608554.03496667
10599,4681606.94423333
10600,4306199.08396666
10601,4476097.54006667
10602,4710977.38243333
10603,3859227.32120953
10604,4258924.37586667
10605,3830834.6997
10606,4145050.69036667
10607,3630914.23406667
10608,3599239.22811429
10609,4128598.58567143
10610,4213424.54617778
10611,2675206.82780952
10612,4019642.35706191
10613,4223665.20959524
10614,4956939.24373333
10615,3722297.54393333
10616,4164142.08490476
10617,4920049.51116667
10618,4337376.74446667
10619,3002484.67361588
10620,4658062.92415238
10621,4334540.47396667
10622,4393813.00743333
10623,5338393.5571
10624,4672447.50809524
10625,4191411.2644
10626,3112088.47136667
10627,4136494.24183809
10628,4994746.17723334
10629,4259956.46401111
10630,4202362.74946667
10631,3846468.6699
10632,4235485.79563333
10633,4626957.12176667
10634,5029957.2844
10635,3647567.73104444
10636,4882006.28473334
10637,4120372.51224444
10638,4535848.0527
10639,4513506.9398
10640,3338930.27082064
10641,4823655.45066666
10642,4824057.3902
10643,4436311.51436667
10644,4103466.9786
10645,4242735.7897
10646,4303186.45569524
10647,4658263.80193333
10648,4136802.98033333
10649,3870887.5639
10650,5767129.42393333
10651,3994695.80340476
10652,4603904.77463333
10653,5325684.48625238
10654,4303393.86973334
10655,3864497.351
10656,4505007.64756666
10657,4153160.45953333
10658,4334429.74059524
10659,3245871.01230476
10660,3662116.98571112
10661,4905510.95776666
10662,5270917.0122
10663,4704917.8506619
10664,5353097.83226667
10665,5351077.8886
10666,3387771.69740476
10667,5351313.99523333
10668,4491303.2311
10669,4585387.07733333
10670,4300289.72273333
10671,4049335.13112857
10672,5102451.14103333
10673,4397509.4596
10674,3905044.81203334
10675,3988246.17313333
10676,4335994.7072
10677,4365559.90085
10678,3730085.0947
10679,4158916.8898
10680,4210622.8266
10681,3510022.82629524
10682,4053730.63423334
10683,5395108.65373333
10684,5230911.77181904
10685,4693965.7647
10686,4132274.3166
10687,4457759.53017778
10688,5023779.44146666
10689,4237761.56816667
10690,4808231.81873333
10691,4902467.7247
10692,5597058.99543333
10693,3961001.71187778
10694,4534133.1711
10695,3992451.20430952
10696,4191583.401
10697,3891363.80663333
10698,4156102.6147
10699,3644465.6833
10700,4899048.53533333
10701,4772917.88131111
10702,4548273.20752381
10703,3973521.20097778
10704,4646194.25706667
10705,3678692.85963333
10706,5179609.9091
10707,5040192.91676667
10708,3308682.29411111
10709,3761380.66183333
10710,4636630.392
10711,4326591.00653333
10712,4540338.62386667
10713,3909274.55492381
10714,4178587.47646667
10715,4262366.70207778
10716,4988832.99656667
10717,4593679.90106666
10718,5107553.42326667
10719,4272654.27442381
10720,5184511.05183333
10721,4085973.579
10722,3949353.464
10723,3937460.40903334
10724,4695661.09713334
10725,4834889.72796667
10726,3627128.58924286
10727,4716518.39503333
10728,5144166.95266667
10729,4350696.07697778
10730,4486914.08773809
10731,4225229.81223333
10732,3061358.27384286
10733,4875002.85216667
10734,5274337.23055
10735,4259730.92926667
10736,4153049.19223333
10737,4578202.64
10738,5101801.11766667
10739,3462125.24516667
10740,4252346.71006667
10741,4369967.8636
10742,4131660.54855238
10743,5117704.8877
10744,4540372.78518572
10745,4490469.25163333
10746,4616587.84036667
10747,4011078.45446667
10748,3384372.08130952
10749,4496225.3482
10750,4402206.01462857
10751,4994492.24043334
10752,4989128.76286667
10753,4306657.99243333
10754,5078461.904
10755,3591319.0223
10756,5210795.77023333
10757,3990302.66406667
10758,4135852.73892381
10759,4784014.65253333
10760,3467386.39417778
10761,4140455.86560952
10762,3954344.54144444
10763,4082816.78476191
10764,4203969.36926667
10765,4187840.05136667
10766,4555024.93543333
10767,4251310.23666667
10768,4586902.0971
10769,4179291.24676667
10770,4474957.95843333
10771,4281091.7939
10772,3587275.35290159
10773,3666734.87816667
10774,3918173.98673333
10775,4123794.81836667
10776,4499224.715
10777,4562633.47530476
10778,4113956.93933016
10779,4243159.41263333
10780,4390236.57266667
10781,4036204.5545381
10782,4646196.1307
10783,4623226.8718
10784,4293383.68356667
10785,4049866.38906667
10786,5308884.96223333
10787,3966564.8944
10788,5846999.7201
10789,4517037.61743333
10790,4294895.58892857
10791,2938004.90297619
10792,4738514.86983334
10793,5356929.98136666
10794,4013598.7301381
10795,3711196.46885873
10796,4846386.927
10797,5455764.6326
10798,4459279.60313334
10799,5805108.31623333
10800,4474539.99641111
10801,3946220.62758571
10802,4516240.68356667
10803,5174810.3411
10804,3972880.1863
10805,3925238.1116
10806,4886608.99863333
10807,4406392.29763333
10808,3988544.6593873
10809,5169304.60916667
10810,3593276.02631905
10811,2573893.9528
10812,4294982.59657619
10813,4377679.95366667
10814,3172312.33886667
10815,5132426.5992
10816,4419370.0231
10817,2905384.75677619
10818,5005522.8738
10819,3910686.4372
10820,4945820.67126667
10821,3467346.57282857
10822,4979225.40303333
10823,4659914.18713333
10824,4291555.45406191
10825,4232237.65841905
10826,3681290.27143333
10827,4737853.6991
10828,4558409.68587619
10829,4409027.53173333
10830,4524706.78295
10831,5140309.70882857
10832,5249592.27186667
10833,4954182.89516667
10834,5152377.55683334
10835,4166417.3958
10836,4379812.31613333
10837,4032454.0274
10838,3859057.03086667
10839,4562725.3844
10840,4019517.13712857
10841,4241185.37592857
10842,4924628.98289524
10843,4059490.63783333
10844,4357916.396
10845,4939652.60263333
10846,5192167.26543333
10847,4095458.70336667
10848,3173431.302
10849,4677696.6341
10850,5400845.19109999
10851,4651003.1009
10852,4786350.17976667
10853,5262478.37103333
10854,4620627.74101111
10855,3993952.22693969
10856,4671938.97363333
10857,4761468.94616667
10858,3785666.55219524
10859,4481836.38337778
10860,4896563.45416666
10861,5424733.7256
10862,3957678.78363968
10863,3854419.64399048
10864,5260299.8574
10865,4895326.49835238
10866,4762603.39893333
10867,4955003.07233333
10868,3949208.95980952
10869,4457167.84603333
10870,4617921.87790001
10871,4215567.23069524
10872,4073508.03437302
10873,4574745.41170952
10874,3763717.83813333
10875,4640304.84873333
10876,4373046.9779
10877,4201752.76973333
10878,3485163.63295714
10879,2507168.27041429
10880,3903121.45473333
10881,4232773.28423333
10882,4606311.71836667
10883,4369680.138
10884,3614919.63306191
10885,3997005.87726667
10886,3158693.04210953
10887,4137267.8426254
10888,4452068.47767619
10889,4554669.82201111
10890,4263222.76416667
10891,3462774.56267143
10892,4349670.4954
10893,4772278.59316667
10894,4499557.09454445
10895,4524091.36583333
10896,3310910.76874286
10897,4101693.12383334
10898,4023475.89946191
10899,4102168.59083333
10900,3926097.54136667
10901,4652084.06116191
10902,3651683.88157619
10903,3953926.15476191
10904,5017248.11486667
10905,4263584.23882857
10906,3798858.8294
10907,3744300.07274286
10908,4250977.19213334
10909,4132997.06673333
10910,4340026.0545
10911,4189362.59523333
10912,5396023.5243
10913,4877844.01166667
10914,5736851.4272
10915,4875482.2266
10916,4229491.21866667
10917,4230000.56412857
10918,4631418.05124445
10919,4080962.81336191
10920,4183396.94076667
10921,4814111.30587778
10922,4031057.13013334
10923,4244669.09786667
10924,4512615.27886666
10925,3792744.62854286
10926,4384477.27612857
10927,3938999.26416667
10928,5245058.85156667
10929,4279929.37596667
10930,4517352.98842857
10931,2728174.66180952
10932,4022080.29506667
10933,4941001.48371667
10934,4632730.064
10935,3328794.75734445
10936,3789815.01009524
10937,4807609.6578
10938,4401920.54006667
10939,4274241.85373333
10940,4687395.0457
10941,4425241.60823333
10942,3908750.8612381
10943,5094872.01728571
10944,5122249.4373
10945,3566817.70506667
10946,4918214.01456667
10947,4156347.86415238
10948,4047982.91384286
10949,4165075.79243333
10950,5178081.04683333
10951,5056934.12463333
10952,4094962.06163334
10953,4803766.81696666
10954,4472192.52540952
10955,3502286.8006
10956,3369598.67691429
10957,5793224.72646667
10958,4629042.80625397
10959,4666024.0944
10960,3845382.78454921
10961,4154032.04636667
10962,3750009.42953333
10963,4268535.61683333
10964,3991764.93983334
10965,5308358.12473333
10966,4131572.3878
10967,5319420.8187
10968,3182740.83136667
10969,3740510.80893333
10970,3641336.64333333
10971,4037033.69467619
10972,3980546.75613333
10973,3005407.89740953
10974,3818653.8352381
10975,4192100.60336667
10976,4063871.5784
10977,4882401.70296667
10978,3685564.09033334
10979,3893637.2259
10980,4513334.69432857
10981,5437208.725
10982,4834779.219
10983,5122979.1203
10984,4729125.49463333
10985,4358482.0359
10986,2464323.41011429
10987,4076693.11757619
10988,5294740.99116667
10989,3462485.59196191
10990,4502428.57473333
10991,4615896.691
10992,4333434.03356667
10993,3811095.12003334
10994,4240430.93545239
10995,4992810.75787619
10996,3741133.60473333
10997,4737245.86256191
10998,4653534.92791429
10999,2954258.11826191
11000,5116883.47546666
11001,4063612.72653333
11002,4686484.51473333
11003,4119239.13157143
11004,4605135.4076
11005,4754803.6358
11006,4886913.2608
11007,4424483.4249
11008,4012707.36681429
11009,4116889.907
11010,3874458.93246667
11011,3926255.81243333
11012,3880943.53921111
11013,3407223.57617619
11014,4730501.70506666
11015,3885224.44267778
11016,4149285.38483333
11017,4811595.0553
11018,4402263.5692
11019,4264518.8103
11020,4227285.78616667
11021,4467374.498
11022,5068516.88543333
11023,3369624.32524445
11024,4571665.70456667
11025,3865870.17916667
11026,3208549.4907381
11027,2796701.69476349
11028,3900765.8187
11029,4672070.14083333
11030,4475829.3177
11031,4430890.36819524
11032,4907765.30726667
11033,4262361.47976666
11034,3566385.15593333
11035,4326594.06176667
11036,4928952.68396666
11037,4851587.33116667
11038,4890443.64
11039,4131917.74783333
11040,5222634.50936667
11041,3842279.89423334
11042,4461504.73917619
11043,4192269.2421
11044,3508973.59971111
11045,4012999.25314286
11046,3624218.25819524
11047,5689340.44588572
11048,3827991.89761111
11049,4736524.59286667
11050,4886489.88333333
11051,3270625.63287301
11052,4486857.21393333
11053,2737802.45156667
11054,4132441.06196667
11055,4913683.49051904
11056,4246078.69934286
11057,3913514.43504286
11058,4830902.70771904
11059,4810900.69436667
11060,4383763.12648571
11061,5718289.87613333
11062,3782465.03675715
11063,4061008.8811
11064,3732410.0202
11065,5076883.2183
11066,4120338.52593333
11067,3575825.35576191
11068,3955315.45031111
11069,4200254.32871111
11070,3939521.0532
11071,5004542.04836666
11072,5388847.11276667
11073,4326973.96560952
11074,4746839.33003334
11075,3640641.34784286
11076,4541588.76884445
11077,4283775.18399683
11078,4243153.41828254
11079,4484862.76026667
11080,3614355.0504
11081,3061805.33433333
11082,3807335.86223334
11083,3450943.71942857
11084,3934831.70853334
11085,4562391.39026667
11086,4356308.1682
11087,3346713.68266667
11088,4807860.66348571
11089,4123672.40684444
11090,4560348.07130476
11091,4376807.51003333
11092,4160255.17065238
11093,3903142.63442857
11094,4883170.82503333
11095,2863113.3463
11096,3258403.49696667
11097,4018370.1089
11098,5151021.86056667
11099,5040608.87196667
11100,4436540.10836667
11101,3713754.75719524
11102,4656272.05816667
11103,3861148.80744286
11104,3375256.24340476
11105,3609420.17167143
11106,5062845.77503333
11107,4682845.9812619
11108,3535413.15094286
11109,5063804.84896667
11110,4622355.47371905
11111,4618155.80606667
11112,5384480.72073333
11113,4669134.5108
11114,3798973.30937143
11115,3966966.7455
11116,3333851.18589524
11117,4167477.78743333
11118,4145932.53673333
11119,3348486.04722063
11120,4537573.48036667
11121,4225934.22315714
11122,4019266.17986667
11123,3735013.91394762
11124,5107810.78921905
11125,3334452.95354286
11126,4677408.1774
11127,3770685.26008096
11128,4390733.08383333
11129,4672076.85333333
11130,4248668.78313333
11131,4831240.88463333
11132,4525625.15643333
11133,3700870.68733333
11134,4043674.88307778
11135,3622263.81697302
11136,4838150.15936666
11137,4019991.07633334
11138,4789766.50636667
11139,4928118.26784444
11140,4958561.46779524
11141,3862986.94916667
11142,4597476.09636666
11143,4519863.61885238
11144,4230457.63276191
11145,4457878.6268492
11146,3349158.6339381
11147,3727901.87853333
11148,3981414.23074445
11149,4099182.27636667
11150,4002668.50214286
11151,4826624.57333333
11152,4263790.48703333
11153,4774892.8731
11154,4933031.0605
11155,4103406.7188254
11156,5103184.56646667
11157,4825032.4178
11158,4217137.51643333
11159,3432604.84251111
11160,4930456.83656667
11161,4539231.67126667
11162,4737880.7699
11163,4423162.48183333
11164,4176341.93853334
11165,4774015.27543333
11166,4305201.75867143
11167,4372174.60479286
11168,5204690.25646667
11169,3847131.0027254
11170,3918086.73933333
11171,3839855.043
11172,4925249.9131
11173,4889270.73066666
11174,4193292.66941111
11175,3148400.91053333
11176,4111726.46083333
11177,4044544.76781111
11178,5225591.23056667
11179,4635421.33594286
11180,4847183.12955238
11181,4450075.05183333
11182,4450330.03776667
11183,4871015.16713333
11184,4438733.43323333
11185,4949159.88236667
11186,4560541.80993333
11187,4943773.53142857
11188,5277983.52323333
11189,4027842.73756667
11190,4464740.36403333
11191,4315280.2462
11192,4587334.27113333
11193,3706914.6808
11194,4016061.78567619
11195,3720372.6113
11196,3232592.95092857
11197,3799182.29059524
11198,5505535.01666667
11199,3764961.36987619
11200,2671114.58206667
11201,4005254.77584286
11202,5057689.61183333
11203,4358713.05086667
11204,3656750.00238095
11205,3376740.34703334
11206,4781045.18083333
11207,5074732.5424
11208,4142365.12863333
11209,3831802.45983333
11210,4312450.41846667
11211,4273093.01939048
11212,4603645.92443333
11213,4170087.5738
11214,4189284.98713334
11215,5317855.54053333
11216,4151228.61013333
11217,3782657.04010635
11218,4767169.3037
11219,5266269.25636667
11220,2936197.86564762
11221,5209452.5897
11222,4450826.30606666
11223,3885790.7555381
11224,4738466.48161905
11225,3442998.36380476
11226,3770885.61406667
11227,4878474.6975
11228,4428789.49543333
11229,2978641.08570952
11230,3914267.3228
11231,4037336.5506
11232,6029766.3071
11233,3996458.12761905
11234,4143457.57336667
11235,4136405.60403333
11236,5981084.60833333
11237,4101574.48084445
11238,5195937.6067
11239,3091136.57506667
11240,3747241.36023333
11241,4077610.4532
11242,4223654.56446667
11243,4927864.26236666
11244,4128896.8884
11245,4355355.19156667
11246,3449574.1206
11247,4865875.00603333
11248,4135632.08272857
11249,3579872.63347778
11250,4526590.7962619
11251,3911563.90669524
11252,4171706.01050953
11253,4311350.0212
11254,4761657.35826667
11255,4520753.44832063
11256,4278724.8978
11257,4204611.98509524
11258,3969287.9693
11259,3827537.5855
11260,3920689.48496667
11261,4619659.8142
11262,3964280.19436667
11263,4305684.49611111
11264,4754390.87866667
11265,4621967.28153492
11266,4188518.82026667
11267,4486620.8758
11268,4690579.03556667
11269,4177524.81423333
11270,4083813.21671111
11271,5014951.89523333
11272,3980255.4013
11273,4829059.5599
11274,2662237.40434762
11275,4425549.31171905
11276,5162455.1326
11277,4278175.7171
11278,4259827.09082064
11279,4550839.65536667
11280,4378721.50652857
11281,4669277.9684
11282,5273178.62745238
11283,4967070.27203333
11284,4608849.87883333
11285,3931291.05316667
11286,3871193.85132857
11287,3807796.3628
11288,4969534.55796667
11289,3769067.02289524
11290,4734393.0182
11291,4940646.34866667
11292,4893514.8385
11293,3973807.8154
11294,4073510.68106667
11295,4387474.0215
11296,3578024.30791905
11297,4853634.48956666
11298,4456722.24113333
11299,4808253.82737778
11300,3999465.09236667
11301,5239591.28752857
11302,3640329.29406667
11303,3871377.61593333
11304,5148648.5109
11305,3937628.68371429
11306,3581683.40510952
11307,4401310.34313334
11308,3454933.31849524
11309,4583827.37166667
11310,4829310.43146666
11311,3103192.43943968
11312,5001187.09876667
11313,3914200.88083333
11314,3950212.32199524
11315,3845398.56888572
11316,4511342.99786667
11317,3819666.96213333
11318,4351497.3397492
11319,4016070.52826667
11320,3398737.63309048
11321,3434904.57437778
11322,4451232.77194445
11323,3606542.56590953
11324,4474559.79226667
11325,4699628.92166667
11326,5322601.99713333
11327,4651357.25203334
11328,5786815.48823333
11329,3267311.48306667
11330,4128350.06253333
11331,5043844.4518
11332,4371338.80746666
11333,4884368.1328
11334,4120339.02813334
11335,5287839.196
11336,5062467.61043333
11337,2379973.98060952
11338,3771446.31183333
11339,4678889.72403333
11340,4659328.51726667
11341,3599241.90252381
11342,4947055.84783333
11343,4620327.7669
11344,3927085.98003334
11345,3564271.00026667
11346,4885563.93702857
11347,4658205.9665
11348,4480124.30144444
11349,4434315.9204
11350,3508568.24243333
11351,4459736.5023
11352,4573478.9479
11353,3548662.341
11354,4859594.86976666
11355,4182431.01716667
11356,4534757.75966667
11357,4582162.16293333
11358,4703264.55956666
11359,3881721.51986667
11360,3975371.33475238
11361,4408405.368
11362,4593918.90966667
11363,3770020.24166667
11364,4030568.15846667
11365,5388500.6335
11366,4982153.5037
11367,4628606.21586667
11368,5539361.68443333
11369,4504680.63722857
11370,4631091.60844286
11371,3611695.73636191
11372,4587919.13666667
11373,3811406.59857302
11374,4564284.97322857
11375,4506218.1428
11376,4431750.4693
11377,5135844.47046666
11378,4501182.0019
11379,4542809.40593334
11380,4804078.76733333
11381,4471067.90283333
11382,4823375.345
11383,3879360.69067778
11384,3809942.99123334
11385,3778831.47396667
11386,3426227.87047143
11387,2885762.24788095
11388,5173893.63604444
11389,4693679.5381
11390,4751302.42183333
11391,4213360.31358333
11392,5317762.67355238
11393,5019992.32503333
11394,5020036.66856667
11395,4384807.19273333
11396,4730453.41036667
11397,4347181.77048572
11398,3913577.34977778
11399,4205599.05510952
11400,4158081.70320952
11401,5378881.85156666
11402,4611074.17503333
11403,3625796.60463016
11404,4412389.7897
11405,4798599.78019524
11406,4922458.38313333
11407,4222513.87783333
11408,4008092.0895
11409,4176333.70569524
11410,4144336.62326667
11411,4167403.12651905
11412,4943617.6294
11413,4494690.9344
11414,4365554.30525238
11415,4123109.60833333
11416,3909644.33129524
11417,3930512.75766667
11418,4453269.9527
11419,4858790.54036667
11420,4928614.96405714
11421,4177135.53643334
11422,4011985.03107302
11423,4595932.9254
11424,4023694.21609524
11425,4822106.31256667
11426,5203867.2267
11427,5019004.02373333
11428,4985324.50403333
11429,4034238.98395238
11430,4499610.2964
11431,5837963.75593333
11432,4455166.59926666
11433,3915327.64603333
11434,4010540.6994
11435,3452006.11436666
11436,4252339.72143333
11437,4740266.72566667
11438,4619914.71559524
11439,4662403.19396667
11440,3988165.73362381
11441,4650013.2558
11442,4452277.66850001
11443,4134761.62523333
11444,4342104.10926667
11445,3723386.2739
11446,4069405.13064444
11447,4689262.83213333
11448,4336963.88360952
11449,4226688.54276666
11450,4115848.44256667
11451,2761185.03840952
11452,3989533.61365
11453,4514786.64287143
11454,4754745.86915714
11455,4188674.15786667
11456,4266540.77573333
11457,5414908.59993333
11458,3694889.9579381
11459,5451116.57303334
11460,4520765.3618
11461,4685183.67006667
11462,3017451.17293333
11463,3801478.93623333
11464,3550064.90541429
11465,3427472.87437619
11466,3921723.59783333
11467,4877606.80976667
11468,4572980.91823333
11469,4367008.8039254
11470,5231611.47873333
11471,3374546.98644444
11472,3742609.2227
11473,4310485.15328571
11474,3774745.95853333
11475,4270240.43449524
11476,4228653.555
11477,4275989.5453
11478,4200848.90203334
11479,4599385.32603333
11480,3919076.39166667
11481,4933838.27056667
11482,4290090.78636667
11483,4482268.24454444
11484,4227243.17313333
11485,3634366.32287619
11486,4396225.9701873
11487,3897203.39713333
11488,3868102.25574762
11489,4193425.11557778
11490,2867282.4011
11491,4034949.35603333
11492,4337816.18943333
11493,4277694.32240952
11494,3857473.53407143
11495,4647226.35406191
11496,4394782.76574762
11497,5164431.85236667
11498,4587856.71296667
11499,4747137.8841
11500,4417464.33053333
11501,4603405.35833333
11502,3990247.70424286
11503,4772893.28660476
11504,3267027.60523333
11505,4117226.47123333
11506,5278332.9328
11507,4681903.94009048
11508,4135401.43146667
11509,4492833.0764
11510,3892339.2776
11511,4327365.833
11512,3593277.60006667
11513,3885685.2094
11514,5400070.63623334
11515,4343271.1693
11516,4605331.28056667
11517,4952611.8806
11518,4545544.99286666
11519,3732552.04196667
11520,4030990.11646667
11521,4646181.6529
11522,4145590.02923333
11523,4288827.99826667
11524,4430161.73743333
11525,4536035.30473333
11526,4259687.9998
11527,4739863.49546667
11528,4428680.5373
11529,4958156.4157
11530,4438627.23873333
11531,3412525.42910159
11532,4638248.31186667
11533,5177592.61923809
11534,4736558.4042
11535,4292698.46155238
11536,4634580.4572
11537,4851340.14543809
11538,4669039.2007
11539,4718002.42613333
11540,5244612.4075
11541,4005572.565
11542,4068038.04703333
11543,4023825.33386667
11544,4284364.4331
11545,4856416.66976666
11546,4932619.03728571
11547,4651565.3346
11548,3970702.11923334
11549,3367294.37671429
11550,4193746.3145
11551,5229543.0801
11552,4064426.17396667
11553,3911336.41396191
11554,4483927.92416667
11555,4627160.04096667
11556,3980453.13222857
11557,4417777.80933333
11558,4002119.6830619
11559,4213515.03633333
11560,3506129.78613334
11561,4768257.70173333
11562,4728887.93223333
11563,3909197.5793
11564,4840879.2423
11565,4978534.00996667
11566,5516607.04718571
11567,3633837.59673334
11568,4678806.90986667
11569,4316796.54093334
11570,4177604.86353333
11571,4661404.88218334
11572,4611759.8293
11573,3058014.15787143
11574,4559817.09576667
11575,3456804.48536349
11576,5217202.9719
11577,3755060.48956667
11578,4485312.4141
11579,3947795.1594
11580,4734508.42283333
11581,4534930.0408
11582,3544136.35653334
11583,4250563.0626
11584,3959036.69007619
11585,4625593.3418
11586,3788666.62171905
11587,5044291.00263334
11588,4588981.31376667
11589,4143290.07262857
11590,4210405.8335
11591,4590509.01986667
11592,4259938.31722857
11593,5365929.61453333
11594,4983357.13193333
11595,4639918.81536667
11596,4019906.5907
11597,4579720.4947
11598,4787869.14963333
11599,4721377.87535238
11600,5014506.65643333
11601,4147453.14935238
11602,4319500.93095238
11603,3710868.38331111
11604,4818564.09803334
11605,4348653.5614
11606,3786599.22393333
11607,4671700.18646667
11608,4136778.60366667
11609,3621751.45756667
11610,3454305.55825714
11611,4389795.86563333
11612,4059446.51084445
11613,4308506.27683334
11614,4452115.59076667
11615,4124399.05216667
11616,4409371.05016667
11617,4791779.6368
11618,4639038.49836667
11619,5349384.9119
11620,4411703.46303334
11621,4392716.4334
11622,2734449.5319
11623,4576394.90377143
11624,4331475.8031
11625,4469706.81314444
11626,5375638.00083334
11627,4900588.42016666
11628,4341140.61986666
11629,4313944.03403333
11630,4932793.6674
11631,4167653.50453333
11632,4098885.6669
11633,4553027.34236667
11634,3697929.72354762
11635,3858236.35953333
11636,4049593.15156667
11637,4390117.59643333
11638,4848345.82126666
11639,3803668.69366667
11640,5801943.4103
11641,4384578.7833
11642,4180566.21324444
11643,4384136.13841666
11644,5249883.73676666
11645,5011910.77063334
11646,3850922.62287143
11647,4084651.1662
11648,4989364.9361
11649,3927421.97506191
11650,4495670.62876667
11651,3653926.70193334
11652,4030737.8987381
11653,3780763.35290476
11654,4926290.71173333
11655,4755386.09851905
11656,5330022.55276667
11657,4484801.88023333
11658,4562217.99414444
11659,4443853.0018
11660,4288245.54726667
11661,4351187.25483333
11662,4294878.5858
11663,4889585.8116
11664,4198600.62733334
11665,4339128.96572857
11666,4623482.14662381
11667,4121718.05353333
11668,4770052.37873333
11669,5044615.05543333
11670,5461077.0323
11671,2454573.85750476
11672,6168015.0402
11673,4939761.7501
11674,3999323.52626667
11675,2808991.939
11676,4076138.83355873
11677,4902373.26446667
11678,5584099.07173333
11679,5022604.19906667
11680,3910418.22866667
11681,3793582.91939524
11682,4399523.38401666
11683,4516488.56816191
11684,4504719.33166667
11685,4825918.79483334
11686,4502080.15333333
11687,3998922.82903333
11688,3762731.66535238
11689,4895832.48053333
11690,4895021.95323333
11691,3905888.94975397
11692,3426050.0262
11693,4231702.84862857
11694,3788332.91286191
11695,4058862.79683333
11696,4277129.63441111
11697,4744393.07726667
11698,5280342.13252857
11699,4215527.31106667
11700,4163052.52166667
11701,4036204.5545381
11702,3338054.19694444
11703,4324166.69426667
11704,3794856.30193333
11705,4302592.0303619
11706,3204606.1723
11707,2866180.41611111
11708,4385684.51943333
11709,4494982.90713333
11710,4237047.37943333
11711,3753855.3801
11712,4466130.04623333
11713,3681151.48638254
11714,4492786.21973333
11715,3842487.39553016
11716,4721038.5671
11717,4068629.71443334
11718,5127536.8287
11719,4271718.99652381
11720,3882339.86582857
11721,4369090.93296667
11722,3947184.98296667
11723,3870900.01804445
11724,5401148.884
11725,4533848.59271111
11726,2864391.95653333
11727,4675210.80436667
11728,4573350.5795619
11729,3155364.8718
11730,4163318.0089
11731,5502906.66416666
11732,4646672.66446666
11733,4739295.3319
11734,3459546.2677381
11735,3810098.8557381
11736,4122635.63393334
11737,4613318.81706667
11738,4406457.27846666
11739,3943153.5388
11740,4550030.96443333
11741,4007021.69086667
11742,3864524.10564444
11743,3662456.22736667
11744,4436893.64090952
11745,3956983.05923334
11746,4277462.6604
11747,4423862.1062
11748,4432602.95185714
11749,4423616.6569
11750,4670712.81623334
11751,4156902.3602
11752,4814503.76111905
11753,4723119.5321
11754,5627538.65526666
11755,4811452.8822
11756,4706134.52653333
11757,5242051.50683333
11758,3903795.81283334
11759,4740985.89442857
11760,4844553.71655
11761,4193580.1689
11762,4362930.51367619
11763,3172485.23981111
11764,5629851.98706667
11765,5066170.20103333
11766,4029879.60023333
11767,4295528.90316667
11768,4827484.57685238
11769,5073474.64486667
11770,3636404.34283333
11771,3745480.2680381
11772,4177762.0809
11773,3704629.35859048
11774,5282124.13258095
11775,3615522.06105397
11776,5377783.92026667
11777,3844796.96726667
11778,4860961.98666667
11779,3598814.07897143
11780,3038080.7098873
11781,5059579.70973334
11782,4280688.21593333
11783,4183016.85553333
11784,4210978.8144
11785,4923953.22526666
11786,4283900.46286667
11787,4140221.55486667
11788,4826502.41703334
11789,2843837.20596667
11790,4405688.36613968
11791,4829092.541
11792,4496817.3801
11793,4571232.17493333
11794,4709315.1375
11795,4038627.95874286
11796,3668545.97764444
11797,5409643.15423333
11798,3867696.20999524
11799,3113559.26633333
11800,4410889.58193333
11801,4141488.47686667
11802,3783029.39343333
11803,4808064.47024762
11804,4790941.59063333
11805,5011446.91766667
11806,4169479.87855238
11807,4449068.82483334
11808,3836277.32015397
11809,4332923.15306667
11810,3909521.90136667
11811,3576246.98382063
11812,4185090.0819
11813,4423160.43606666
11814,4637864.09126667
11815,3817905.4232
11816,4548326.75593333
11817,4414496.8178
11818,4371664.84997619
11819,3625416.1202
11820,4935906.596
11821,4616162.5106
11822,3414299.76937143
11823,4835263.6086
11824,3862381.37984445
11825,4820616.25485238
11826,5522826.28583334
11827,3946999.7663
11828,3956387.92694444
11829,5021193.37036666
11830,4147171.59463333
11831,5763052.44473334
11832,5435688.78043333
11833,4989313.64305238
11834,4116442.70463016
11835,3472332.37916667
11836,4484990.3751
11837,3676580.90503333
11838,4589134.47996667
11839,4336817.88828333
11840,4515178.41273333
11841,3788927.2289
11842,3830636.56676667
11843,4945381.73993333
11844,3957604.7431
11845,5023204.10007778
11846,3943954.00803333
11847,4241549.6515
11848,2440346.55334286
11849,4596772.99699524
11850,4626167.4417619
11851,4766820.07165238
11852,3858654.31037619
11853,3721432.90856667
11854,4157444.49103968
11855,3498458.34544762
11856,4499108.96377619
11857,5049231.28393333
11858,5009721.54103333
11859,4070390.2505
11860,4293739.97603333
11861,4092947.60401429
11862,4847604.34976667
11863,4991703.30896667
11864,4418381.02229524
11865,5136488.66253333
11866,5220246.36973333
11867,3552954.71735714
11868,4898712.0316
11869,4431830.23438571
11870,4745612.46883333
11871,4574695.58223333
11872,4579840.80000476
11873,4247264.54693333
11874,4425156.90455238
11875,4354164.84425238
11876,3966678.55863333
11877,4856860.91393333
11878,3943726.93138095
11879,4399726.32893333
11880,4274365.43073333
11881,4221071.25926667
11882,4500866.12293334
11883,5028063.8831
11884,3943714.1426
11885,4746583.4849
11886,3096578.29740476
11887,3766803.4898
11888,4816803.2925
11889,3264920.31105397
11890,4555874.61236666
11891,3010688.0799
11892,3939129.8722
11893,4416785.86302857
11894,3824234.22656667
11895,4482653.59286667
11896,4482918.909
11897,4758841.25779524
11898,4843302.35646667
11899,4614933.48163334
11900,4268622.85593334
11901,5735593.65216667
11902,4146397.65931111
11903,4109983.74313333
11904,4016885.74701905
11905,4402001.32653333
11906,4658717.20573333
11907,3755108.35916667
11908,4870736.61973333
11909,4195633.04172063
11910,5246132.6469
11911,4373837.89936666
11912,4608840.07303333
11913,4651967.10007778
11914,4294282.21636667
11915,3915290.35963016
11916,4452771.36923333
11917,5566435.64776667
11918,4007956.41663333
11919,5311027.7791
11920,3883055.27276667
11921,3974613.60648254
11922,4765703.72256667
11923,3937817.43873334
11924,4711158.2142
11925,4539781.28723333
11926,3436312.33032064
11927,4297676.21023333
11928,3886846.96103333
11929,3512542.07926667
11930,4430174.96983333
11931,4384289.93010476
11932,4438265.60123333
11933,4066335.08596667
11934,3833055.95383334
11935,4327603.34403016
11936,4920165.45343334
11937,4062999.93856667
11938,4009133.66863333
11939,4371915.5046
11940,4567780.54926666
11941,4309362.87933333
11942,4597565.9752
11943,4784137.017
11944,5525132.20993334
11945,4237792.36171905
11946,3520491.03874762
11947,4689114.20116667
11948,4753658.68226667
11949,4521177.80405
11950,4233153.50596667
11951,4110940.51957778
11952,3293537.45334921
11953,4799837.58019524
11954,5312175.09313333
11955,4454210.98472857
11956,3453359.94267143
11957,3579612.57388254
11958,4603661.15756667
11959,4733371.78676666
11960,4551267.50353333
11961,4134249.2986
11962,4434861.53596667
11963,4301769.39163333
11964,4688578.12133333
11965,4642454.9248
11966,3750390.60007778
11967,4471961.32123333
11968,5050935.5388
11969,3790818.17517619
11970,4276555.1086
11971,4559258.459
11972,4799061.78113333
11973,3463680.02386191
11974,4990845.91103333
11975,4842586.13206667
11976,4199077.20166667
11977,4856403.96256667
11978,4383751.91266667
11979,4574809.81106666
11980,4921795.97726667
11981,4234666.21323334
11982,3638710.57950476
11983,4887510.50206667
11984,4128733.66926667
11985,4366297.57806667
11986,3363473.43150159
11987,4700441.334
11988,4961710.45841111
11989,3570146.83593016
11990,4336214.59423334
11991,4780294.75843333
11992,3649991.0657381
11993,3647372.2075
11994,4062776.87853333
11995,4479054.24523333
11996,4547374.26177778
11997,4788691.23469524
11998,5160850.47413333
11999,4359412.30553334
12000,3820368.9454
12001,4459287.2002
12002,4915537.34083334
12003,4444648.75321905
12004,4701509.915
12005,4675583.80355
12006,4624895.96461111
12007,4049627.924
12008,3535908.13862064
12009,6198343.33286667
12010,5070231.53186667
12011,4167281.87996667
12012,4613629.0226
12013,4722571.66527777
12014,3900929.34346667
12015,4642098.8553
12016,4730890.32473334
12017,4204508.59902857
12018,3548031.37163333
12019,3895587.2986
12020,5088185.2619
12021,3100065.93226667
12022,4360047.17024445
12023,4390544.3001
12024,4271413.87063333
12025,4380638.20365714
12026,3936111.89446667
12027,3826535.09876667
12028,3533458.53463334
12029,4610993.70811905
12030,4857448.50426667
12031,4597926.2676
12032,4590226.15152857
12033,3739187.4192
12034,4556278.74071905
12035,4795442.4436
12036,4404556.48213334
12037,2984215.49505397
12038,3817274.09269524
12039,5176223.75866667
12040,4147963.00593333
12041,3852097.04003333
12042,3732794.10161587
12043,4668644.23166667
12044,4209855.48949524
12045,4237278.09140635
12046,4034554.94373333
12047,4440606.54714444
12048,4485527.27223333
12049,4728194.89256667
12050,4531829.79483333
12051,3136806.34992857
12052,4479051.57716667
12053,3619561.60203334
12054,4327470.53303334
12055,5062484.18046667
12056,5033057.36966666
12057,3986653.1358
12058,4562591.02479048
12059,4122583.91775
12060,4107919.48513333
12061,4068550.30784921
12062,4001356.37576667
12063,3393369.73750952
12064,4685494.185
12065,4695729.9216
12066,3974009.21845397
12067,4923879.69461905
12068,4906760.41673333
12069,4328206.76233334
12070,4999659.3373
12071,4029584.92253334
12072,4170450.62276667
12073,3877993.1498
12074,3795149.07306667
12075,4068185.58553333
12076,4016754.49817778
12077,3805146.6402
12078,4016303.45786667
12079,4756742.77504444
12080,4542101.67627778
12081,3644716.79252857
12082,3697561.58356667
12083,5120036.9261
12084,4394523.8394381
12085,4326626.09163333
12086,4236473.35266667
12087,4122791.44273334
12088,4894811.43536667
12089,4641793.7345
12090,4361136.0588
12091,4350089.3791
12092,5370028.26693333
12093,4416439.98616667
12094,4227436.6408
12095,4375348.13376667
12096,3067879.51545714
12097,5099101.8119
12098,4101870.99173334
12099,4791606.1815
12100,3285884.0091873
12101,4993595.11976667
12102,3842599.0657
12103,3665332.48581111
12104,4777946.49356667
12105,4916322.93053333
12106,3764786.99147619
12107,4073595.87386667
12108,4331598.41993333
12109,4271889.47796666
12110,3443365.5001
12111,4664274.78976667
12112,4445013.52493333
12113,4686141.72798254
12114,3778831.47396667
12115,4766833.51383334
12116,3966893.53571111
12117,4775274.98693333
12118,4254960.12017778
12119,5001486.52133333
12120,5111147.45089524
12121,4718394.5219
12122,3332640.70382063
12123,4128819.53397778
12124,3885915.33921111
12125,4353680.64416667
12126,3471983.91283333
12127,3964286.9193
12128,4482778.71106667
12129,4718382.20025714
12130,4036100.90283333
12131,4844079.13578571
12132,4829870.10773333
12133,4861484.1894
12134,4436350.62496667
12135,4456898.8293
12136,4213504.88316667
12137,4990479.1743
12138,4584296.1036
12139,4889984.29493333
12140,4549131.12996667
12141,4186330.78736667
12142,3503157.7925
12143,3301874.0931
12144,5646099.51473333
12145,4061242.29426191
12146,4941120.67199524
12147,4222518.73996667
12148,4468733.61573333
12149,4755929.78143333
12150,4354338.2747
12151,3023900.69738095
12152,4043705.93674286
12153,4317596.71395
12154,3663075.73563334
12155,3765550.09763333
12156,5578035.51796667
12157,4368201.41566667
12158,4835287.00896667
12159,4181799.66272857
12160,4562643.8109
12161,4943461.7165
12162,5003756.33186667
12163,4933900.297
12164,4642164.81673333
12165,5526503.7522
12166,4475875.2669
12167,4194070.87127778
12168,2934810.84317143
12169,3995212.94369048
12170,4615536.84983809
12171,4044972.5825
12172,4890885.82266667
12173,4021669.13773334
12174,4964313.85166666
12175,3983222.86634762
12176,4492294.23873333
12177,3236958.79235715
12178,5366781.44123333
12179,5055406.48753334
12180,5239441.18036667
12181,4714881.64169999
12182,4526121.40496667
12183,3145547.5481
12184,5184823.77183333
12185,4284000.93153333
12186,5365550.86336667
12187,4003499.38343333
12188,3405079.9341
12189,3810271.57416667
12190,4206617.49616667
12191,4816437.12106667
12192,4017028.52855952
12193,4097301.9081
12194,5138177.74056667
12195,4666281.16427143
12196,3292982.76023333
12197,4465227.45036667
12198,4289575.76306667
12199,3755071.64611111
12200,3967828.86716667
12201,4778242.98773333
12202,4207199.17866667
12203,4770317.08446667
12204,4313891.00943333
12205,4917778.60081667
12206,3775610.95396349
12207,5034833.73143333
12208,3483423.21321111
12209,4879955.80482857
12210,4340559.5885
12211,5257881.1694
12212,4001261.50323334
12213,4001665.741
12214,3469198.29495714
12215,4771696.49623333
12216,4359414.21139048
12217,5189173.6898
12218,4753762.4629
12219,4427626.7336
12220,4235168.45156666
12221,3879315.21777619
12222,5013050.2985
12223,4512158.51443333
12224,4221547.54213334
12225,5622060.783
12226,4267082.89253333
12227,4094711.61439524
12228,4763384.4976
12229,4158655.08316667
12230,3433042.18923333
12231,3294990.3608381
12232,4979602.03793333
12233,4123826.50406667
12234,4313682.78123333
12235,4252772.66851905
12236,3955228.44836667
12237,4904190.23503809
12238,3899326.2827873
12239,4469517.11003333
12240,3258181.8311
12241,2896597.38096667
12242,3964585.26196667
12243,4024207.66391587
12244,4859011.39550952
12245,3421136.30993334
12246,3485185.85513334
12247,4091077.40393333
12248,4005102.69871111
12249,4267481.26956667
12250,4130247.23973333
12251,4482429.9891619
12252,4466398.57259524
12253,5057162.08549524
12254,4087542.0488
12255,4515108.5852
12256,4062374.03040953
12257,3749729.98131429
12258,4408708.09353333
12259,4580616.85342381
12260,4418205.74946667
12261,4826768.8075
12262,4030333.96185714
12263,3902870.1205
12264,4858660.46893334
12265,4155722.59287143
12266,4307075.40303333
12267,4839131.80503333
12268,3859749.82873334
12269,4760306.93613333
12270,4189854.30173333
12271,2834735.77494286
12272,4983760.37256667
12273,4865924.62288571
12274,3006067.01812381
12275,4797122.4964
12276,3018679.0338
12277,5483640.18756667
12278,4689889.14146666
12279,4522206.0565
12280,4864617.59676667
12281,3683125.07510476
12282,4096326.64432857
12283,4470109.9545
12284,3609559.00034286
12285,4345056.63106667
12286,3728873.24042857
12287,4001188.8043
12288,4232196.0377
12289,3154486.38387619
12290,4974877.44697619
12291,4727800.3728
12292,4995848.55386667
12293,4485742.84106667
12294,4068459.29036667
12295,3436312.33032064
12296,4692710.73472857
12297,4187852.14296667
12298,3711851.83024445
12299,4505023.85378571
12300,4186616.8860381
12301,5035071.58003333
12302,3704522.00836191
12303,5389341.07473333
12304,4138796.4752
12305,4660243.91291429
12306,5182719.96673333
12307,4304072.8144
12308,4273158.14616667
12309,4274840.5151
12310,4629166.28970952
12311,5077316.2262
12312,3736099.49932381
12313,2410520.91794286
12314,4360924.19175238
12315,3770924.71697778
12316,4151003.02494286
12317,4002128.5322
12318,4544509.31453333
12319,5531958.06156667
12320,4595246.68476667
12321,4446541.3332
12322,4217992.82343333
12323,3607723.50994286
12324,4143760.76936667
12325,4848238.42688571
12326,4850275.6349
12327,4244789.95126666
12328,3835536.65566667
12329,4580741.21405238
12330,4426060.1943
12331,4354788.05193333
12332,2540170.63664762
12333,4337438.96911111
12334,3437540.36530476
12335,4040409.48399048
12336,4851554.14593333
12337,4298935.81473333
12338,5065309.95706667
12339,4634187.6369
12340,4078315.60453333
12341,4317962.99764445
12342,3398526.23951429
12343,3592483.66877619
12344,3952741.0519
12345,5253278.35013333
12346,4506951.44416667
12347,4368343.88633334
12348,4129877.35963333
12349,4917370.4275619
12350,3507651.65163334
12351,4791727.0948
12352,4643279.04908571
12353,5091718.97126667
12354,3703039.8834
12355,4312925.8881
12356,3818940.72776667
12357,4323400.0169
12358,4619319.11193333
12359,4381780.00623333
12360,5103859.5421
12361,5079134.1423
12362,3976478.30423334
12363,4081603.85583333
12364,4417916.2874619
12365,4086000.56256191
12366,4233966.21373333
12367,4178651.01673333
12368,4223240.911
12369,4116639.9003
12370,5132913.02283334
12371,4683800.11393333
12372,3271196.0415873
12373,4399089.8721
12374,3306529.92547619
12375,3317643.22234286
12376,4181013.26029048
12377,3315243.0997
12378,3615336.63069524
12379,3835339.8978
12380,3942193.34817778
12381,3717739.5776
12382,4640162.4982
12383,4342315.3837
12384,5299688.80703333
12385,4254894.75822857
12386,3486544.21676191
12387,3657056.75460952
12388,3273384.88397619
12389,4512695.37646667
12390,4963398.81736191
12391,3443540.7706873
12392,4002676.31036667
12393,4282190.33933333
12394,4570480.88833333
12395,5023329.00186666
12396,4182029.28776667
12397,4409015.84733334
12398,3950862.7139
12399,3706914.6808
12400,4499160.32857778
12401,4921075.85823333
12402,4533284.0739
12403,3800084.01078095
12404,4115095.01407778
12405,5403230.27372858
12406,4073456.85943333
12407,4640990.1309
12408,4000818.66366667
12409,2915016.15284445
12410,3386373.12943333
12411,4210294.39517302
12412,4798845.16206666
12413,5388245.15646667
12414,5111302.44296667
12415,4878858.45013333
12416,3820608.74613334
12417,4214719.8209
12418,3459325.87849048
12419,4190676.29656667
12420,5011116.63463333
12421,4236330.51236667
12422,3610517.31485238
12423,4525807.64416667
12424,5260728.74546667
12425,4177787.0743
12426,3318429.03192063
12427,3473807.87753492
12428,4533042.33206666
12429,4504437.37936191
12430,4660234.8469
12431,5444595.74293333
12432,4031495.17643333
12433,3547387.62442064
12434,3885685.2094
12435,4338626.29416667
12436,3179245.5013
12437,4142155.11235238
12438,5143210.53333333
12439,4153453.03583334
12440,4267536.63336667
12441,4753015.37503333
12442,4024967.1282
12443,3860027.44786667
12444,4472166.69181111
12445,3025206.28054921
12446,4130479.67323334
12447,4815310.84903333
12448,3499664.20705397
12449,3858255.7375
12450,4138183.61223333
12451,3914171.17713333
12452,5166364.33932381
12453,3344906.62703333
12454,5199852.49413333
12455,4377577.64042381
12456,5104484.63803333
12457,3907725.19487619
12458,5751665.21853333
12459,3632686.68547619
12460,4351968.99036666
12461,3935080.11260476
12462,2917614.98917619
12463,4897720.96856667
12464,3604694.35533334
12465,3626665.13646667
12466,4308295.25967778
12467,4921484.99603334
12468,4121498.75641111
12469,4445097.4249
12470,4424575.26699524
12471,3901452.61943333
12472,4660991.79316667
12473,5162151.60573333
12474,4401335.59393333
12475,4605276.06706667
12476,4389337.54374286
12477,4597585.854
12478,4944195.48306667
12479,3912604.13406667
12480,3666193.35551905
12481,4947785.01533333
12482,4658223.74183333
12483,4531277.88769524
12484,3235282.8427873
12485,5308238.84116666
12486,4889062.59996667
12487,4418746.16023334
12488,4137494.92221667
12489,4205722.40455397
12490,4326872.4862
12491,4550736.08933333
12492,5371735.0077
12493,4905989.31403334
12494,4680095.63103334
12495,5052870.89126191
12496,4779017.26586667
12497,4533760.97036666
12498,3854286.60933333
12499,3604693.17106191
12500,4010706.60072857
12501,4289766.18756667
12502,4518970.43866667
12503,4143558.0821
12504,3733253.90243016
12505,4230208.47543333
12506,4963172.2384
12507,4519297.91371111
12508,5416563.53893333
12509,4266194.83645714
12510,3417901.05426667
12511,3174655.8092619
12512,4836278.8323
12513,4203675.33654286
12514,3908235.66167619
12515,3686324.09296349
12516,3124784.60786667
12517,4377007.5447
12518,4377915.82223333
12519,2825914.89447619
12520,4458681.72563333
12521,4310298.85096667
12522,4966739.72146666
12523,3928831.98446667
12524,4407178.0971
12525,4093628.51802381
12526,4064746.5142
12527,3079535.55654286
12528,4646748.1356
12529,4871239.65823333
12530,4486561.48481905
12531,3804229.52058572
12532,4478682.19276667
12533,3852210.40500635
12534,4684390.43713333
12535,4819053.89753333
12536,3447818.372
12537,3789266.19183334
12538,3286963.22246667
12539,4420819.17776667
12540,4675513.13726667
12541,5083649.35321905
12542,4034983.4822
12543,3993134.2556
12544,4804042.44654445
12545,4562519.56913333
12546,4117723.83223333
12547,3859385.66649048
12548,4228252.12294286
12549,4505073.5701
12550,4271704.67696667
12551,4195070.106
12552,4523886.86013333
12553,4564895.30023333
12554,3784642.28754286
12555,5008344.93795238
12556,3628077.8793
12557,4652354.83663333
12558,3953122.34136667
12559,4207377.20553333
12560,4752345.6684
12561,4275986.81083333
12562,4707667.21573333
12563,4407379.9354
12564,3546599.44743333
12565,4234113.81357143
12566,4964064.7567
12567,4576913.3447
12568,4326914.8327
12569,3611504.80767619
12570,5394496.4116
12571,3032358.43481111
12572,4329881.43159524
12573,3978277.53991905
12574,4042874.11684921
12575,3645479.0320254
12576,4229923.48206667
12577,4849315.9401
12578,4689930.9086619
12579,3949191.50660952
12580,3881472.61532857
12581,4403980.73903333
12582,3827105.47263333
12583,3848410.60033333
12584,4262211.89423333
12585,4301394.0105
12586,4516571.90923333
12587,4582659.69247619
12588,3195575.81358095
12589,4271991.82806667
12590,4743773.69586667
12591,4021652.07486191
12592,4895569.45093333
12593,3671161.51534921
12594,4204683.63943333
12595,4282944.40226667
12596,4237531.70416667
12597,4510883.73006667
12598,3487421.87526667
12599,4047750.3762
12600,5211117.52373333
12601,3711570.50946191
12602,3970034.7525
12603,4740879.4306
12604,4025155.04566667
12605,4721915.42626666
12606,4291920.66716667
12607,4850417.28166667
12608,4057938.51647778
12609,4144694.21663333
12610,4623845.7165
12611,4588504.33276666
12612,4016455.61463809
12613,4715810.65786667
12614,5138765.74703333
12615,3314493.53327619
12616,3917784.52066667
12617,3972257.25124444
12618,5823372.01356666
12619,4019271.3114
12620,3591465.12615714
12621,4714482.30813333
12622,4304075.58156825
12623,4065022.7319
12624,4464270.92016666
12625,4465126.7535
12626,4346790.68346666
12627,4318537.37046667
12628,4385245.55816667
12629,3409745.17716667
12630,4238644.10233333
12631,3996081.8793
12632,4481446.88753333
12633,4797002.04943334
12634,4480614.97283333
12635,4035470.0046619
12636,4531846.20123333
12637,3726597.3496
12638,4441437.97996667
12639,3349963.66752857
12640,5043197.03106667
12641,4645532.71716191
12642,4733089.34809524
12643,4938004.3326
12644,3971856.275
12645,3223995.84020476
12646,3687011.2008381
12647,4347512.22881111
12648,3984253.43996666
12649,3296955.01751111
12650,4800189.83843334
12651,3707802.17554921
12652,3963029.61041111
12653,3639738.51586667
12654,3171375.93763334
12655,4089220.94790952
12656,4713212.964
12657,5193604.43329524
12658,4140270.04721429
12659,5033534.7777619
12660,3678903.26758571
12661,4948062.9559
12662,4257471.02176667
12663,4808539.19933333
12664,3731024.28996667
12665,4101114.10506667
12666,5149929.66916666
12667,5332068.2935
12668,4329622.658
12669,5397537.33636666
12670,4928197.28353334
12671,5119602.82751905
12672,4644105.9436
12673,3409307.0467
12674,4721485.67073333
12675,3443225.38613333
12676,4310519.6325
12677,4360766.37753333
12678,5900668.48806667
12679,4098357.85728572
12680,4463772.93333333
12681,5369269.89033333
12682,4423299.71783333
12683,3532082.06727778
12684,5025129.06836667
12685,4251050.1814
12686,3703855.78496667
12687,5091613.56283333
12688,4248920.64933333
12689,4397891.17316667
12690,2493338.02160952
12691,5102638.12093333
12692,4350447.51214444
12693,3972685.63983334
12694,4471597.59463334
12695,4648999.53796667
12696,4582391.49913334
12697,3721815.14763333
12698,4198269.95807619
12699,3987000.7021
12700,3401151.05903333
12701,4684690.79761905
12702,3444283.37524444
12703,3690369.66497302
12704,3997566.78492857
12705,4570255.7125
12706,4912598.326
12707,4573002.43636667
12708,4095550.03586667
12709,4388043.87994444
12710,4691211.52846667
12711,4467454.2625
12712,3817765.3319381
12713,3666769.5326
12714,4728928.30666191
12715,4375270.99483333
12716,3743220.5055
12717,4930368.632
12718,3715668.52439524
12719,4547773.59787778
12720,4841249.21759048
12721,5900259.88383333
12722,4528461.99037143
12723,3984618.9763
12724,4127856.5086
12725,5001853.77193333
12726,3969794.25145714
12727,3920207.44284444
12728,4762424.15833333
12729,5040105.32216667
12730,4387849.13736667
12731,4885488.62973333
12732,4636647.39226667
12733,4315873.10633333
12734,3632453.25631588
12735,4594599.99936666
12736,4888583.24523333
12737,4421711.8212
12738,4498081.0826
12739,3349995.04554286
12740,3021569.57739524
12741,4940300.06686667
12742,5135141.85626667
12743,4709902.30603333
12744,3511902.01983334
12745,4321794.85160952
12746,5014036.5728
12747,5361021.16006667
12748,4234169.08531429
12749,3926271.91523334
12750,4725967.69271905
12751,5240078.7023
12752,3568632.49004286
12753,4669172.98443333
12754,4008493.5261
12755,4173073.4652
12756,4534845.86473333
12757,4469990.49666667
12758,4451401.63871905
12759,3539110.29142064
12760,4645584.31413333
12761,4682421.38856666
12762,5036354.82926667
12763,4294847.97881111
12764,2747705.37050476
12765,5097563.11323333
12766,4137119.63163333
12767,4931935.12899524
12768,4620297.11715238
12769,4162548.89966667
12770,3183350.45293016
12771,4729579.49206667
12772,4454049.89353809
12773,4518409.43889524
12774,4749612.70182619
12775,4436023.96242857
12776,4071843.14919524
12777,4388291.72393333
12778,4846843.781
12779,4276613.23947619
12780,4012453.5418
12781,4310594.73784444
12782,4558256.23516667
12783,4735065.4097
12784,4275022.27137619
12785,4890124.1864619
12786,4420263.23873333
12787,5688073.45223334
12788,4887310.52016667
12789,4607072.1629
12790,4378525.80514444
12791,4180285.34156667
12792,4353214.46716667
12793,4608734.17673333
12794,4909036.05216667
12795,4523169.5161
12796,5026178.80767778
12797,4044692.48473333
12798,5232554.26703333
12799,4915831.79736667
12800,4671969.154
12801,4570975.0726
12802,5918084.86173333
12803,4869110.5424
12804,4046871.36779524
12805,3783727.12177619
12806,5452144.92603334
12807,4754745.86915714
12808,3922230.84443333
12809,4608178.56833333
12810,4515267.04952857
12811,4548095.0472
12812,3949395.55189206
12813,4567601.6651
12814,4313914.50833333
12815,4592980.1629
12816,5414109.4092
12817,3679140.6804
12818,4437644.73744286
12819,5031634.5247
12820,4774519.58149048
12821,4104278.8412
12822,4750782.59523333
12823,5246442.87783334
12824,4696239.83683333
12825,4834759.63529524
12826,5093496.21699047
12827,4316848.2825
12828,5334252.97546667
12829,4334860.59636666
12830,3718410.9421
12831,4160909.46576667
12832,3639505.44757619
12833,3938964.38336667
12834,3666030.75154286
12835,4499686.9218
12836,4121787.85176667
12837,3391940.42176667
12838,4269534.32029524
12839,4018245.83443333
12840,4035190.76
12841,3889883.22173333
12842,4290419.41160952
12843,4592222.70203334
12844,4313010.7013
12845,4277800.61606667
12846,4397634.34505714
12847,4797158.26048571
12848,4215541.06313334
12849,4964751.56643333
12850,4422719.52693334
12851,4088435.1375
12852,3791163.86193333
12853,4760016.475
12854,4307572.07966667
12855,4684553.485
12856,4852553.914
12857,4169510.84449048
12858,4538039.7158
12859,4233136.7361
12860,4390050.0297
12861,4056692.74236667
12862,4120116.65646349
12863,4878958.03793333
12864,4758867.34314444
12865,4918955.9444
12866,4404932.5434
12867,4639027.83573968
12868,4886679.31352857
12869,4612066.44773333
12870,4772173.09976666
12871,4648468.02713333
12872,3873783.29166667
12873,4416029.15186667
12874,5059159.02509047
12875,4522469.21946667
12876,4026305.10557778
12877,4692304.97386667
12878,4024068.20415714
12879,5335969.05266667
12880,3758372.60196667
12881,4017014.5614
12882,3345040.97846667
12883,6450000.2195
12884,2447681.34522063
12885,4701671.8434
12886,4573197.50266667
12887,4127894.17863333
12888,4321224.94843333
12889,4749759.73491905
12890,5137922.62983333
12891,5311200.2784
12892,3798532.79948731
12893,4892290.08716667
12894,3876055.73977778
12895,3926631.6009
12896,4815700.26446667
12897,4708044.95006667
12898,4237004.42959524
12899,5481360.46766667
12900,4207381.14963334
12901,4379304.1081
12902,5064526.18306667
12903,3560754.17097778
12904,3682276.3414
12905,4856401.23463333
12906,4605551.19643333
12907,4654037.9492873
12908,4641557.04243333
12909,3958321.06203334
12910,3742693.11361111
12911,4120366.31654444
12912,3549799.34623333
12913,3514350.1969
12914,4492408.3092254
12915,3903211.50581588
12916,4184278.77126667
12917,4156918.19211111
12918,4588028.3758
12919,3867261.6566
12920,4869561.301
12921,4437298.61131111
12922,4989759.52488571
12923,4904498.5653
12924,4366888.96683333
12925,4237619.04543333
12926,4602870.36166667
12927,4362543.1438
12928,4749620.53336667
12929,3262537.77553333
12930,4412348.63386667
12931,4004997.04963333
12932,4235167.53066667
12933,3457238.16763333
12934,3238079.6004254
12935,4571969.0657873
12936,4511342.99786667
12937,3821954.84546667
12938,3901697.38321429
12939,4350175.0959
12940,3927044.87186667
12941,4418975.77103333
12942,5287097.41433333
12943,3746908.94715397
12944,5685800.7866
12945,4140584.56276667
12946,4450502.76056667
12947,4654926.86165238
12948,4518276.9988119
12949,4377531.51283333
12950,4316597.0981
12951,3952944.43003334
12952,4486638.4465619
12953,5251626.1031
12954,4478813.81193333
12955,4299440.33766667
12956,4642430.87876667
12957,4929452.4254
12958,3902120.04966191
12959,4003354.62990476
12960,4590534.6199
12961,4435346.1103
12962,4496106.18983333
12963,5227332.45383333
12964,3865690.78079524
12965,4347783.08256667
12966,4312814.2026
12967,4164712.38263334
12968,4917807.22251905
12969,3976917.74326191
12970,3576821.31536667
12971,3998440.5478
12972,4205031.93233333
12973,5607151.17783333
12974,3979655.21001111
12975,4568917.0719
12976,3813299.85960476
12977,4315180.1012
12978,4410133.52874444
12979,2876882.21881111
12980,4481005.50626667
12981,4222655.68783333
12982,3840349.18813334
12983,4439731.59826667
12984,4043262.04720952
12985,4751998.61883333
12986,4001363.30854762
12987,4448565.30862857
12988,4923056.0739
12989,3390665.59046667
12990,4356723.7836
12991,4025376.0085
12992,4793352.29089524
12993,4323246.0567
12994,4450331.0064254
12995,4082661.24427143
12996,3977433.52667778
12997,5053003.85796667
12998,3871647.11148096
12999,5179553.9582
13000,4621878.46446667
13001,4783378.25066667
13002,4400809.1438
13003,5039721.44540953
13004,4205257.51843333
13005,4939096.4177
13006,3643623.2285
13007,4073516.56559048
13008,3510717.42391429
13009,4812229.9034619
13010,4361794.9095
13011,4678336.83957778
13012,5459237.61993333
13013,4019072.55766667
13014,3410967.40263334
13015,5533826.3603
13016,4178606.80013333
13017,4000678.83394286
13018,4048709.0056
13019,5387700.0989
13020,4220938.2395
13021,4308799.45133333
13022,4735518.9489381
13023,4996344.30113333
13024,4303544.69533334
13025,4215011.66893333
13026,4205907.33713333
13027,4107940.25796666
13028,3980697.1215
13029,3965630.65589524
13030,3550374.22630953
13031,4902292.66596666
13032,3435518.99546667
13033,3995640.68873334
13034,4733565.76043333
13035,3984076.12913333
13036,4659738.01343333
13037,4493354.4756
13038,3844547.96036667
13039,4594889.32633333
13040,3797590.15076667
13041,4889569.4724
13042,4526829.0776
13043,4442015.27086667
13044,3470724.87234286
13045,4382445.7013619
13046,5674703.7346
13047,4126258.77603333
13048,4556490.9919
13049,4971540.80283333
13050,4597508.94416667
13051,4551847.26381111
13052,4337563.99754445
13053,4588151.34556667
13054,4129812.5046
13055,5009069.34903334
13056,5046696.30276666
13057,4209410.27407619
13058,4622712.07056191
13059,4852836.91509524
13060,3881867.30512857
13061,5297906.4264
13062,4228614.1513
13063,4760968.04296667
13064,4780075.76856667
13065,4196736.8159
13066,4215018.55846667
13067,2815189.32513492
13068,3299085.38023333
13069,2650131.60323333
13070,4117740.67493333
13071,4155792.41633333
13072,4234159.9261
13073,3010262.7270873
13074,4388770.6900619
13075,3875376.1405381
13076,4247004.24703333
13077,4480612.7832
13078,3231726.5495
13079,4450178.63746667
13080,3446434.1638
13081,5164354.63253333
13082,3677869.07673333
13083,3349534.24456667
13084,5732278.5489
13085,4707353.13386667
13086,4797881.24599048
13087,4758889.81123334
13088,3884252.44796667
13089,4285385.5338
13090,4836702.9754
13091,4327266.29173333
13092,5205074.13293333
13093,3302984.74676825
13094,4695535.41152381
13095,3416294.31224286
13096,3909274.55492381
13097,4747370.9333
13098,4006462.0959873
13099,3591114.92912064
13100,4350190.49058571
13101,3870352.88536667
13102,5702128.2867
13103,3813981.85316191
13104,3909144.11536666
13105,4140967.05846667
13106,4242636.47049524
13107,4162504.491
13108,3533278.64437778
13109,4884269.81213333
13110,4506392.7641
13111,4626425.324
13112,5000055.2019
13113,4491768.41226667
13114,3044438.52589524
13115,4078421.96488333
13116,4567228.40639524
13117,4062806.22213333
13118,4124559.60766667
13119,3966514.31652381
13120,5108147.16053334
13121,4418899.25715714
13122,3244695.61473333
13123,4622739.90543334
13124,4019700.57623333
13125,4280842.09103333
13126,4234327.39057778
13127,4120759.20522857
13128,4095051.55996667
13129,5389727.89656667
13130,4749628.94531111
13131,4732572.13229285
13132,4430907.15293333
13133,4892998.6395
13134,4243696.6418
13135,5244583.59693334
13136,4234019.0003
13137,4237167.34040952
13138,4664440.73743333
13139,4880993.6671
13140,4855244.46186666
13141,4941047.633
13142,4376636.293
13143,4956935.94598254
13144,4429109.59906667
13145,4792713.6944
13146,4434170.83746667
13147,4014264.40266667
13148,4334442.14830635
13149,3256537.82347778
13150,4899863.6904
13151,4232947.13054762
13152,5359890.15426667
13153,3738663.68123333
13154,3498728.35382381
13155,3214682.87546667
13156,4197825.17008572
13157,4008990.36218095
13158,4277460.99176666
13159,2852532.91346667
13160,3833274.36107619
13161,4238006.19079048
13162,4537226.46554286
13163,5237811.69
13164,3402850.45806825
13165,3636648.71303334
13166,4942203.983
13167,4095009.05359682
13168,4029627.4638
13169,4171875.76103334
13170,4162001.33290952
13171,3968381.24006667
13172,4584583.39561111
13173,4750157.52936666
13174,4296269.27034445
13175,3870990.78502063
13176,3879206.16122857
13177,3580297.0034
13178,4796300.55793333
13179,4630096.6551873
13180,4788233.2044
13181,3287958.05442381
13182,4100751.0142
13183,3896405.59309524
13184,4927967.5153
13185,4993002.84546666
13186,4148833.30336667
13187,4788127.19783333
13188,4498241.34426667
13189,5119969.3722
13190,4227412.86963333
13191,4318519.8798
13192,3867945.08051429
13193,4225719.46643333
13194,3593109.38733333
13195,4023673.3355
13196,3447471.51707619
13197,4799423.86956667
13198,4789557.55106667
13199,4835920.49873333
13200,3808446.20076667
13201,3792494.0781
13202,3965099.83985873
13203,4060315.06553333
13204,4583380.79450476
13205,4086900.62780952
13206,4440749.6118
13207,5060328.74426667
13208,5140480.6788
13209,3878057.55869048
13210,4801826.02476667
13211,5900729.16086667
13212,4100942.67126667
13213,4522306.6409
13214,4103474.30356667
13215,4619421.82262857
13216,4676034.9152
13217,3821724.5352
13218,3630974.36576666
13219,3721574.95356667
13220,4574325.89694286
13221,4220224.40067778
13222,4086366.564
13223,3807706.73213334
13224,5272835.97126191
13225,3909173.89522857
13226,4315113.4756619
13227,4640836.5072
13228,4542759.19203333
13229,3546654.98615714
13230,4249555.3691
13231,4107072.41106667
13232,4179226.5409
13233,3284396.42392064
13234,4524067.78574762
13235,3714714.65343333
13236,3537400.00453333
13237,3458414.32395397
13238,4778090.78712857
13239,4380346.02306667
13240,3775305.7405
13241,4296795.17286666
13242,5106991.3925
13243,4442100.03876667
13244,4148273.71823333
13245,4403240.23984444
13246,4263469.88113333
13247,5545780.3158619
13248,4077117.90736667
13249,3649476.44433334
13250,4323099.48466667
13251,4045311.5027
13252,2988359.10104286
13253,4023931.566
13254,6207910.13746666
13255,4525544.92956667
13256,4192959.1954
13257,4957063.37746667
13258,3685828.55391111
13259,4405202.1603
13260,4676486.7398
13261,4633061.793
13262,4501921.3568
13263,4586153.89716667
13264,4782667.83249047
13265,4445310.10783333
13266,4151616.74896667
13267,4324030.27316667
13268,4296414.99816667
13269,4422155.81123334
13270,4878589.1913
13271,4226585.82655239
13272,3833729.2414
13273,4574580.26996667
13274,3752615.36942857
13275,4114869.26415238
13276,3430652.15383333
13277,4616640.56016667
13278,4283496.60487778
13279,4748039.3118
13280,4771293.51776667
13281,3841892.20200952
13282,4702644.82946667
13283,4168501.84836667
13284,4893759.22296667
13285,3842219.48787143
13286,4736889.3436
13287,4958634.13106667
13288,4593215.48333334
13289,3966516.05046667
13290,4781611.07676666
13291,3558679.5188
13292,4779182.34323334
13293,4893527.51773333
13294,4620443.67446666
13295,4209691.78953333
13296,4103191.55333333
13297,4013574.30522381
13298,3796152.54056667
13299,4227790.17450476
13300,3427270.14223333
13301,4900677.18846667
13302,4299856.85219048
13303,5656148.157
13304,4350661.16090952
13305,4178815.01933333
13306,4622399.67596666
13307,4091366.70777778
13308,4435417.71246667
13309,5290808.48426667
13310,3991556.71926667
13311,4364923.62683333
13312,4698739.68601111
13313,3621561.81863333
13314,3332337.95372857
13315,4238931.96643016
13316,4225379.86922381
13317,4441418.25216667
13318,4930888.16025238
13319,3678562.18983969
13320,4412927.20774762
13321,4318627.70653333
13322,3409665.6690381
13323,4156915.3279
13324,4427928.86383333
13325,4884062.10846666
13326,4535508.47483333
13327,4522624.1264
13328,3487496.83572381
13329,4563371.9445
13330,3699381.69627619
13331,4159538.65878572
13332,4589454.09403333
13333,4989048.43021111
13334,5085157.13665714
13335,4801419.55493333
13336,4765712.20413333
13337,4274180.06913333
13338,5214485.8917
13339,4534711.44326666
13340,4964115.12756666
13341,4956777.98259524
13342,4233277.26435714
13343,4645187.88123333
13344,4647091.3265
13345,4417153.80533334
13346,4089049.68483333
13347,4009781.1641
13348,4596359.06653333
13349,4474887.18236667
13350,4334181.61906191
13351,3623856.44556667
13352,4992322.09868571
13353,2779906.36577143
13354,4690846.1634
13355,4264881.48256667
13356,4276252.73406667
13357,4107091.26676667
13358,4313528.7098
13359,4298081.26313333
13360,4823053.5009
13361,4395729.0341
13362,5236005.7623
13363,3718125.447
13364,3847927.04612857
13365,4426364.63214286
13366,3962617.06436667
13367,4537002.90683333
13368,4140834.0929
13369,4671034.06256667
13370,3288262.82640476
13371,4785407.13833333
13372,5193963.12083333
13373,4842048.92556667
13374,3562795.4045
13375,4496520.09203333
13376,3002417.67433333
13377,4271919.13133333
13378,5115852.29636666
13379,4312511.91293333
13380,5007887.39616667
13381,4329266.26863809
13382,3237828.9767873
13383,4849882.51576667
13384,5494908.03096666
13385,3812533.68994286
13386,4351407.0713
13387,3516057.16780953
13388,3162044.14983333
13389,4253606.5032
13390,4345948.94346667
13391,3925386.76773334
13392,4160864.03173333
13393,3340131.4193
13394,3886646.38104762
13395,4753490.21483334
13396,3895715.62663334
13397,4646173.57606667
13398,4871503.30763333
13399,4485211.23926667
13400,4585402.88657778
13401,4131104.11103968
13402,4472615.82953334
13403,3280887.38763333
13404,4107594.0522
13405,4131242.48125714
13406,4669430.155
13407,3422822.5224
13408,3954237.45050953
13409,4783801.4589
13410,4614564.53926667
13411,4751736.24352857
13412,2432452.25820159
13413,3519170.30874286
13414,4440303.46720476
13415,4291109.13718571
13416,4228017.41922381
13417,3872500.5795
13418,5020929.16533333
13419,4461024.60057619
13420,3736918.40556667
13421,4533340.12696666
13422,4129070.65446667
13423,4562673.6418
13424,4479256.6149
13425,3923152.16643333
13426,3750072.89231905
13427,4969618.498
13428,4105932.00756667
13429,4386579.6029
13430,3053014.09673333
13431,4091559.32042064
13432,5073569.84236667
13433,4420960.4961
13434,4674311.38349524
13435,3858525.75986667
13436,4565905.65756667
13437,4225280.18443333
13438,4966739.15681429
13439,4573194.8783
13440,4655615.7001
13441,4192684.53877143
13442,3671335.19223333
13443,4489939.50756667
13444,4362678.01446667
13445,4467981.8439
13446,3353870.3915
13447,3891199.71883333
13448,3821292.3908381
13449,4003217.40246667
13450,4345308.3858
13451,4813954.67876667
13452,4089401.41349524
13453,4169029.63237619
13454,3598479.3663
13455,4412491.00897143
13456,3724918.81300952
13457,4306564.5465
13458,3813844.37578571
13459,4861586.2787
13460,4896848.4623
13461,4644014.59426666
13462,3984656.72333334
13463,3986085.33813334
13464,5159311.78426667
13465,4808464.2556
13466,4217848.292
13467,3864857.23337619
13468,4125274.32133333
13469,4124976.29860635
13470,3895075.8770381
13471,5616077.4999
13472,4088140.3674
13473,5051016.4867
13474,4274830.01134444
13475,3857917.94863334
13476,4393161.99865238
13477,4305137.55249524
13478,4345575.5171619
13479,3638234.12818254
13480,4629724.24053333
13481,4885298.81243333
13482,3524457.82516667
13483,3976264.38596667
13484,4780653.50526667
13485,4186504.50136667
13486,4378855.75516667
13487,4356338.8766
13488,4088378.45476667
13489,4850055.11216667
13490,5009417.90983334
13491,4578809.54826667
13492,5433938.70680001
13493,3329536.90566667
13494,4805207.86773333
13495,3847082.7119
13496,4968489.31743333
13497,4267186.9398
13498,4588661.2467
13499,4229871.1703
13500,3471176.54994286
13501,4372489.135
13502,4270863.59843333
13503,4363272.3558
13504,4583713.03364286
13505,4627232.41977619
13506,3549988.28232857
13507,4184213.13169524
13508,4385196.3047
13509,5762830.57541905
13510,4106063.9967
13511,5098299.87203333
13512,4484114.71312857
13513,3721607.79436667
13514,3787204.75413333
13515,4347312.824
13516,4510226.73014444
13517,4160195.9133
13518,4591883.75674285
13519,5025282.80863016
13520,4579189.342
13521,4002128.5322
13522,5318866.43493333
13523,5018644.52511904
13524,4587966.97263334
13525,3845454.77903333
13526,4030913.84576667
13527,3654294.41133334
13528,4845140.51571905
13529,3241826.90543333
13530,3941679.1445
13531,4334767.51536667
13532,4046161.43876349
13533,3671430.62676667
13534,4513052.07273333
13535,4709899.54453333
13536,4800495.8018
13537,4121769.22776667
13538,5257381.28633333
13539,3467458.91256667
13540,4269041.66903333
13541,3887406.37636667
13542,4099498.73011429
13543,4369253.23208333
13544,4906464.30393809
13545,5198598.5552
13546,4280233.64863333
13547,4910552.82873333
13548,4243978.57384286
13549,4691726.26135714
13550,3975617.08841112
13551,3937992.45423333
13552,4220561.13948571
13553,5658462.3136
13554,3758660.3447
13555,4970517.4238619
13556,5262797.7665619
13557,4762904.1812
13558,4030201.1397
13559,4015615.84029048
13560,5308040.47378571
13561,5531991.22546666
13562,4231548.3365
13563,4967655.7094
13564,3960883.078
13565,4067590.12333334
13566,4500590.62336667
13567,3613584.2793
13568,4280343.09558572
13569,4908767.57676667
13570,3475239.99676667
13571,5620469.97021904
13572,4553835.93591111
13573,3541350.88356667
13574,4080856.28716667
13575,3518817.63424286
13576,4431774.8041
13577,4639014.03673333
13578,5310786.06773333
13579,5350186.51496667
13580,5164713.28426667
13581,3778849.36241111
13582,4649802.46996666
13583,3798172.16369524
13584,4476655.19531667
13585,4792482.9015
13586,4179650.1067
13587,4776708.96053333
13588,3332005.80060476
13589,4064473.80223334
13590,4836350.7852
13591,4603856.23958571
13592,4501410.7869
13593,4960227.69037778
13594,3701546.24811111
13595,3914232.11629524
13596,4643719.13884444
13597,4424451.52183334
13598,3695540.96601905
13599,4975991.53993333
13600,5406559.01381905
13601,4432210.79486666
13602,5738878.37603333
13603,5177763.39596666
13604,4672023.9197
13605,4398526.40505714
13606,4982373.65153333
13607,5175032.4232
13608,5905781.56816667
13609,4580859.8172
13610,4098806.11108095
13611,3877762.00676667
13612,3826971.49276667
13613,4616880.42595714
13614,4363467.06559048
13615,5164225.64046667
13616,4071222.00953333
13617,4008538.15376667
13618,4220403.08526667
13619,3882371.92925714
13620,5204828.286
13621,4044255.94486667
13622,4356308.1682
13623,4727433.78666667
13624,5708605.40466667
13625,4119668.23039048
13626,4530473.68937619
13627,4596023.41306667
13628,5101164.93863333
13629,4520648.3187
13630,3731502.62409524
13631,4429471.62033333
13632,3950548.71276667
13633,4511233.32236667
13634,4808239.92093333
13635,4058911.33406667
13636,4225533.78120952
13637,3851414.96273333
13638,4951848.48613333
13639,5084077.47001429
13640,4803246.179
13641,4086477.20844286
13642,3850449.27439048
13643,4468949.52296667
13644,3775661.08376667
13645,4444225.29383333
13646,4427758.85861905
13647,3511022.97720952
13648,3696878.73207143
13649,4763807.95926666
13650,4154487.48467619
13651,3638234.12818254
13652,3560541.02807778
13653,4306107.13233333
13654,4174404.21533333
13655,3251152.19211111
13656,4957632.58196667
13657,4517630.39743333
13658,4365545.34586191
13659,4796438.18706667
13660,4082785.91546667
13661,5128546.78064445
13662,5094665.8173
13663,4386271.77033333
13664,4532854.65003333
13665,3798078.66503334
13666,4436934.50853333
13667,3677311.52730476
13668,4466176.64056667
13669,4597906.17382381
13670,5224619.94903333
13671,4631944.75266667
13672,3422340.8369
13673,4053667.8675
13674,4263581.59213333
13675,4626621.70423334
13676,4465336.11131905
13677,5228397.2746
13678,4506885.79213333
13679,4477305.35713333
13680,3752778.07790953
13681,4981020.0554
13682,3415878.37795714
13683,4410514.17966667
13684,4024241.9753
13685,4464549.15481111
13686,4695464.6065
13687,4300805.63503333
13688,4004350.504
13689,4273093.01939048
13690,3269438.68637143
13691,4435334.48286667
13692,4326926.66540476
13693,3656425.09046667
13694,4053786.62098571
13695,3635712.4809
13696,3579444.58413333
13697,4686743.33123334
13698,4329442.28928333
13699,3390761.12385397
13700,3636360.25342857
13701,4604136.17013333
13702,4661458.71836667
13703,3798739.8679873
13704,4367363.29353333
13705,5331340.52796667
13706,4472435.05523333
13707,4335484.3041
13708,4061283.46793333
13709,4286873.33383334
13710,3861043.59776667
13711,3991757.76289524
13712,4213810.9087
13713,5013525.828
13714,3739697.8353
13715,3722510.65743334
13716,3898819.34306667
13717,3776387.91085715
13718,4750965.78446667
13719,5271418.8618
13720,3639911.80866667
13721,3315928.80315238
13722,3864668.09194286
13723,4406450.79008571
13724,4547933.16166667
13725,4666054.25173333
13726,4806707.9252
13727,4472940.0732
13728,3901090.3512
13729,4072601.34729524
13730,3389237.50971429
13731,5299113.1471
13732,4413461.94145238
13733,4195028.41041111
13734,4485664.28056667
13735,4464936.49233333
13736,3994551.27376667
13737,3806098.77183334
13738,4703676.41566667
13739,3852554.6566
13740,4591776.52940001
13741,3334319.49451587
13742,4807708.5094
13743,4813453.59806667
13744,4423820.96879524
13745,4471625.6198
13746,3691955.19990953
13747,3878468.28981111
13748,3867315.67989524
13749,4969601.43281428
13750,4420240.15296667
13751,3031267.64504444
13752,3578860.76034286
13753,4477770.91151111
13754,4387320.98790476
13755,4341067.38686667
13756,4500606.89353334
13757,4617953.84453333
13758,4755294.61406667
13759,4814728.601
13760,4706239.57106667
13761,5162074.32063333
13762,4559108.02966666
13763,4424293.37623333
13764,3267455.56956667
13765,4788516.16146666
13766,3775913.71166667
13767,5158462.17577778
13768,4422479.73163333
13769,4200137.88166667
13770,3561956.0134
13771,4985171.81971904
13772,3757287.31496667
13773,3585368.2906
13774,4580328.47027778
13775,4621087.43
13776,4856765.6495
13777,3804544.49142539
13778,3712996.61503333
13779,5501069.95149524
13780,4411739.0157
13781,4647692.89116667
13782,4790423.11566191
13783,3720875.56680159
13784,4431398.2265
13785,4597093.1826
13786,4032079.00914286
13787,3202435.0457
13788,4091041.5034
13789,5081148.24673333
13790,4962682.8853619
13791,5019919.33953334
13792,3922013.2426
13793,4118491.22779524
13794,4025535.92846191
13795,4106671.99973334
13796,4185274.4222
13797,5004391.11036667
13798,4560482.50796667
13799,5523287.3485
13800,4093184.13379048
13801,4211235.11311111
13802,3831639.86953334
13803,5260237.5194
13804,5051714.7991
13805,4956437.67496667
13806,4603934.26826667
13807,4742768.3571
13808,4797072.3736
13809,3363097.58645397
13810,3851242.22045397
13811,4536578.0021
13812,4931854.21206667
13813,4503505.82676667
13814,4631403.99173333
13815,5049283.4024
13816,4897494.06993333
13817,3751660.77133333
13818,4069086.86846667
13819,4147518.21782857
13820,3516525.21266667
13821,4549785.18256666
13822,4907596.00663333
13823,3862174.93194445
13824,3050957.7357254
13825,4842552.33033333
13826,4107750.86103333
13827,3252252.68816667
13828,4115025.9209
13829,3966250.90120952
13830,5237353.9946
13831,5289837.436
13832,4304812.84929524
13833,3995739.37901905
13834,4869058.6328
13835,5389539.85266667
13836,4498410.86933333
13837,5226736.85104444
13838,3776414.27229683
13839,4926908.22308571
13840,5157176.13356666
13841,4303305.38657778
13842,4049923.983
13843,4298727.092
13844,3478257.48276667
13845,4251046.30123968
13846,4760567.9015
13847,4687002.02476666
13848,3094336.14113492
13849,2389485.85987143
13850,4147051.00653333
13851,4671495.24863333
13852,3963035.47106666
13853,5040073.70246666
13854,4709938.94953333
13855,4785738.85373333
13856,3979355.26903333
13857,3756377.92589207
13858,3841876.637
13859,4676251.0761
13860,4692148.62526667
13861,4490768.9706
13862,4586289.13820001
13863,4727481.66357777
13864,4122217.5696
13865,5094665.8173
13866,4966471.19228571
13867,4145150.1385619
13868,4279457.2246
13869,4702455.58766667
13870,2962229.23511905
13871,4449693.26236667
13872,2577927.08077619
13873,5003828.1689
13874,4366598.57456667
13875,5361539.79756667
13876,5099256.7051619
13877,4589805.393
13878,3732580.9163254
13879,5222735.07086667
13880,3846803.5775
13881,3291673.87363968
13882,4715738.29743333
13883,4278166.64836667
13884,2800816.85922381
13885,3827312.96053334
13886,4634820.4376
13887,3823173.0337
13888,4223198.49486667
13889,4131356.6618
13890,4447087.50783809
13891,3821208.34326667
13892,5015442.6269
13893,4219764.0281
13894,3968438.77753333
13895,5076100.17196666
13896,3442029.4476
13897,4701139.31533333
13898,4678594.48986667
13899,3753146.39066667
13900,4295939.2528
13901,3079535.55654286
13902,4315538.45276667
13903,4708089.07216667
13904,4741159.72712857
13905,4175224.79300635
13906,3588342.69692063
13907,4224143.22586667
13908,4815931.82213334
13909,3983772.56304286
13910,4676011.99443333
13911,4195238.99996667
13912,4316722.2088
13913,4854312.64886667
13914,4497554.33686667
13915,5103952.6144
13916,3723949.43582857
13917,4378658.9234
13918,4446471.30313333
13919,4643621.12333333
13920,4419003.46163333
13921,3326070.52016667
13922,4178829.60100952
13923,4333425.2613
13924,4664549.66332381
13925,4461803.57516667
13926,4104369.98306666
13927,4457890.788
13928,3697432.44466667
13929,3904773.941
13930,4497769.26943333
13931,4516895.12506667
13932,4443729.441
13933,4453584.72453333
13934,4006406.80271111
13935,3822867.71294762
13936,3157083.03073333
13937,4755663.64856667
13938,4617592.6479
13939,4845403.30713333
13940,4123224.72646667
13941,4172890.79543334
13942,4839560.45934286
13943,4297007.31734762
13944,4758988.05943333
13945,4690412.9128
13946,4537808.25663333
13947,4139175.2766
13948,4030771.05993334
13949,5121516.14613333
13950,4174949.33216667
13951,3334421.58344444
13952,4843649.5948
13953,3567997.52005238
13954,3712489.79993334
13955,4585475.3268
13956,4182838.16801111
13957,3639028.87035397
13958,4510555.37022857
13959,4243547.3779
13960,3953897.566
13961,3994907.94852857
13962,4913063.97303333
13963,4353075.44078572
13964,4337151.2109
13965,4797764.75936667
13966,4159342.3983
13967,4415605.09901905
13968,4929890.97917619
13969,4370398.34228333
13970,3503329.60933334
13971,4327442.243
13972,5034411.0639
13973,3892955.39694444
13974,4407089.44386667
13975,5074305.3171
13976,4751257.13473333
13977,4686654.6863
13978,3847781.74903334
13979,4695238.36903333
13980,3188561.0523
13981,4375489.10926667
13982,4637551.59536667
13983,3846487.7911
13984,4568704.5216
13985,4350827.2006
13986,3566809.45265714
13987,4592024.96093333
13988,3844713.72127619
13989,4009846.66150635
13990,4452595.30313333
13991,4620233.04977619
13992,5042179.4639
13993,4228844.86173333
13994,3910058.9308
13995,5062371.91333333
13996,4267663.6529
13997,4256762.89641111
13998,3141767.31751111
13999,4655023.04703334
14000,4968953.89346667
14001,4993516.0731619
14002,4197066.00251587
14003,4333772.82056667
14004,4634098.4062
14005,5079610.71763334
14006,3520956.1410381
14007,4441011.80166667
14008,3205724.6926
14009,4758857.8449
14010,4513334.69432857
14011,4769669.5855
14012,4615775.7965
14013,4909234.69609048
14014,4784307.27401905
14015,4370292.0771
14016,5071110.37066667
14017,4395808.23359524
14018,5526797.038
14019,4580110.25723333
14020,5639845.15206667
14021,5305485.6168
14022,5080189.33416667
14023,3580327.77380952
14024,4316804.74336667
14025,4577603.26926667
14026,4598872.4771
14027,4241387.19651111
14028,4370630.24473333
14029,3822240.72695873
14030,4468985.05553334
14031,4194418.59376667
14032,4000264.75404286
14033,4127142.18927143
14034,4259009.45676667
14035,4085366.1957
14036,4493854.3376
14037,4826321.60449999
14038,4456322.77513333
14039,4491056.75043333
14040,4361659.8796
14041,4704447.72015238
14042,4734854.67386667
14043,5087337.84226666
14044,5398761.94643333
14045,4027499.66463334
14046,4327174.44394762
14047,4799525.20033333
14048,3775558.32091429
14049,4301816.79371111
14050,4893022.5768
14051,3938839.78014286
14052,4743831.19706667
14053,4412478.53843333
14054,4022414.7401
14055,3949645.19806667
14056,4338514.65716667
14057,4488008.7054
14058,4372011.27887778
14059,4290550.8299
14060,5297284.9651
14061,4283288.21533334
14062,4678428.00113333
14063,5649162.8754
14064,4547204.99196667
14065,4586523.4418619
14066,3916359.91413333
14067,4785650.59674286
14068,4186122.7964
14069,3870774.9493
14070,4485514.60096667
14071,4481246.43723333
14072,4576379.75386667
14073,4154078.11306666
14074,4917192.54663333
14075,4278685.94923333
14076,3188885.90072857
14077,4042731.86346667
14078,4567297.06876667
14079,4649946.24366667
14080,5846659.24469999
14081,4463982.48836667
14082,4404733.95813333
14083,5339303.3327
14084,3280958.9525
14085,4304491.59183333
14086,3262692.38057619
14087,5162249.95546667
14088,5045491.33716667
14089,4136013.57676667
14090,5250957.22333334
14091,4335866.32906667
14092,4252738.88723333
14093,4568589.37176667
14094,3837808.1498
14095,4199521.60174445
14096,3827232.57660953
14097,4592516.93396667
14098,3665311.8079
14099,3244687.37513968
14100,3925755.55876825
14101,4158642.59666667
14102,4493321.2678
14103,5541463.68668571
14104,4159624.9524
14105,3911882.4068
14106,4067262.37803333
14107,4777912.62166349
14108,4841617.25156667
14109,4613347.6722
14110,4619192.20426667
14111,4180742.32784444
14112,2801481.03766667
14113,3801529.68893333
14114,3946561.36996667
14115,5037695.07426667
14116,3526188.51329524
14117,3522468.9368
14118,4090921.30002857
14119,3773524.03626667
14120,4522098.51276666
14121,4002128.5322
14122,4525866.36686667
14123,4863062.5727
14124,4430475.04791111
14125,4147263.2457
14126,5187201.27596667
14127,4053709.18963333
14128,3176729.32916667
14129,4099939.02640001
14130,4135052.25942381
14131,3825649.7282
14132,4286267.71405397
14133,3761768.50044762
14134,4063891.0878
14135,4959900.88643334
14136,4675933.9044
14137,4031792.75379048
14138,4207759.07356667
14139,4553629.74821905
14140,4351611.06235238
14141,4232829.77889048
14142,4978020.4887
14143,4241374.4580873
14144,4072821.97093333
14145,4069104.46041587
14146,4103781.43096667
14147,3649803.5325
14148,3041563.0677873
14149,4773627.91966667
14150,5003671.78996666
14151,3697351.00956667
14152,4165584.87935238
14153,4577134.2363
14154,4736127.65353333
14155,4059873.61989524
14156,3911928.92907619
14157,3861839.8433381
14158,4853434.45900635
14159,5368652.84956667
14160,4304857.00851111
14161,4581603.2749
14162,4046569.83821111
14163,4031576.53298095
14164,3026100.54656667
14165,4316938.54693333
14166,3795450.33300953
14167,4184654.21413333
14168,4816689.40666667
14169,4265352.85726667
14170,4575536.17843333
14171,4952233.9647
14172,4557032.15361111
14173,4497217.2153
14174,4780266.49143333
14175,5130736.20636666
14176,5697462.86361667
14177,5036062.82673334
14178,4770396.85873333
14179,5014814.5043
14180,3727167.73726667
14181,3808010.7263381
14182,4094583.25350476
14183,5100466.89726666
14184,4687669.76217619
14185,4539092.2414
14186,3816209.46576667
14187,3724805.12718254
14188,4813920.9139
14189,4522124.24370476
14190,4133894.43474286
14191,4457484.13559524
14192,3440725.74053334
14193,4601850.11733333
14194,3626150.83213333
14195,4373061.7431
14196,3027823.49018095
14197,5157992.02543333
14198,4206136.82186667
14199,4009276.0351
14200,5473119.09803334
14201,5707844.28003334
14202,5420898.13956667
14203,3894503.99612063
14204,4061782.0194
14205,4239196.88283333
14206,4675643.45116667
14207,4006239.14228571
14208,3603447.41342381
14209,3939141.69573333
14210,4755768.22963333
14211,4079046.74649524
14212,4613920.992
14213,5806541.52314444
14214,4484170.49553333
14215,4570764.60156667
14216,3067412.72420476
14217,4169669.91463333
14218,4829558.38230476
14219,4183161.54072381
14220,4251781.98615714
14221,3553204.2652
14222,4859322.61716667
14223,5090722.42866667
14224,3951855.4304
14225,4036474.24574445
14226,4815397.58103334
14227,5702517.6909
14228,4278758.94729524
14229,4415273.28880952
14230,4245650.90741587
14231,5035562.89293333
14232,5057096.73403333
14233,3323601.63091588
14234,4462920.368
14235,4330689.32016667
14236,4427595.40744444
14237,3138941.78792381
14238,4044667.58730952
14239,3857869.39606667
14240,4925234.16613333
14241,3497516.40321587
14242,4637453.51761666
14243,3562106.80563334
14244,5528781.57346666
14245,4910284.78266667
14246,4287184.46253333
14247,3498401.58366667
14248,3516497.26744444
14249,4314235.42974286
14250,4158400.98899683
14251,4829473.3931
14252,4503321.9629
14253,3899247.49863333
14254,4476477.0804
14255,5527535.71793333
14256,3799555.45143333
14257,4321160.04176667
14258,3632840.65246667
14259,3773025.85204444
14260,4355954.15516667
14261,4038779.32
14262,4465449.54646667
14263,4976020.96856667
14264,4345417.5522
14265,4872836.98733333
14266,4347314.0009
14267,3512388.73753333
14268,4119483.7802
14269,3871926.04706667
14270,4433002.07946667
14271,4828513.66842857
14272,3002914.42176349
14273,3693829.53156667
14274,4577931.67982857
14275,3442355.66533333
14276,4007737.6959
14277,3722472.66664445
14278,5732230.03583333
14279,3975184.32159524
14280,3534324.35989048
14281,4452718.90446667
14282,4600607.91223333
14283,2917540.09804286
14284,2978641.08570952
14285,5137574.27146666
14286,3679375.99911587
14287,3657004.27366667
14288,4477854.4095
14289,4485699.27987143
14290,5026689.1503
14291,4193675.1117
14292,4583717.67796667
14293,4766841.28473333
14294,4516968.03526666
14295,3561645.11487301
14296,3377322.5772
14297,4220002.03823333
14298,4823803.0286
14299,3049017.24584286
14300,5755730.5227
14301,4426281.80051905
14302,4489389.3805
14303,4871749.0364
14304,4639701.7732
14305,3861853.49183334
14306,4174701.32216667
14307,4722072.22723333
14308,4547194.33856667
14309,4985845.8068
14310,4206436.95266667
14311,4887713.03143333
14312,5440781.01523333
14313,3191897.08684286
14314,4068531.20086667
14315,4515551.08933333
14316,4023048.44645238
14317,3841310.50766667
14318,4797423.3056
14319,3343682.30132064
14320,4002611.73801111
14321,3888603.9169
14322,3863383.9726
14323,4651373.22206666
14324,4465634.93546667
14325,4431969.97766667
14326,3979712.21576667
14327,4344998.1608
14328,4496054.80893333
14329,4862533.4353
14330,4378752.22723333
14331,4246890.9671
14332,2971108.69489048
14333,4045322.2724
14334,4046162.24561905
14335,3637691.43133334
14336,4610173.76563334
14337,4563587.0235
14338,4396048.64336191
14339,3736888.46256667
14340,3955132.75516191
14341,4926763.64743333
14342,4760306.93613333
14343,4191509.94061111
14344,4206467.78533334
14345,3892815.99920953
14346,4109008.07984444
14347,4550499.02193333
14348,4314764.88330635
14349,5306418.18893334
14350,5739938.3091
14351,4196154.72519524
14352,4630038.68013333
14353,4706563.163
14354,4319397.47456667
14355,5651057.69343333
14356,4798441.04256666
14357,4441325.31183333
14358,3428824.07822381
14359,3721543.0346
14360,4707705.6319
14361,3842716.58850159
14362,4760994.83992381
14363,5932610.6205
14364,4322247.45238095
14365,4968405.93238571
14366,4236931.88319524
14367,4943065.30986666
14368,4703468.85556667
14369,4346784.25936191
14370,4861045.37566667
14371,4333384.50336667
14372,3972465.70316191
14373,5102943.81353333
14374,4111337.65536191
14375,3566703.6133
14376,2436789.2686381
14377,4833765.8139619
14378,4472956.03493333
14379,4321549.5706
14380,3345161.91007778
14381,3246092.0312
14382,4285532.43371111
14383,3964934.45216667
14384,4411488.05126667
14385,3097602.6729
14386,4160588.11071429
14387,3062004.54038572
14388,4012936.03515714
14389,3631640.83676667
14390,3576870.68950476
14391,4246083.25342381
14392,4248668.51003333
14393,4745743.54207778
14394,3710361.3698
14395,3790857.1688
14396,3154026.76230953
14397,4484549.98147619
14398,4251781.09549524
14399,4156807.26766667
14400,5442088.57076667
14401,5366550.65351904
14402,4846197.77903333
14403,3844749.82240476
14404,5197633.12026667
14405,4055856.7981
14406,3915884.62575714
14407,4738915.92947778
14408,4330382.23066667
14409,4750605.29706667
14410,5523775.85266667
14411,4608952.0456
14412,4375591.3525
14413,4195087.3138
14414,4101065.9804
14415,4472314.87526667
14416,4451410.94868095
14417,4385222.02906667
14418,4682385.40803333
14419,5472310.93383333
14420,4899446.04773333
14421,3259200.22502857
14422,4050940.60314444
14423,4703211.30713333
14424,4045816.42566191
14425,4817511.37503333
14426,4094533.03427619
14427,3826349.59146667
14428,4428571.0071
14429,3389275.5608381
14430,3997900.26298095
14431,4672520.50983334
14432,5021576.1605
14433,3962544.2232
14434,3595513.43989524
14435,4746171.02833333
14436,3945605.72743333
14437,3937071.97476667
14438,3786559.23853334
14439,4808672.20923333
14440,4259420.25012857
14441,4185177.34236667
14442,4474391.93330476
14443,4400993.39853334
14444,3632816.88066191
14445,3308233.47894444
14446,4095160.60620159
14447,4283269.8409381
14448,4532197.63716667
14449,4046871.36779524
14450,4435307.72346667
14451,4593819.26573333
14452,4364941.0423
14453,2816621.8904
14454,3812959.6835873
14455,4358944.443
14456,3914016.36254445
14457,3516188.38160952
14458,4364789.336
14459,3874187.19976667
14460,4084168.77524444
14461,4507686.2408
14462,6219265.56858571
14463,4483617.87657619
14464,4671254.82865238
14465,4295528.53913334
14466,3828723.55876667
14467,4859552.23716667
14468,4944104.3519619
14469,4326316.86093333
14470,5168657.7773
14471,4040238.03109524
14472,5035705.03445238
14473,3855122.07403334
14474,2962111.48216667
14475,4509786.7286619
14476,2443982.06491429
14477,4448692.74501905
14478,3987126.41893333
14479,3903301.39324445
14480,4536906.8785
14481,4321464.55496191
14482,4072325.93206667
14483,4166204.55714444
14484,2603512.46754286
14485,3075415.05483333
14486,3668655.79716667
14487,4724545.8537619
14488,3763157.60336667
14489,4804860.18346666
14490,3808264.47711111
14491,4523219.92103333
14492,5651275.7599
14493,3921588.22227619
14494,4756853.11163333
14495,5113060.18606667
14496,5550409.71836666
14497,4281583.1525
14498,3728343.20191429
14499,2840607.50680953
14500,4731073.1133619
14501,3368953.46992064
14502,4782202.56423333
14503,4151814.54726667
14504,5123314.68115238
14505,4675441.42223333
14506,4998638.37606191
14507,4599968.1431
14508,3559119.91970953
14509,4731249.24756667
14510,3956710.03036667
14511,4349809.8572
14512,4628389.6579
14513,4998414.85196667
14514,4849120.2176
14515,3760600.6436
14516,4261484.65256667
14517,4464902.19955
14518,3789820.78238572
14519,4386225.75489524
14520,4710162.53081905
14521,4282200.09886666
14522,3749785.65783333
14523,4552321.56097619
14524,3809309.45054762
14525,4717064.57825397
14526,4371665.59938095
14527,4666291.95583333
14528,4113246.48723333
14529,4587347.83043333
14530,4545565.97026667
14531,4807375.24026667
14532,4150657.5651
14533,4488980.15123333
14534,2721605.56569683
14535,3720081.75791111
14536,3896463.49038572
14537,3846184.31273333
14538,4152139.99553333
14539,4185145.36683333
14540,4605818.22466667
14541,4237741.01272857
14542,5003411.8769
14543,3600004.34767143
14544,3497953.49707778
14545,4687668.29163333
14546,3328067.22603968
14547,2934714.85243334
14548,4331858.05055
14549,4367421.00686667
14550,5789224.20345238
14551,4484667.22103333
14552,4723176.72692857
14553,3216269.89742857
14554,3909916.69232857
14555,3447219.88488254
14556,3933365.03976667
14557,4608009.51231111
14558,3593539.15771429
14559,3687664.67457143
14560,5581833.91013333
14561,3721569.27243333
14562,4571783.45283333
14563,4146708.7071
14564,4470774.77859048
14565,4327101.93566667
14566,4357197.22973333
14567,4686119.62536667
14568,4815549.36574445
14569,4555686.88436667
14570,3809746.1251
14571,4500371.40543333
14572,3948814.85614445
14573,4545966.34153333
14574,4993224.1967
14575,4816601.01266667
14576,4394473.50336667
14577,4607336.00861111
14578,5049100.3643
14579,4055392.33214445
14580,4744120.75141429
14581,4604790.87893333
14582,3652875.9577
14583,3664569.05693968
14584,3861712.90509524
14585,4683132.26963333
14586,4458603.4131619
14587,4893960.77623333
14588,3616887.41393333
14589,4158836.67613334
14590,4640178.93422857
14591,4736687.80268571
14592,3868914.87832857
14593,4599835.91727143
14594,4075969.1042619
14595,4753606.87946667
14596,4576750.5706
14597,3580380.3570619
14598,4859036.98891905
14599,4624051.55103333
14600,4835037.78073334
14601,4100763.42446667
14602,4327545.62403333
14603,4952401.58883333
14604,4810468.25626667
14605,3862756.22795714
14606,4890075.40193333
14607,3936934.95096667
14608,5493489.62672857
14609,4500221.8257
14610,5057847.34726667
14611,4991075.16175238
14612,4286546.98435397
14613,3908904.1776
14614,5008760.6668619
14615,4146338.93403333
14616,4308536.37493333
14617,4956580.7191
14618,2870593.22177302
14619,4217119.60439048
14620,4168515.5125
14621,4553016.49553334
14622,5352105.3107
14623,4899687.31968571
14624,4255076.64336667
14625,4810440.35053333
14626,4680553.46155714
14627,4574975.40543333
14628,4731160.24737778
14629,4680814.99716191
14630,4127928.90911111
14631,3915272.99160476
14632,4228355.59002857
14633,4518494.09194286
14634,5220705.32744444
14635,4475400.28486666
14636,3835944.85585715
14637,4152389.51625
14638,4402179.5991
14639,3807678.6134
14640,4444139.62334444
14641,3591498.9128
14642,4570627.0806
14643,4655906.05853333
14644,5473164.3354
14645,4266923.84067143
14646,3535185.67224444
14647,3936200.12442381
14648,3864206.37202381
14649,4131764.733
14650,3526443.56901111
14651,4899078.39373333
14652,5013298.51196667
14653,4850223.6632
14654,3946465.76706667
14655,4002901.22569524
14656,4774768.77136667
14657,4787966.94496667
14658,3589400.5402
14659,3000788.09229048
14660,4321911.54917778
14661,4872145.7437
14662,4736534.33873333
14663,4722945.80306666
14664,4707135.27693333
14665,3127582.97196667
14666,5209269.40886667
14667,4726802.5538
14668,4937466.25373333
14669,2722752.46847619
14670,3941901.73204286
14671,4077432.3363
14672,3817517.59073334
14673,3136058.71588095
14674,4070446.19196667
14675,4828882.50756667
14676,3168038.13241111
14677,4409911.66274286
14678,4889720.07032857
14679,4479155.86543333
14680,5148725.12163333
14681,4224611.9994
14682,4884958.5392
14683,4353193.27686667
14684,3934829.15223492
14685,4432606.09463334
14686,4813658.25498571
14687,3318200.02920953
14688,5042644.71186666
14689,4030539.51523333
14690,4353423.21643333
14691,3151656.93387619
14692,3875404.31591111
14693,4490766.77494444
14694,5124703.9615
14695,3489643.37543334
14696,4244232.75223333
14697,4865737.6994
14698,5111181.60952857
14699,3945521.99246667
14700,4662320.1231
14701,4276567.99583333
14702,3582743.01843333
14703,4673852.80363333
14704,4747793.1825
14705,4562911.23226191
14706,4872421.67973333
14707,4299099.2622
14708,3678995.27374444
14709,4730652.49075238
14710,3929711.1078
14711,4411517.74356667
14712,4375154.9572
14713,3974165.09375238
14714,3760870.73467778
14715,4579491.35293333
14716,4358613.51966667
14717,4407950.52136667
14718,4574687.2836619
14719,4331116.71943334
14720,4733829.26107778
14721,3839146.7284
14722,4473067.53923333
14723,3404541.63626667
14724,4490710.6883
14725,3522106.76664445
14726,4724053.1501
14727,4172430.0422
14728,4456867.58206667
14729,2990450.1162
14730,4020349.70064762
14731,4332669.1339
14732,4413969.64380952
14733,4843992.67256667
14734,4803483.75476666
14735,4100857.19703333
14736,4030751.09117778
14737,4409175.55795397
14738,4151566.43806667
14739,4459243.24654444
14740,4486944.37749524
14741,3662107.807
14742,5358746.5424
14743,3980383.62303333
14744,5030073.55703333
14745,3944650.7339
14746,4946959.50036667
14747,4940322.4328619
14748,4761283.74673333
14749,4193918.87194445
14750,4288760.11606666
14751,4580216.85253968
14752,3706914.6808
14753,4557564.72453809
14754,4841320.78646667
14755,4509525.70723333
14756,5190902.13506667
14757,4043625.62264445
14758,4589677.94893334
14759,3287987.62018254
14760,4124601.21593334
14761,4428396.53506667
14762,4685443.91311111
14763,4494768.2164
14764,5092878.66705238
14765,4430484.51006666
14766,4413558.62023333
14767,4345797.099
14768,4088654.09809524
14769,4414649.31176667
14770,5212338.5405
14771,4207622.5333
14772,4712450.61568571
14773,4417312.42536667
14774,3930345.01257143
14775,5200350.45413333
14776,4988648.91146666
14777,4466368.1756
14778,4266637.06801429
14779,4203965.56991111
14780,4025319.09656667
14781,4512620.59056666
14782,4670225.51783334
14783,3843754.8494
14784,4519346.79063334
14785,5267820.8035
14786,3254281.13869524
14787,3939672.28826667
14788,4368522.7977
14789,4304882.7980619
14790,4488871.46803333
14791,4657019.35506666
14792,4660977.5664
14793,4168854.87727778
14794,4390711.5191
14795,5264237.5627
14796,3973145.2908
14797,4883008.45216667
14798,4314387.35906667
14799,5048355.57366667
14800,3674843.44917619
14801,3118146.98817143
14802,4105578.96613333
14803,5442678.39486667
14804,4570615.9391
14805,4663205.06446667
14806,5611164.7262
14807,4724081.97993333
14808,5415716.12996667
14809,5411141.3683
14810,4240296.3785
14811,4363890.57426667
14812,5391432.59276666
14813,4401523.05523333
14814,4677966.17693333
14815,4540155.32183333
14816,4737898.59495238
14817,4370991.76023333
14818,4901727.08073333
14819,3858556.43834445
14820,4736177.17303333
14821,5307308.76786667
14822,4265021.21361905
14823,4203124.4906
14824,3906835.5605
14825,2862054.04940953
14826,4812665.3701
14827,4354501.20392857
14828,3669551.87111111
14829,4200228.20081111
14830,5112046.23476666
14831,5123667.51576666
14832,5565727.69133333
14833,5571932.9231
14834,4702421.435
14835,4755294.09006666
14836,4143454.47578571
14837,3586920.22084286
14838,4670445.5998
14839,4437336.76700952
14840,4221923.28381429
14841,4093104.1956
14842,5373572.75455238
14843,3867624.74866667
14844,4229332.34046667
14845,3957039.51453334
14846,3795512.20393492
14847,3960947.3702
14848,4704913.00453333
14849,3935962.46335873
14850,4084466.2097
14851,5132728.5578
14852,4833738.12195
14853,3999843.8198
14854,3886992.27203333
14855,3852646.24573492
14856,5001367.10096666
14857,4750341.74206666
14858,4226315.0979
14859,3768629.00473333
14860,3327058.17013333
14861,3897353.58526667
14862,4349670.4954
14863,4885945.93746667
14864,4407471.25696667
14865,3727281.5261
14866,4945907.63476666
14867,5241333.31943333
14868,4020502.6886254
14869,4215982.3593
14870,4595764.28096667
14871,3476760.35437143
14872,3766599.0216
14873,3600332.07023334
14874,4175322.44346191
14875,4566669.30993333
14876,3889544.20086667
14877,4675513.13726667
14878,4508913.14843334
14879,4796269.76238571
14880,4419809.0305
14881,4503233.79332857
14882,4901727.08073333
14883,4544856.49733333
14884,5152658.65340476
14885,4334983.4239873
14886,4078166.1141
14887,4508061.07873333
14888,4481271.43483333
14889,3782276.95536666
14890,3821562.92866667
14891,4602165.24835238
14892,5175189.23676667
14893,4751897.94896667
14894,5071486.14176667
14895,4539622.10857143
14896,4639241.65153333
14897,3127582.97196667
14898,3342659.04163333
14899,4585615.54693333
14900,4805631.12273334
14901,3109243.18578096
14902,4529394.47053333
14903,4675800.0817
14904,4636606.0906
14905,2965250.37624444
14906,4071504.93853333
14907,2544829.87736667
14908,4633358.97906667
14909,4481680.26291111
14910,5144933.27743333
14911,4277619.24516667
14912,4850431.72306667
14913,3582839.56657302
14914,3802723.46394286
14915,5154515.876
14916,5061757.13133333
14917,4093000.75263333
14918,4880988.52707778
14919,4046691.891
14920,4362639.07756667
14921,4155876.99583333
14922,4318066.29226667
14923,4283901.15886667
14924,3754976.35466667
14925,4043066.23723333
14926,3810515.20586667
14927,4086295.37149524
14928,4889502.19093333
14929,4956977.34347619
14930,4011974.99470476
14931,4653914.2277
14932,4153226.00633333
14933,4547896.2137
14934,4606777.60175714
14935,5246818.2354
14936,4689214.9808
14937,4268265.3804
14938,4372975.37332857
14939,2860853.05839524
14940,4635738.70196667
14941,5756960.2596
14942,3726091.4887
14943,3285683.63517778
14944,3525970.50319048
14945,4520612.82742857
14946,4544537.60966667
14947,4139371.98513333
14948,4610006.51633333
14949,5155352.32125238
14950,3729873.4972
14951,3806360.85243334
14952,5032367.41026666
14953,4104410.7509
14954,4882313.34503333
14955,2596261.92857619
14956,5892634.1924
14957,4053424.43477778
14958,4792561.5251
14959,4609115.75653333
14960,4778586.0867
14961,4543336.1165
14962,3907186.91371111
14963,4539333.9727
14964,3274925.89695714
14965,5176662.48563333
14966,4562920.68246667
14967,3656847.93732857
14968,5150205.5773
14969,4456542.41647143
14970,4583032.9751
14971,4345628.28706667
14972,5069830.4577
14973,4585824.08091111
14974,4229308.97103333
14975,5657305.4554
14976,3703252.25616667
14977,3898517.14330953
14978,4365492.09956191
14979,3704150.19735714
14980,4851330.89663334
14981,4574135.41481111
14982,3548665.30049524
14983,3753257.99183333
14984,4993997.7741
14985,4566712.33352857
14986,5067006.27684444
14987,2515675.95162381
14988,5289295.7046
14989,4622192.47336666
14990,4103434.80917778
14991,4748486.40122381
14992,5343132.67336191
14993,4053721.714
14994,4220506.19403333
14995,4446362.0129
14996,3710308.55294445
14997,2650779.43350159
14998,5312487.11473334
14999,5258714.1566
15000,4436610.39246666
15001,4015280.7183
15002,4402056.04713334
15003,4942625.82206667
15004,4881219.5794
15005,4741758.77698096
15006,4851075.02506666
15007,3839525.56576667
15008,4564168.28423333
15009,4523728.19122857
15010,4356151.61213333
15011,4688171.41706667
15012,3946789.99813333
15013,4458278.55702857
15014,3834232.65399207
15015,5365749.36023334
15016,4284955.34796667
15017,3994021.11324286
15018,4110282.21723333
15019,4157328.57244524
15020,4463549.83076667
15021,3926110.27319206
15022,4474114.43063334
15023,4015793.25066667
15024,3934042.17318095
15025,4774674.24543333
15026,4645622.2034
15027,4657044.68146666
15028,4531757.245
15029,4727534.28093334
15030,3698985.48634286
15031,3874142.30209048
15032,4382359.49853333
15033,4830417.07769524
15034,4562972.26526667
15035,4485198.85037143
15036,4319799.5249
15037,4399798.8302
15038,5271671.24418571
15039,5322473.29233333
15040,4072031.65616667
15041,4823053.5009
15042,3778828.25560952
15043,4212098.62069524
15044,4176564.67426667
15045,4105214.83343334
15046,4448752.44296667
15047,4792701.62249524
15048,3613776.28297619
15049,5065914.7948619
15050,5210931.2313
15051,4159768.5206
15052,4913651.84103333
15053,4058807.43855397
15054,3621785.37516667
15055,4694961.24363333
15056,3937334.99936667
15057,3837635.26433334
15058,4498847.81523333
15059,4681547.99262381
15060,4413767.31016667
15061,4114907.33197778
15062,3865056.76270952
15063,4141463.37704444
15064,4284130.49176667
15065,4778706.76593333
15066,3732430.51147778
15067,4308152.36231429
15068,3714458.55803334
15069,3856220.50436667
15070,3788133.28582857
15071,4990215.78863333
15072,3822222.97822064
15073,2817196.46567619
15074,4368100.08933333
15075,4237954.46293333
15076,4153530.87746667
15077,4491847.9834
15078,4171058.0954
15079,4980211.4643
15080,4961454.84326667
15081,4815691.12546666
15082,4339389.01688095
15083,2575147.54013333
15084,3691349.49813334
15085,4303406.64836667
15086,4352579.2687
15087,4067734.85433333
15088,3622631.82501111
15089,5238780.4879
15090,4474062.42236666
15091,4670240.90361428
15092,4325748.63926667
15093,3515924.54469524
15094,4425511.98426667
15095,4340926.014
15096,4473799.76843333
15097,4449466.4189
15098,3111593.17007619
15099,4939724.49456666
15100,4140074.94086667
15101,4593080.01015714
15102,3498618.11625397
15103,4785368.72624444
15104,3506674.43567619
15105,4492402.25153333
15106,3739792.26820952
15107,4850169.80463333
15108,4641430.87176191
15109,6073936.21673333
15110,4602863.85236666
15111,4752828.55696666
15112,3733023.55856667
15113,3872885.81418095
15114,4760069.3158
15115,3959558.15613333
15116,4727726.45762381
15117,5211827.61286667
15118,2530329.75726667
15119,4578470.00913333
15120,4011522.74977778
15121,4558472.43006667
15122,4824830.87706667
15123,4551090.7498
15124,4796090.82901428
15125,3922959.97
15126,3073751.21694286
15127,2850616.81533334
15128,4308765.35693333
15129,4472851.96996667
15130,3900168.21723333
15131,4350361.62693333
15132,3931623.30126667
15133,5239101.85665238
15134,4595126.86673333
15135,4742967.11552857
15136,3681375.51666191
15137,4362307.86564921
15138,4706461.18370476
15139,5404525.23256666
15140,4977770.51963333
15141,4449367.42913333
15142,4121649.45683333
15143,5198350.42916667
15144,4093865.46342857
15145,4734344.7754
15146,3213878.38196667
15147,4673460.88133333
15148,3898539.136
15149,4724051.79389524
15150,4434538.2693
15151,4837671.50616667
15152,3047855.15933333
15153,4403717.5279
15154,3346700.82926667
15155,4596288.4684
15156,4660923.52123333
15157,4702203.6058
15158,3339565.04804444
15159,4526113.65893333
15160,4411314.57206667
15161,4091279.73524286
15162,3995463.22026191
15163,3601882.4779
15164,3289849.50424444
15165,3735869.04592064
15166,3357162.70614286
15167,3752664.8737
15168,3963161.37513334
15169,5223191.7905
15170,4095633.46018571
15171,4883843.55657143
15172,4518941.01266667
15173,4187315.25183333
15174,3882878.24210952
15175,4229496.73670952
15176,3502857.74826667
15177,4620439.07061429
15178,4836473.86873333
15179,3622826.2214
15180,4822943.12715238
15181,4135250.47373333
15182,4831594.73433333
15183,3867674.46734445
15184,4929459.12293333
15185,4617413.71251428
15186,4556206.22036667
15187,5050722.2756
15188,3951113.6706
15189,3987715.80483334
15190,4242664.38823333
15191,4547305.7925
15192,4361784.98303333
15193,3971856.275
15194,4623693.5649
15195,4781934.68653333
15196,3826412.09087619
15197,4615135.4582
15198,4270388.03163333
15199,4353364.4423
15200,3782348.65963334
15201,2482027.34144286
15202,4111296.19433333
15203,4290141.28
15204,4406366.42057143
15205,4085945.63166667
15206,3651713.25941111
15207,3916438.57206667
15208,3342428.45777778
15209,4579586.71339524
15210,4052265.93133333
15211,5731559.12141904
15212,4254934.4925
15213,5065202.08373334
15214,4308183.76536667
15215,4176714.4241
15216,4688207.3739
15217,3547744.73273334
15218,4297388.79713333
15219,4517708.11163333
15220,3307024.34736191
15221,3981380.6967
15222,4831443.02353333
15223,5098223.23116667
15224,4200741.49316667
15225,3640401.78638254
15226,4473839.30873333
15227,3943933.00830952
15228,4000180.28556667
15229,4360711.13943333
15230,4374434.72121111
15231,4502968.58144444
15232,4795414.69676667
15233,3958082.24646667
15234,4264887.66866667
15235,3014056.7529
15236,4558994.8224
15237,4418198.57557778
15238,4603560.13503333
15239,4560384.17311905
15240,4664629.236
15241,3958675.89033333
15242,4443192.9872
15243,4926579.90262619
15244,5008326.03036666
15245,5085382.9441
15246,4186176.1522
15247,3905764.17046666
15248,4079290.81978095
15249,4402300.31386667
15250,3473164.34971111
15251,4070308.697
15252,3579287.38816667
15253,4332411.30199048
15254,4374542.67133333
15255,4645037.59466667
15256,4970383.43803333
15257,4102982.02756667
15258,4537438.1497
15259,5209707.47106667
15260,4516462.46026191
15261,3688350.72963333
15262,5025951.70463333
15263,4251428.74516667
15264,4459759.43716666
15265,4839813.77062857
15266,4197692.0069619
15267,5466766.13853333
15268,4092829.77360952
15269,4194100.5421
15270,4355501.20456666
15271,2976962.98924286
15272,3519915.3927
15273,4635998.07686666
15274,4682712.58906667
15275,5068876.48648095
15276,5284156.03433333
15277,4475708.17163333
15278,4150951.141
15279,4231647.64663333
15280,4042211.9864
15281,4743368.5006
15282,4000752.55859524
15283,5222851.41576191
15284,4747124.68682857
15285,3752197.30113333
15286,3630783.51886349
15287,5062255.1232
15288,4778924.85346666
15289,4023770.3060873
15290,3909717.9344
15291,4743905.44973333
15292,4296616.26811111
15293,4869285.66926666
15294,2944365.26707619
15295,3623940.02481905
15296,3593308.5856381
15297,4550903.70586667
15298,4551236.873
15299,4386300.9591
15300,4315136.70779206
15301,4770538.10636667
15302,4047924.31143334
15303,4463872.3811
15304,4763176.3226
15305,4387164.93991111
15306,4243926.57363333
15307,5687598.52436667
15308,3774389.54443334
15309,4212731.47863333
15310,4320702.14173334
15311,3891746.56345397
15312,4526008.68006667
15313,3762038.43346667
15314,4353135.54661111
15315,4127047.4879
15316,4617625.7305
15317,4966928.51749524
15318,4628136.817
15319,4111909.18433809
15320,3057231.90926667
15321,3955320.19153333
15322,3732457.41851429
15323,4296433.70256667
15324,5193581.50693334
15325,4523528.86013333
15326,4751529.07336667
15327,4125798.90006667
15328,5021552.8527
15329,3294805.37023333
15330,3710313.92307778
15331,4735171.62802857
15332,4039504.92034444
15333,4570304.45813333
15334,3905111.50683333
15335,4920821.57223333
15336,4117947.14466667
15337,3937309.33688571
15338,4826450.55696667
15339,4347229.3645
15340,4136272.07340952
15341,4060067.13799048
15342,5031792.32423333
15343,4118729.81184286
15344,4281299.71973334
15345,4363792.16956667
15346,4771830.4595
15347,4166305.2582
15348,4685520.8059
15349,4169962.56836667
15350,4598373.87356666
15351,4473270.33643333
15352,5176393.28083333
15353,4018370.1089
15354,3605537.85964762
15355,4902452.9504
15356,5267559.84606667
15357,5385570.82685238
15358,3364381.45853333
15359,3834446.94563333
15360,4922699.66766667
15361,3423691.37624286
15362,4340698.81733333
15363,3223109.25617778
15364,4165495.2993
15365,3611975.33992381
15366,4956191.67736667
15367,4725879.70166667
15368,2844010.27061429
15369,5277606.47371111
15370,5586636.70553333
15371,4164219.81701905
15372,4414203.56978572
15373,3901856.22913333
15374,2661101.08681905
15375,4662264.63193333
15376,5169293.04843333
15377,4630947.75943333
15378,3930048.34482381
15379,5452216.26883333
15380,3931918.29626191
15381,4420442.42026191
15382,4344818.27623333
15383,4501131.02017619
15384,4972164.39343333
15385,4703747.5796
15386,3953823.29717778
15387,4468037.42753333
15388,4760306.93613333
15389,5095850.02841905
15390,4192845.4608
15391,3194458.95096667
15392,4547614.37713333
15393,2736779.23226667
15394,3960936.67913334
15395,5085685.32173333
15396,4184693.06966667
15397,4230740.11611111
15398,2879911.8769
15399,4566249.77763333
15400,4119447.78547619
15401,3244055.85430953
15402,2871564.04637778
15403,4760297.61616667
15404,4459541.31356667
15405,4126801.80013334
15406,4067896.69816666
15407,5512538.55406666
15408,3802749.16776667
15409,4645449.35293333
15410,4507283.69504444
15411,4742068.66353333
15412,4640924.1945
15413,4605453.08436667
15414,4078321.3478
15415,4835393.06783333
15416,4827141.9713
15417,3900260.85629682
15418,4078328.70062857
15419,4951143.55473333
15420,3669684.43313968
15421,4630675.0803
15422,4396265.4872
15423,3925163.64393333
15424,4221275.52113334
15425,4252493.3804
15426,3874003.80863333
15427,4528811.397
15428,3734866.71680952
15429,4259259.09907619
15430,3311313.47260476
15431,4267967.33871111
15432,4782719.43713333
15433,4847498.29533333
15434,3709072.34102857
15435,4588167.99166667
15436,4840713.4799
15437,4433736.6806
15438,3842600.8814
15439,4599568.05296667
15440,4698997.58832857
15441,4379455.08496667
15442,4301934.33566667
15443,4079190.99513333
15444,3756149.2917
15445,3909848.51597778
15446,4139536.80407619
15447,4136971.61223334
15448,4817740.1844
15449,4881451.4446
15450,4647688.42583333
15451,4695546.73363333
15452,4414040.35085715
15453,5317091.91936667
15454,4240139.32896667
15455,4196713.25576667
15456,4330900.91063333
15457,4080663.09564445
15458,4914597.7138
15459,5135733.9971
15460,5158625.79013333
15461,4741305.10815238
15462,4381441.00113333
15463,4393929.59732857
15464,5303298.62443333
15465,3422502.995
15466,4412926.7272
15467,2945680.34906667
15468,4777426.69686667
15469,3920161.15699524
15470,4515484.31456667
15471,4156254.50579524
15472,5289118.1749
15473,3618927.07576667
15474,4861320.05303333
15475,5535017.9515
15476,4839668.74556666
15477,4856056.9533
15478,3719066.37310952
15479,3434487.79544444
15480,4324161.61533333
15481,4494926.32883333
15482,5134402.81196667
15483,3801382.53731111
15484,4163147.64483333
15485,4095632.3253
15486,3443262.52091429
15487,4198922.33574762
15488,4662096.83208571
15489,4329070.95860953
15490,4769545.64156667
15491,4015567.88549524
15492,3813677.87994762
15493,3315224.41891111
15494,4932689.93253333
15495,4512076.5604
15496,3948640.68917143
15497,3132526.93856667
15498,4271611.3077
15499,4661858.07856667
15500,4770732.4446
15501,3568417.54583334
15502,4259387.59006666
15503,4574080.04549524
15504,3342685.38786349
15505,3533795.44866667
15506,4214771.64686667
15507,4095285.1532873
15508,5418923.866
15509,4994054.4353
15510,4352350.2508
15511,5000663.35612381
15512,4442786.83793334
15513,6104942.74143334
15514,4330400.76643333
15515,3624657.44026667
15516,4081893.35591429
15517,4742011.3501
15518,4718384.83196666
15519,4618039.66393333
15520,4752524.64846667
15521,5006491.2146
15522,4620798.3763
15523,4282955.86651111
15524,3999582.98756667
15525,3605245.43913333
15526,4316511.06283333
15527,5021738.19343333
15528,4703405.20625238
15529,5564148.3119
15530,4200778.19725238
15531,4483130.7836
15532,3375399.65214286
15533,3308576.43103333
15534,4355366.66416667
15535,4285439.10436667
15536,4219445.3263381
15537,3880461.74680952
15538,4650103.006
15539,4783177.8424
15540,4929722.71833333
15541,3255850.06036667
15542,4203814.13385238
15543,2204871.79565714
15544,4445945.1025
15545,4380367.88563333
15546,4053092.46699524
15547,4471741.61033333
15548,4297248.36446667
15549,3882878.24210952
15550,4306919.61436667
15551,5236403.06811904
15552,4927888.54343333
15553,4231847.6232
15554,4903538.4706
15555,4243628.84753333
15556,4246396.7151
15557,4115661.34223333
15558,4748682.72602857
15559,3061581.16981111
15560,5076012.07046667
15561,4628656.31036667
15562,4190063.51973333
15563,4394671.58246666
15564,4628691.5401
15565,5815900.86559999
15566,4828676.16393333
15567,4360944.86
15568,5046205.7901
15569,4794938.99363333
15570,4999954.14759682
15571,4421841.25091667
15572,4313118.36394286
15573,4741553.5432
15574,3808816.6108
15575,5335350.42724444
15576,3325385.74627301
15577,4356308.1682
15578,4895089.34186667
15579,4429490.2081
15580,5097368.4631
15581,4794767.35253333
15582,4935616.87753333
15583,4386897.52076667
15584,3598211.09293334
15585,5116471.93737778
15586,4114897.80296667
15587,4720040.7193
15588,4282144.96383333
15589,4656623.2709
15590,4388827.39486667
15591,3689707.40276667
15592,4331681.9961
15593,5171220.72432857
15594,4323142.95933333
15595,4619124.66866667
15596,5532964.07463333
15597,5062566.321
15598,4473956.8833
15599,4654679.1795619
15600,4253606.5032
15601,3911303.82453968
15602,5585601.55766666
15603,3193739.25877302
15604,4069663.18694762
15605,4578952.62179524
15606,4228422.1042
15607,5066722.43333333
15608,3839741.80431111
15609,3588155.04162857
15610,3529271.45345873
15611,4488504.15143333
15612,3828361.62123968
15613,4189807.3855381
15614,4521037.11373333
15615,5375700.578
15616,4526402.5859
15617,3982578.54786667
15618,4401296.9408
15619,5047475.88982857
15620,4830291.33517777
15621,4228844.86173333
15622,4750521.57733333
15623,4180374.30153333
15624,3777713.6223
15625,3664757.64353334
15626,4016765.84876667
15627,4127530.0304
15628,2802217.15246191
15629,3889064.92066667
15630,4776197.62776667
15631,4781315.37533333
15632,3963343.2794
15633,5033091.90823333
15634,4658854.33993333
15635,5547760.7844
15636,3406754.95923333
15637,5289914.25333333
15638,3675986.77245873
15639,3882223.6192
15640,5142707.36096667
15641,3913654.31783334
15642,4433072.948
15643,4516162.4911
15644,4565562.86383334
15645,3690673.36417619
15646,3409688.51416667
15647,4608905.1738619
15648,4066549.79103334
15649,3930166.99357619
15650,5128786.58863333
15651,4519747.7042
15652,4493613.33586667
15653,4052006.4174
15654,4181651.145
15655,3778870.4002
15656,4090683.11316667
15657,4226218.22633333
15658,4562617.14866666
15659,3934835.51053969
15660,4107750.86103333
15661,4053594.78703334
15662,4593618.17936666
15663,3555964.53401429
15664,3587013.22503334
15665,3704796.42659523
15666,3886927.67213333
15667,4866204.58108572
15668,3363984.25317778
15669,4723286.71983016
15670,4598842.6104
15671,3829033.03631111
15672,4576097.84337143
15673,4853438.0084
15674,4512757.27173333
15675,5164051.3822
15676,4868959.37866666
15677,4236884.8893
15678,3952377.19301111
15679,3965118.46584286
15680,3775271.88176667
15681,5287509.55906667
15682,3609118.68382857
15683,4852000.52103333
15684,4562755.38899523
15685,4493850.10406667
15686,4311020.33656667
15687,4698451.21636667
15688,4323551.152
15689,5118952.9011
15690,3368467.34953333
15691,4736436.39514444
15692,3967054.20473333
15693,4352720.30246667
15694,4020567.61179524
15695,3458304.31166667
15696,4012579.9223
15697,3794197.8947381
15698,3995208.86170476
15699,4760306.93613333
15700,3162550.20786667
15701,4273735.24047778
15702,4070505.6109
15703,3448643.76097143
15704,3939109.62483334
15705,5367198.73807777
15706,4123777.26759286
15707,4890920.30843333
15708,4138069.3578619
15709,4104763.38883334
15710,3770301.77682381
15711,3959147.83823334
15712,5110859.10384444
15713,3941720.9431
15714,3968621.79099524
15715,4665806.49666191
15716,4496323.04176667
15717,4555642.41709048
15718,3991669.28786667
15719,4294856.23164286
15720,5129348.7787
15721,5380319.49781905
15722,4829851.34885714
15723,4698158.04376191
15724,3909274.55492381
15725,4417224.4574
15726,4772494.97786667
15727,4527414.4945119
15728,3957329.00656667
15729,4643080.25836667
15730,4001540.85097619
15731,3827926.67630953
15732,3966057.48194445
15733,4665890.48543333
15734,4777571.62843334
15735,4513673.86647778
15736,4103940.02406667
15737,3957228.9125
15738,4374325.31483333
15739,4255137.0743
15740,4596518.67806666
15741,4219896.16536191
15742,4137906.11053334
15743,4824394.93026667
15744,3976713.60474444
15745,2761915.91054286
15746,4226206.1412
15747,4463001.13753333
15748,3323109.12140952
15749,4386427.10907143
15750,3279199.1339
15751,4684366.37916667
15752,4677683.6686
15753,4322483.99720952
15754,3687436.3847
15755,3593748.56799524
15756,4215621.69327778
15757,3699216.66816667
15758,4418120.05306667
15759,4468244.0946
15760,3614549.95632064
15761,4614707.74423333
15762,3604965.68003334
15763,2605711.86677619
15764,4079666.91165238
15765,4082518.71083333
15766,5000214.10188571
15767,3446129.08863333
15768,4578149.7811
15769,5585435.86055238
15770,4432587.20827778
15771,4654512.2753
15772,3961824.3323
15773,4190585.06972381
15774,4121192.33503334
15775,4993850.96336667
15776,3986741.08644286
15777,3643081.10062857
15778,4986908.12693333
15779,4812190.03726666
15780,5586810.99266667
15781,4161695.60267778
15782,4151754.5101
15783,4640175.4428
15784,5773564.5138
15785,4973818.3321
15786,4662291.51001111
15787,4645557.39597778
15788,4833584.83766667
15789,4097031.67413333
15790,3404328.5961
15791,5049721.98183333
15792,3952144.54807143
15793,4075525.49816191
15794,3848294.8196
15795,4159347.62750952
15796,3777417.06513334
15797,4456651.0271
15798,3945558.07893333
15799,4469056.71163333
15800,3809883.00386667
15801,5510451.8579
15802,4259797.22633333
15803,4517794.5127
15804,3927831.0668
15805,4294763.38446667
15806,3993702.66264762
15807,4025821.418
15808,4199490.92514286
15809,4944417.92330952
15810,3193286.1194
15811,4757518.2922
15812,4098624.97312857
15813,3601398.90434445
15814,3994022.49422857
15815,4998038.9204
15816,3425486.79166667
15817,3965576.52853333
15818,4071401.3023
15819,4800864.18696667
15820,5860335.999
15821,4253016.87683334
15822,4808093.80306666
15823,4969451.59536666
15824,3996945.21286667
15825,4129953.71498571
15826,3841493.21561111
15827,3169255.69597143
15828,5217774.53216667
15829,4905604.61923333
15830,4923867.9601
15831,4252377.49007619
15832,3235828.2448
15833,4270562.17803968
15834,4444640.19696667
15835,3997957.621
15836,4426062.17676667
15837,3708677.35599048
15838,4804611.6389
15839,4131047.0833
15840,4715790.08319524
15841,4625298.54863334
15842,4253170.1682
15843,4275062.09433333
15844,4632578.35733333
15845,4450697.2554
15846,4997585.62061905
15847,4242026.47629683
15848,3935841.89061111
15849,4271788.1005
15850,4407375.59805952
15851,4422041.69253333
15852,4804152.79606667
15853,4409385.97713333
15854,4895037.58496667
15855,4379299.27102857
15856,3865964.49013333
15857,3264857.08225714
15858,5510867.58750001
15859,4474726.23286191
15860,4095519.672
15861,4648701.58053333
15862,3990556.81693334
15863,3619601.24916667
15864,4803938.6883
15865,5129171.718
15866,4906914.77336666
15867,4375491.67586667
15868,3998830.96346191
15869,4778066.12403333
15870,4344764.16334444
15871,4169015.40737778
15872,2733487.54856191
15873,3082035.54989683
15874,3754800.41196667
15875,3847698.9508381
15876,4423372.1817
15877,3571032.51938095
15878,5020150.86766667
15879,5185858.66663334
15880,4702053.13413334
15881,3996872.55433333
15882,4251696.3473
15883,5157710.59673333
15884,5131297.33493333
15885,5057847.34726667
15886,4297181.46121111
15887,5288015.98805238
15888,3528982.43046667
15889,4646035.63663333
15890,3004663.78257778
15891,5541179.61543333
15892,5172675.51249524
15893,4389855.2002
15894,4728373.61136667
15895,4664592.15294286
15896,5008579.14653333
15897,4394170.7919
15898,3806730.3374
15899,4070409.49245952
15900,3735411.23004762
15901,4272705.16612857
15902,4306919.61436667
15903,4193671.82426191
15904,3579440.3017
15905,4541368.51713333
15906,4737619.0034
15907,4178525.23936667
15908,4530536.1835
15909,4287209.87192857
15910,5172324.89963333
15911,4775582.2125
15912,4633555.8455
15913,4284935.33507619
15914,4492768.2179
15915,4896279.97496667
15916,3943559.82094286
15917,4726818.74
15918,3215010.55020635
15919,3764971.32977778
15920,3521411.39470477
15921,4120500.40463333
15922,4058067.27886667
15923,4815348.6734
15924,4440343.68006666
15925,3808281.7567
15926,4856743.7518619
15927,3792120.53070952
15928,4186705.6321
15929,4779442.47603333
15930,4210215.367
15931,4647383.80311111
15932,4578203.7028
15933,3363696.71410952
15934,3643225.69811905
15935,4139466.05686667
15936,5577812.8827619
15937,4951515.35468095
15938,3692973.88073334
15939,4611015.64346667
15940,4799793.33983334
15941,5188876.5821
15942,4359709.82706349
15943,4974782.1855
15944,3165579.67039524
15945,2621764.67574286
15946,4337772.31523334
15947,4069948.08736667
15948,3801554.69834286
15949,4702256.7272
15950,4126139.10053333
15951,4814030.16543333
15952,3594217.02981111
15953,5101018.25756666
15954,4356840.72597777
15955,4554915.69076666
15956,4617695.90503333
15957,4269849.98003333
15958,3858980.37726667
15959,4046690.125
15960,4082407.80266667
15961,5019069.33613333
15962,3988302.85087778
15963,4108476.3681
15964,3940943.54253334
15965,4247536.50511111
15966,3424105.21274286
15967,4290934.9824
15968,4849600.61096667
15969,5349329.0258
15970,3655921.2302
15971,4137288.43631428
15972,4554482.69396667
15973,3863696.37426826
15974,4913561.30824444
15975,4189090.34106666
15976,3151657.19674286
15977,4095178.14726667
15978,4091419.2926381
15979,4634193.13596667
15980,4161601.83906666
15981,3888076.3214
15982,4390964.90112857
15983,3240340.0185619
15984,3641303.94012064
15985,4411377.92913333
15986,4986486.6374
15987,4137237.10936667
15988,4235309.7191
15989,3889030.53736667
15990,4420841.0374619
15991,4539092.2414
15992,4140846.49160476
15993,4245157.21763333
15994,3595480.98493333
15995,4881266.3568
15996,4227790.17450476
15997,3892415.47846667
15998,5593843.91576667
15999,4976705.8377
16000,4232960.99261111
16001,3878549.53276667
16002,4137117.57134286
16003,3961666.09721111
16004,4605737.0693
16005,5165872.16543333
16006,3881852.83718571
16007,4695131.95526666
16008,4041864.30343333
16009,4680098.30710476
16010,3056814.31701111
16011,4612247.304
16012,3736794.95864762
16013,4909093.68049048
16014,4146673.82516667
16015,4633042.0342
16016,3836788.63406667
16017,4033250.12646667
16018,4445833.21471905
16019,4890706.71436666
16020,4422771.0265
16021,3974566.0279
16022,3672555.93273333
16023,4599632.0251619
16024,3387246.9768
16025,4573576.54261111
16026,4393840.72176667
16027,4371740.21238572
16028,4212810.75323333
16029,4230550.61476667
16030,3589764.98116667
16031,3777057.92873333
16032,4530902.43836667
16033,4155130.32683333
16034,4143372.76984444
16035,4229499.9831
16036,5015128.52556667
16037,4528765.08173333
16038,5488493.8973
16039,4341855.69478571
16040,5013110.67823333
16041,4304354.07493333
16042,3530014.41257778
16043,4885553.08335714
16044,4575358.53016191
16045,4323420.2731
16046,4564339.21786667
16047,4907333.04723334
16048,4312435.62163334
16049,3684059.57954762
16050,4492503.30613333
16051,4183585.29986667
16052,4431855.35273333
16053,4176998.25385238
16054,5075738.68219047
16055,3995370.5315
16056,3950705.60013334
16057,5113486.50203334
16058,4432252.53712857
16059,4708211.3033
16060,3755887.22656667
16061,3603298.03097778
16062,3696832.71903333
16063,4503212.91990952
16064,3530255.11533333
16065,4408432.16996667
16066,5086164.68642381
16067,4358388.43681111
16068,2598993.9709873
16069,3574764.68683334
16070,4397763.32553333
16071,4396428.25406667
16072,5178307.75342857
16073,3959178.1138
16074,3779142.71867778
16075,4528993.82167301
16076,5214842.79073333
16077,4269984.65386667
16078,3851231.92083333
16079,4098909.2382873
16080,3482693.40147143
16081,4794384.54326667
16082,5402023.9686
16083,3384732.28806667
16084,4473121.77623333
16085,4705164.92346667
16086,4277996.20331111
16087,4156185.96199524
16088,3704474.97257302
16089,4201830.27163333
16090,5246904.23986667
16091,4934475.79628571
16092,4021796.01501111
16093,4023879.6157
16094,4830408.28543334
16095,4976532.13553333
16096,4818909.7807
16097,3352002.5004
16098,4328889.039
16099,4251218.21266667
16100,3960186.70396667
16101,4508298.86896667
16102,5512036.0064
16103,4709280.3812
16104,4212914.94506667
16105,4909745.92106667
16106,3216189.55003333
16107,4157075.66676191
16108,3787282.74721111
16109,4450663.78623333
16110,3167396.3188
16111,4470943.5949
16112,4346074.75211111
16113,4902834.39903334
16114,3894020.7413
16115,3794063.65492381
16116,3957612.27166667
16117,3176952.77694444
16118,4550018.77373333
16119,4420979.42033333
16120,3191155.63132857
16121,3995867.7026
16122,4849947.7715
16123,4650425.06393333
16124,4358713.05086667
16125,3802993.5272
16126,4556634.0267
16127,4538179.27603333
16128,3523152.83152858
16129,4125250.6781
16130,4609263.92056667
16131,4881231.3148
16132,4092148.9985
16133,4292384.64597778
16134,4245301.43653333
16135,3587831.42586191
16136,3565060.14770001
16137,4517140.96063333
16138,4721165.5774619
16139,4496309.92183333
16140,5451302.05783333
16141,4177271.40323333
16142,4324972.36166667
16143,4010024.72169048
16144,3669605.23333333
16145,3332253.97790952
16146,3210021.25275714
16147,4622514.05095714
16148,5370387.8094
16149,5045904.85893334
16150,4541197.31683333
16151,3914853.61486191
16152,4586401.12293333
16153,3418815.08095397
16154,3496197.88142064
16155,4319588.6969619
16156,2842602.43805238
16157,5383727.7398
16158,3518347.22690952
16159,3090199.11535397
16160,4368511.96564286
16161,4411252.63936666
16162,4809232.61466667
16163,4110481.10076666
16164,4182384.37526667
16165,4820353.78916667
16166,3719171.59566667
16167,6059064.53118571
16168,4044001.51744286
16169,4254709.66797302
16170,4011453.55546666
16171,4601036.35923333
16172,3851901.29078254
16173,4482248.9954
16174,4101947.02320952
16175,4125784.28982381
16176,4631291.48279683
16177,4490797.46826667
16178,3773397.41346667
16179,4127871.69484445
16180,5376444.33006667
16181,3703686.35906667
16182,4726165.11657778
16183,4121752.17422381
16184,4278569.44646667
16185,3585989.0067
16186,4500593.32729524
16187,4506198.09876667
16188,4206216.05814444
16189,3294610.07734762
16190,5305941.08836667
16191,4560398.17113333
16192,4351875.14636667
16193,4651635.60324444
16194,4725588.3302
16195,4306192.56446667
16196,4503990.43973334
16197,4643033.1805
16198,4634576.37946667
16199,4273224.0997
16200,5170939.57268571
16201,4634675.945
16202,3605468.65006191
16203,4733242.83533333
16204,5119996.04233333
16205,4592867.5938
16206,3568150.86007619
16207,4232346.18656667
16208,4293925.4007
16209,4644950.9457
16210,4345748.31224762
16211,4871417.27130476
16212,5380315.52376667
16213,3553504.39272064
16214,3868021.45565397
16215,4453291.46973334
16216,3081043.41547619
16217,4067983.5428
16218,4171783.28656667
16219,4200043.87473334
16220,4594356.96497143
16221,4926810.27256666
16222,4340193.58926666
16223,5024351.29153333
16224,3722018.46967143
16225,5427198.91463333
16226,4077268.34693333
16227,3676648.29274762
16228,4014606.71534762
16229,4109643.28886667
16230,4902793.85133333
16231,4538581.7224
16232,3504245.41520953
16233,3915087.60946667
16234,3476692.48443333
16235,4578947.22132381
16236,4530571.3051
16237,4554845.27248571
16238,4191455.39573333
16239,4532757.52645714
16240,4111962.55178333
16241,5236465.1888
16242,3277020.16736667
16243,4610290.99326667
16244,4853910.54303333
16245,4421934.05570952
16246,5330445.4205
16247,4358713.05086667
16248,4362593.2026
16249,4720599.81116667
16250,4488741.91721111
16251,4472221.1397
16252,4445537.80273333
16253,4695956.24661904
16254,4851863.12953333
16255,4606499.4098
16256,4110101.37234286
16257,4953060.29056667
16258,4420240.15296667
16259,4392445.65993333
16260,4890018.04786666
16261,3843762.61466667
16262,3787943.25676667
16263,4412483.08733333
16264,3539571.511
16265,4976735.95003333
16266,4258841.4974
16267,4368910.49123333
16268,4469460.47920476
16269,4586921.18123333
16270,4329207.57666667
16271,4445246.01846667
16272,4592166.20670635
16273,4271198.35073334
16274,4227790.17450476
16275,4596053.48356191
16276,5835544.3906
16277,5476606.13308572
16278,4616529.79805238
16279,4287594.02586667
16280,3228017.03649048
16281,4796867.78426667
16282,4466247.1965
16283,4196350.6275
16284,4863972.55493333
16285,4582761.3317
16286,4403743.5884
16287,3143815.77157619
16288,4492695.78184762
16289,4144461.98899524
16290,4085584.05496667
16291,4884927.2192
16292,5214479.54226666
16293,3736210.41946667
16294,4128765.6441619
16295,4967655.7094
16296,3935049.24355952
16297,4220817.36883333
16298,4391390.77168571
16299,4210172.37586667
16300,4611013.56802857
16301,3516943.59477619
16302,4410789.07022857
16303,3985003.58291429
16304,3930026.6477
16305,4110555.50426667
16306,4237871.10983333
16307,4639218.52273333
16308,4780934.76166667
16309,4103233.6609
16310,4241135.874
16311,4156705.4981
16312,3914303.41874286
16313,5106177.46033333
16314,4574202.52609048
16315,4087432.6341
16316,4113949.4082
16317,4044244.41281429
16318,3752351.27411111
16319,3811002.6493
16320,4640298.98792857
16321,5196871.38642857
16322,4685967.28717619
16323,4476439.65277778
16324,4256559.54826667
16325,3469027.75353333
16326,5646238.54626666
16327,4507624.47839682
16328,4632253.61277619
16329,4531432.10782857
16330,4004349.06300476
16331,3593539.15771429
16332,4530546.07422857
16333,5179112.39503809
16334,4515092.77903334
16335,4160255.17065238
16336,4475886.66006666
16337,3272705.32643334
16338,4426880.22516667
16339,5332835.61756667
16340,4049487.55229207
16341,4662314.93272857
16342,4235591.04426667
16343,4943493.37456666
16344,4581470.81026191
16345,4684851.2943
16346,4197079.12417778
16347,3924922.72510476
16348,4454290.22083333
16349,3964613.50516667
16350,4028303.5751
16351,4293314.95113333
16352,4640309.54426667
16353,4835421.83843333
16354,3773669.68273333
16355,5075327.51116666
16356,4441366.03226666
16357,3216080.57730635
16358,4727717.05571111
16359,4007121.9595
16360,4199038.91563333
16361,4495466.00311111
16362,3639477.14830477
16363,4563378.79486667
16364,4026936.4209
16365,4280955.28562857
16366,5013630.6006
16367,4454576.50183333
16368,4583072.73523333
16369,4016943.6643881
16370,4407381.3142
16371,4274017.33193333
16372,4118252.92949524
16373,4612196.51446667
16374,4052584.82273333
16375,4023173.90076667
16376,4463658.22453333
16377,4099635.5393
16378,4934110.70148571
16379,5011924.89663333
16380,4312326.13663333
16381,4785136.54073333
16382,3857015.77456667
16383,4149943.62266667
16384,4524148.01594286
16385,4883429.14345238
16386,4109552.25643333
16387,4487662.6108
16388,5158774.3042
16389,4693416.09187143
16390,3576885.53636667
16391,4460288.87356666
16392,4281145.56536667
16393,4060808.7449619
16394,3745908.77981111
16395,4844795.75476667
16396,4555559.73370953
16397,4912098.23756667
16398,3925200.18263333
16399,4325678.31254286
16400,4320108.78443333
16401,4829286.7917
16402,4549172.21280952
16403,4635024.84086667
16404,4296159.3764
16405,3782227.5125
16406,3601515.65742857
16407,5799427.13486667
16408,4603549.52006667
16409,4346441.1076
16410,4253620.93583333
16411,4675174.15147778
16412,4243685.98593333
16413,4837671.50616667
16414,4218543.59311905
16415,3836050.0955
16416,3300564.4200873
16417,4036114.7721619
16418,4665337.22453333
16419,3843516.15141587
16420,3961619.11407778
16421,4899509.32996667
16422,4012954.24986667
16423,4838652.1518
16424,4192982.49133333
16425,3975827.15556667
16426,5589867.7597
16427,4071083.82774444
16428,4191995.34929047
16429,3712939.92464444
16430,4645813.2612
16431,4930378.96356666
16432,5127609.0205
16433,4564210.27144286
16434,4006165.58726667
16435,4021195.8177
16436,5048102.6435
16437,4365704.95639048
16438,4190528.31843333
16439,4481670.3681
16440,3865994.09463334
16441,3896739.88576667
16442,3805192.04426191
16443,4901195.7669
16444,4459234.59816667
16445,4543720.51123334
16446,4772200.85773333
16447,4819777.56899524
16448,3670048.78046191
16449,4834644.19443333
16450,3854881.3151
16451,4243373.02013333
16452,4626920.14287778
16453,4186304.04427619
16454,4745390.1109
16455,4038346.38220952
16456,4401844.98986667
16457,4896468.44583333
16458,4903650.3038
16459,4908505.2385
16460,4179270.889
16461,3995444.30756667
16462,3725610.94910952
16463,4230359.86539048
16464,4542367.4712
16465,5660416.9341
16466,3497781.94516667
16467,3963196.90097302
16468,4323705.62513333
16469,4358074.97336667
16470,4351849.78812857
16471,4475830.39440952
16472,4413118.98507143
16473,3543358.32987301
16474,3761595.27103334
16475,3936078.08006667
16476,4051240.21326667
16477,4656578.9618
16478,4252554.9787
16479,3778318.392
16480,3932520.11701587
16481,4272176.23143492
16482,3689951.1012
16483,4580078.536
16484,4337544.22936666
16485,4786879.96096667
16486,4370289.66736667
16487,3511267.43126667
16488,4551667.5016
16489,5127650.16254762
16490,4547715.02664444
16491,4722109.5376
16492,4112031.63396667
16493,4741947.1202
16494,4274918.91663333
16495,4908889.01103333
16496,4852747.99146667
16497,3259517.91613334
16498,4904438.85553334
16499,4623612.2268
16500,4398751.19483333
16501,4053824.88698572
16502,4453692.62933333
16503,5018074.27138254
16504,3938253.0974
16505,5181717.61993334
16506,5738460.98083333
16507,3313432.08347143
16508,4262715.77761429
16509,3854546.40073333
16510,4571706.77380953
16511,3612934.96856667
16512,4389371.65196667
16513,5342454.9367
16514,4160912.66686667
16515,3267590.7308381
16516,4126018.44740635
16517,4608832.62443333
16518,3775144.30814762
16519,4132807.0583
16520,3591477.01317619
16521,4646891.40503016
16522,4823605.37506667
16523,3836043.85696667
16524,3215431.72855397
16525,4249477.30816667
16526,2937030.8791
16527,4741444.24930952
16528,4269433.44806667
16529,5473090.97133333
16530,3688234.70957778
16531,4001438.7652
16532,4884863.20059999
16533,4513473.061
16534,4835884.57531905
16535,4923694.6284
16536,3137636.43473968
16537,4421162.94106667
16538,4429930.07733333
16539,4499309.35586667
16540,3841608.8983
16541,4951434.2831
16542,4625095.73343333
16543,3611604.78649048
16544,3901740.94330476
16545,3958968.7154
16546,3831596.7493
16547,4428171.92552619
16548,4459930.1352
16549,4494290.6717
16550,4534296.2303
16551,4157147.64420476
16552,4256978.89123334
16553,3603745.06573333
16554,4429171.69373333
16555,5081841.95273334
16556,3816499.56233333
16557,4715529.01606666
16558,4320995.5118
16559,4122749.05031111
16560,4360948.5435
16561,3980740.81359683
16562,4777947.0782
16563,4478858.53293333
16564,4732152.11271111
16565,4173465.15895714
16566,5412605.01576666
16567,4608879.53776667
16568,4502703.96983333
16569,3139906.77633333
16570,4929702.9409
16571,5077534.41886667
16572,3842132.09756667
16573,4347934.42096667
16574,5411924.1047
16575,5186706.89476667
16576,4806224.3468
16577,3808055.56259683
16578,3279313.84151111
16579,4285135.8538
16580,4383339.01703333
16581,4562844.9531
16582,4867399.16446667
16583,4728967.59543333
16584,4774553.57743333
16585,3959083.5378
16586,3968735.3064
16587,3842483.13065714
16588,4699138.1954
16589,4673122.10804444
16590,5071860.16313333
16591,4563354.81886667
16592,3510521.86192857
16593,4346531.9631
16594,3260006.94580159
16595,4865728.25816667
16596,3934774.66803333
16597,4950666.02163333
16598,4374912.14636667
16599,4923423.31106667
16600,4928144.51973333
16601,3894779.07126667
16602,4927342.50306667
16603,4556789.38594444
16604,5212472.3846
16605,4952016.55046667
16606,3768969.45886667
16607,4344401.72786667
16608,3672180.45314444
16609,4723677.5537
16610,3852110.67903333
16611,4630730.11326667
16612,3258437.5722
16613,3356451.75774444
16614,3141267.9796381
16615,3400333.13016667
16616,4691168.98253334
16617,4568843.7213
16618,6025379.53986667
16619,4809976.71313333
16620,4647493.4817
16621,4827813.57449524
16622,5010860.18063333
16623,5442904.30286667
16624,4108930.84810635
16625,4341229.16923333
16626,4485562.36163333
16627,5003953.16446667
16628,4385482.391
16629,4157230.74293333
16630,4041757.21267302
16631,4510533.35363333
16632,4978378.30253333
16633,4852835.08386667
16634,4986113.37476667
16635,4876725.4004119
16636,4125936.24817778
16637,5095976.59416667
16638,4797950.28376667
16639,4169401.4573619
16640,3770444.62217143
16641,4607975.0129
16642,3896833.85448572
16643,6125403.71415238
16644,4164753.8808
16645,4240944.45636667
16646,4908435.44766667
16647,4212454.92243333
16648,4432600.05536667
16649,5031079.04106667
16650,4027055.60283333
16651,4531862.23716666
16652,5045050.68996666
16653,4826284.82649524
16654,4182893.88876667
16655,4250538.22726667
16656,5132698.00113334
16657,4037836.50585238
16658,4501231.6066
16659,2925840.74514444
16660,4365616.98614444
16661,4184129.97787619
16662,5635110.62346667
16663,4141174.30263333
16664,4302199.13572857
16665,5680628.52166667
16666,4463221.33743333
16667,4334707.13483334
16668,4271791.5823
16669,5256984.9811
16670,3079869.15200476
16671,5252325.43086667
16672,4698372.6464619
16673,4169877.35195714
16674,3938478.55916667
16675,4512227.9758
16676,4179358.4984
16677,4582428.76131905
16678,3761689.95906667
16679,4752170.90121111
16680,3677604.38386667
16681,4353014.55766666
16682,4485602.29006667
16683,4454965.15326667
16684,3095474.69014444
16685,4350855.93943809
16686,4008054.56141111
16687,4548205.95508572
16688,4601857.71066666
16689,4111172.0562873
16690,4639515.3748
16691,4998179.05483333
16692,3297588.0165873
16693,4187901.57036667
16694,4334583.86786667
16695,5040577.02086667
16696,5029517.25206667
16697,4404921.68366667
16698,4607895.82286667
16699,4640219.19153333
16700,3802773.69889524
16701,3075801.70606667
16702,4521857.7756
16703,4328286.34393333
16704,4633402.63443334
16705,4392398.1825
16706,4378356.91413334
16707,4840224.79677619
16708,4358903.2553
16709,4183519.83693334
16710,4445538.94026667
16711,3905559.05658095
16712,4327705.94126667
16713,4181151.18024286
16714,5063280.92292381
16715,4925949.41036666
16716,5028414.47725238
16717,4653047.84286667
16718,4671925.84233333
16719,3933753.20612857
16720,4195391.94244286
16721,4594808.78203333
16722,3371458.83863333
16723,3599459.76484445
16724,4386629.34843334
16725,4450438.98193333
16726,3733227.0376
16727,3822854.17287619
16728,4526191.69746667
16729,2717472.8223
16730,5168829.9629
16731,4055353.3923
16732,4227205.79273333
16733,3946938.43397778
16734,3739068.1246
16735,4416349.89026191
16736,4967065.85913333
16737,4409730.87783333
16738,4658458.3639
16739,4206198.85547778
16740,3702213.08440635
16741,4603620.51923333
16742,3958868.5744
16743,3613127.0526
16744,4538448.84053333
16745,4824130.17701905
16746,3401806.01711429
16747,5174709.6093
16748,4733603.94546666
16749,4197908.10756667
16750,3486826.00226667
16751,4684320.69063333
16752,4709848.50737143
16753,3656983.37533333
16754,5186702.3217
16755,4798209.53076667
16756,4918136.24202857
16757,4256584.62853333
16758,4576464.67463334
16759,4192320.02806667
16760,4750201.19473333
16761,5069764.17475238
16762,3539757.89610952
16763,4416490.55823333
16764,3442330.21834444
16765,4214983.00896667
16766,4411862.20976667
16767,4228028.0367
16768,3692618.62283333
16769,3676788.40465873
16770,5220251.7629
16771,5195707.78302857
16772,4126013.61033333
16773,4512383.59406667
16774,3472099.1087
16775,3630395.13873334
16776,4369368.8084
16777,4233546.44646667
16778,3911290.71337143
16779,4428344.78777778
16780,4214036.2092
16781,3849094.98493333
16782,3979933.92123333
16783,4035045.4304
16784,5139396.3831
16785,5489238.32306667
16786,5110621.12999524
16787,3958927.48626667
16788,4600872.94143333
16789,3320340.70636667
16790,2341542.79179048
16791,4188320.3387
16792,4759984.83
16793,4794239.12523333
16794,4279949.89266667
16795,4984941.83726666
16796,4282080.9082
16797,4784523.69169048
16798,5352636.6721
16799,5358705.68773333
16800,4437148.9419
16801,3691423.55536191
16802,3390784.92332381
16803,4617161.73576666
16804,4763953.85367619
16805,4427700.42896667
16806,3455750.91033334
16807,4155309.47476667
16808,3849604.53
16809,3659468.25613334
16810,3211843.12857619
16811,4156097.22983334
16812,5301522.17203334
16813,4371129.5763
16814,4335738.23616349
16815,4056352.0105
16816,4334264.7752
16817,3975440.646
16818,3667983.43236191
16819,4393574.6064
16820,4830527.81029524
16821,4384487.8372
16822,3405117.29701428
16823,5075301.92733334
16824,5058616.10406667
16825,4837470.07344444
16826,4299069.90233333
16827,4075774.3832
16828,4022658.61286667
16829,5126601.81863333
16830,4403742.70323333
16831,4049801.07503333
16832,4670340.91936667
16833,3240393.45647778
16834,4376660.43407778
16835,3781333.45064445
16836,4397069.74333333
16837,4718449.10223333
16838,2551170.72051429
16839,3887899.55103492
16840,4159277.67306667
16841,4293798.20516667
16842,4334345.1223
16843,5039333.2378
16844,3939350.69721111
16845,4683248.56406667
16846,4453387.66926667
16847,4229881.9664
16848,4393563.2655
16849,3566117.79420952
16850,4805366.3938
16851,5407638.24633334
16852,5258594.4594
16853,4978122.5988
16854,4282804.26396667
16855,4356764.6061
16856,4123649.06553334
16857,4488886.38093334
16858,3736083.61133968
16859,3993590.6138
16860,3741838.01593333
16861,3787893.22741905
16862,4087983.4794
16863,3472993.88514445
16864,3728291.15993334
16865,3300733.93089524
16866,3951554.0975
16867,4681460.34643333
16868,2714413.24503333
16869,4280944.479
16870,4666503.69083333
16871,3261399.54262381
16872,4635013.91386666
16873,4653969.00966667
16874,4254571.5217
16875,4439422.37841111
16876,4336295.9856
16877,4410996.64496667
16878,3994508.81076667
16879,4311019.15480952
16880,5389929.1395
16881,5662457.4253
16882,3574322.36781111
16883,3800220.71331905
16884,3981489.6538619
16885,4451466.35487778
16886,4247260.06811111
16887,4686474.1342
16888,4233106.75767619
16889,4951706.6782
16890,2920340.88284286
16891,3950262.27575714
16892,4382647.19616667
16893,3525110.41146667
16894,3532968.80136667
16895,2632879.98293809
16896,4255943.3071619
16897,4688171.41706667
16898,4321757.06723333
16899,5074629.47753333
16900,4133549.7914
16901,4912197.04273333
16902,3206932.27335714
16903,4169016.99832857
16904,4519136.89133333
16905,3412905.1804
16906,4683914.22443333
16907,4690352.88033333
16908,4409173.6735
16909,4197065.9746
16910,3161832.31666667
16911,3748009.4862
16912,4212053.09087778
16913,5335978.0631
16914,2746601.41805397
16915,4758264.83406191
16916,4686706.8837
16917,4962848.37216666
16918,4308568.13743334
16919,4216580.9967
16920,4070505.6109
16921,4681591.65033333
16922,4527227.85556667
16923,4619285.98705714
16924,3788233.41133333
16925,4138989.25356667
16926,4151992.8181
16927,4308035.77743333
16928,4291347.4464
16929,4626293.80743333
16930,4772144.5009
16931,3688211.63804286
16932,4127554.43768095
16933,4531984.81891905
16934,4122844.60664444
16935,3990629.68862857
16936,4534531.0571619
16937,4379016.5097
16938,3950898.19659524
16939,3166285.11317619
16940,5695730.26323333
16941,4387958.1955
16942,4443541.92163333
16943,4458926.42283333
16944,4487640.20593333
16945,4423082.86983333
16946,4229057.69471905
16947,4277186.07496667
16948,3929643.53817778
16949,5695123.48933333
16950,3935937.2658
16951,4421542.14002381
16952,3020711.85649524
16953,4420997.06586667
16954,4404955.11026667
16955,4103037.38443333
16956,5064154.8423
16957,4097422.38802381
16958,4488293.34313333
16959,4202089.5131
16960,4701558.00148571
16961,4775331.80133334
16962,4879505.60656191
16963,4199394.44693333
16964,4587437.35873333
16965,5020607.35776667
16966,5135204.64983333
16967,4496597.97406666
16968,4327075.1951
16969,4740408.5647
16970,3706877.1211
16971,4569513.6693
16972,3893915.04943334
16973,4220421.6664
16974,4273222.56166667
16975,3921516.87253334
16976,4598168.80017619
16977,4155016.12006667
16978,4782352.84656667
16979,3807689.64093334
16980,3731819.73223334
16981,4926848.5393
16982,4086919.5836381
16983,3766328.75297143
16984,4680683.85033333
16985,5074392.83953333
16986,4607297.29756667
16987,4514677.36203333
16988,4260460.08056667
16989,4173522.76146667
16990,4466048.43206666
16991,4097086.31779683
16992,5023060.09825238
16993,3650623.62482064
16994,4397904.88129524
16995,4476291.6181
16996,3537644.4932381
16997,4408564.4581
16998,4229500.34786666
16999,4588436.46606667
17000,5093193.2321
17001,4753000.63573333
17002,4203675.33654286
17003,4673865.6223
17004,5151423.55066666
17005,4453989.96693333
17006,4430153.71446666
17007,2971833.29022857
17008,4016483.46316667
17009,4042931.1671
17010,4116625.6243
17011,3609011.34234286
17012,3949520.6210254
17013,4166410.30979524
17014,4095045.67166191
17015,3863895.60602381
17016,4300518.82016667
17017,3685546.2541
17018,5099279.44321111
17019,3340272.42031905
17020,4218761.21923334
17021,4301378.75055714
17022,3899331.60153333
17023,3801748.444
17024,4227994.739
17025,3227737.94966191
17026,4652921.24223333
17027,2677753.30838572
17028,4575677.78726667
17029,4470396.3787
17030,4205932.69773334
17031,4376544.21097778
17032,4516731.27649524
17033,3082013.27554921
17034,3940639.34436667
17035,4082946.18143334
17036,4966582.15243333
17037,5161205.91823333
17038,4278017.93027539
17039,4022656.51816667
17040,4177376.36303333
17041,2477299.45980159
17042,4454070.67156666
17043,4558946.9502
17044,4059430.2917
17045,4569726.64493333
17046,4355693.0208
17047,4287082.63619206
17048,4550610.32313333
17049,4276104.8204
17050,4591874.78716666
17051,4230143.49772381
17052,5007976.53413333
17053,3350936.13940476
17054,4162668.05566667
17055,4371273.9121
17056,3964732.47247778
17057,4120306.55673333
17058,5275562.92596667
17059,4507023.5578619
17060,4478216.43376667
17061,4039350.3315
17062,4793172.43957778
17063,5349445.66816667
17064,4400044.65453333
17065,4108494.9191
17066,2856495.96137619
17067,2838211.64554286
17068,4528653.18353333
17069,4586536.98825873
17070,3648225.4093
17071,4610673.42334444
17072,4559556.26043333
17073,4099534.53069524
17074,5019009.6118
17075,4332697.66596667
17076,4101541.58358731
17077,4545257.24423333
17078,3567073.63846667
17079,4024257.98713333
17080,4330262.67626667
17081,3582276.92330476
17082,4384477.0163619
17083,4940272.34493333
17084,4540666.60433333
17085,4849191.94403333
17086,3321613.0403
17087,5046942.1401
17088,3938131.01156667
17089,3957597.77309524
17090,4222644.30867619
17091,4888553.07666667
17092,4884587.86936667
17093,4700246.4795
17094,4248276.33048571
17095,3682171.18413333
17096,4315425.92293333
17097,5111705.7729
17098,5147517.41913334
17099,4683599.28643333
17100,5783398.27023333
17101,5263135.43513333
17102,4070976.59849206
17103,3253957.51332381
17104,4636368.59621111
17105,3909274.55492381
17106,4825219.5024
17107,5091953.12491904
17108,5271722.76436666
17109,3996080.88046667
17110,4265532.33416667
17111,4835787.4821
17112,4136947.26056191
17113,3529179.43773334
17114,3790059.52704286
17115,3156086.07299048
17116,4835500.03855238
17117,3954491.95477619
17118,4246502.35252857
17119,3927695.54856191
17120,4232062.38663333
17121,4557393.25173333
17122,4710211.81626667
17123,4423925.25803334
17124,4797430.54326667
17125,4268104.47093333
17126,4104323.8245
17127,4249783.36723333
17128,4261542.9119
17129,4158425.79724445
17130,3552652.93239048
17131,3937130.12686667
17132,3860306.06927619
17133,4400480.14514444
17134,4613246.45541666
17135,4246313.40486667
17136,4001438.7652
17137,5176173.41994445
17138,4575725.56646667
17139,4257984.90039048
17140,4536649.75163333
17141,4644655.6297
17142,4373406.3256
17143,4771283.69993334
17144,4585494.79607778
17145,3843975.92441111
17146,4265561.01699524
17147,3164320.48784445
17148,4399454.0979
17149,4155144.00121111
17150,5104711.83536667
17151,5055415.02797778
17152,4484889.87373333
17153,4054612.5
17154,4007006.91476667
17155,6003861.28116667
17156,4821710.12976667
17157,3261291.7704
17158,4066496.52541667
17159,4005920.92193333
17160,4983849.38873333
17161,4930024.16961111
17162,4328169.2654
17163,4473428.7464
17164,4892967.09822857
17165,4354372.21467778
17166,4768231.67133333
17167,3523584.00949524
17168,3973236.29623333
17169,5073258.27256667
17170,4634265.05068571
17171,4403751.3707
17172,4274888.7169
17173,4471063.6671254
17174,4316736.24133333
17175,4911523.95081905
17176,4793258.54673333
17177,4565879.15303333
17178,3443887.6446873
17179,5042609.63303333
17180,4126018.44740635
17181,5434285.26436667
17182,4122168.25533333
17183,4691698.75064444
17184,3744224.97497778
17185,3836873.94376191
17186,4166676.17576667
17187,4666430.98883333
17188,5312174.85925238
17189,5228399.7236
17190,4804776.87472381
17191,4095576.68706667
17192,4941149.52736667
17193,4578754.55359524
17194,5491500.19629524
17195,4356308.1682
17196,4320322.3129
17197,5617761.4935
17198,3845051.76307619
17199,3768309.86256667
17200,3729151.72759524
17201,4892517.02431905
17202,3763679.0399
17203,4257127.34373333
17204,4570753.96553333
17205,4453511.20776667
17206,4625305.1518
17207,4154797.6432
17208,4352638.5335
17209,3864478.62627778
17210,4807025.76201905
17211,4690604.8487
17212,4093504.01064286
17213,4192579.7125
17214,4861580.3916
17215,4509477.32756666
17216,4538653.97916667
17217,4907310.62676666
17218,5675939.84920001
17219,4223231.70193333
17220,4397872.8694
17221,4018117.48220476
17222,4885069.7829
17223,5225493.54276666
17224,4910213.41566666
17225,3884342.62536667
17226,4611515.3506
17227,4903138.29913333
17228,4851587.4312
17229,3718082.01323333
17230,4553934.80826667
17231,3396081.72947619
17232,3588015.66450476
17233,4851602.53496667
17234,5290156.97372857
17235,3497893.19469524
17236,4460566.01206667
17237,4291539.96113333
17238,4080569.8017
17239,4338961.45676667
17240,4608767.61346667
17241,4301904.64946667
17242,3524878.19133333
17243,4593328.4803
17244,4256840.28312857
17245,4337290.98576667
17246,4640353.9017
17247,4266937.10899524
17248,4769511.51248254
17249,4812759.52686667
17250,5168009.96893333
17251,4224249.98523333
17252,4495448.9513
17253,4134578.1539
17254,4304177.8195
17255,3405653.92234445
17256,3719084.0959
17257,4522771.12023333
17258,2765278.02386667
17259,3334403.5618619
17260,3598065.35033334
17261,3557701.45942857
17262,3934306.12697619
17263,4222904.2619
17264,3449242.92346667
17265,4493168.11093333
17266,4841156.92036666
17267,5044296.52526667
17268,4607276.72103333
17269,4198809.73153333
17270,3850508.10491111
17271,4421521.12213333
17272,4690882.91543809
17273,4339540.33003333
17274,3147269.16700953
17275,4464777.94246667
17276,3666443.92921429
17277,4646982.25534445
17278,4379898.8695
17279,4590899.2754
17280,4643689.23133333
17281,4528419.73957619
17282,3958552.66596667
17283,2936760.34105873
17284,4258545.88563333
17285,4220315.65426667
17286,4717306.54316667
17287,4330940.93076666
17288,4450175.69773334
17289,4244105.15757778
17290,3664079.45494444
17291,4338099.79843333
17292,4702206.29147778
17293,4508783.70633333
17294,4450043.809
17295,3997437.54675873
17296,4636284.18236666
17297,4717481.45106666
17298,4615969.7143
17299,4477834.39736667
17300,4755179.34552857
17301,3316282.59743333
17302,3824640.35863333
17303,4983567.48978572
17304,4761088.5204
17305,4434440.0061
17306,4407543.55396667
17307,4083231.6407
17308,5431259.57623333
17309,4847872.01306666
17310,4329709.7806
17311,5029551.5423
17312,4883431.289
17313,3827614.3271619
17314,2744428.8579
17315,4762823.16606667
17316,4625259.0646
17317,3985894.37343333
17318,4575832.74146667
17319,3826545.2091873
17320,4970743.21060001
17321,4334138.04714445
17322,4505083.31153334
17323,5144800.07613333
17324,4175203.69623333
17325,4749675.99945238
17326,4303104.36713333
17327,3687056.07858254
17328,4718643.81794444
17329,3827869.30796191
17330,3079336.51141429
17331,4953245.45296667
17332,4470177.04443333
17333,4213329.50893333
17334,4346091.5252
17335,4963415.67536666
17336,3659242.04040476
17337,4399702.9429
17338,4400558.55764286
17339,4834132.65546667
17340,4803584.81033333
17341,4473264.837
17342,3286707.43360476
17343,4457019.75873333
17344,3918136.69787778
17345,3899992.67866667
17346,4029209.61573333
17347,4303832.85133333
17348,4283236.3058
17349,3897813.86166667
17350,4672657.95983334
17351,4168942.84502857
17352,4241588.72467778
17353,3657710.62950953
17354,4535100.04213333
17355,4394558.42183333
17356,4007809.71526667
17357,4096810.43823333
17358,4671116.8839
17359,4443166.72976667
17360,3935700.53946667
17361,4536677.1242
17362,4962077.72773333
17363,4845713.22323333
17364,4301417.12439524
17365,4303238.9081619
17366,5747853.34993333
17367,4279621.0815
17368,4324756.7711
17369,4660391.97273333
17370,4621359.60207619
17371,3506538.73492064
17372,4553934.80826667
17373,4429936.17699524
17374,4389862.78916667
17375,4143850.64053333
17376,4155105.8753
17377,3710071.8944
17378,4143356.54975397
17379,4185516.4317
17380,5558618.5857
17381,4350279.25543333
17382,5480309.4305
17383,3265907.21087778
17384,3767542.16319524
17385,5091951.42876667
17386,4938323.60996667
17387,4283926.02226667
17388,4764011.77253333
17389,4070750.3602
17390,3536552.12428571
17391,4914638.16536666
17392,4859495.8123
17393,4871991.5189
17394,4454290.22083333
17395,4844671.67116666
17396,4849313.87646666
17397,3695881.0117873
17398,4701064.2437
17399,3574480.20353333
17400,3105018.98783333
17401,4906298.93923333
17402,3862380.06060952
17403,4032855.40324762
17404,4707521.29706667
17405,4705082.61136666
17406,3766326.1903
17407,5140979.84476667
17408,4322977.24926667
17409,4555874.61236666
17410,3121544.85636825
17411,4527974.54793333
17412,4595451.94577619
17413,4888483.18393333
17414,5433457.25651905
17415,4568947.60156667
17416,3788338.55273334
17417,3327710.93171429
17418,5071834.27156666
17419,5034881.38041904
17420,3806609.22876667
17421,4632007.22103333
17422,4483613.3553
17423,4633999.61243809
17424,4053621.88881428
17425,3815881.73393333
17426,2868895.63784286
17427,3775028.60727778
17428,4516292.61383333
17429,3723949.43582857
17430,4492429.63476666
17431,4227445.17016666
17432,4556644.14273333
17433,5002597.09476667
17434,4261662.326
17435,4684066.42536667
17436,4273093.01939048
17437,5157189.54713333
17438,4428422.64083333
17439,5068368.75473333
17440,3681420.90187778
17441,4268736.6771
17442,5066722.22256667
17443,4735455.80368572
17444,4722898.2124
17445,4321339.2074
17446,3297128.73805715
17447,4162762.20222857
17448,4069250.0576
17449,4321940.90363333
17450,4931081.3633
17451,3728468.0402
17452,4222993.41089524
17453,5064386.28719524
17454,4833089.9339
17455,4133485.39330476
17456,4387474.0215
17457,4436112.93643333
17458,4371701.53709206
17459,4161222.60366666
17460,4652834.5428
17461,5086132.43603333
17462,4269527.10133334
17463,4393424.01227619
17464,3916745.9981
17465,3926182.79569048
17466,5026430.58486667
17467,4124066.13009524
17468,5055278.03966667
17469,4447159.76906667
17470,3725774.86410953
17471,3096253.63395397
17472,4084467.94503333
17473,4831753.5568
17474,4384551.95873334
17475,4634070.8705
17476,4097336.7658
17477,4116128.51679524
17478,3800082.88331111
17479,4816278.8461
17480,4682001.18926667
17481,4108773.34703333
17482,4466629.45043333
17483,4868093.39533333
17484,5051306.10828571
17485,2576509.48248095
17486,3517651.06420476
17487,4416805.09856667
17488,4502279.53603333
17489,3972603.6551
17490,4940990.16366667
17491,4556471.79806667
17492,3926182.79569048
17493,4824182.36563333
17494,4567302.51973333
17495,4463373.4656381
17496,3375042.35311111
17497,3522120.81333333
17498,3580013.60126667
17499,4259189.39283333
17500,4250321.38004445
17501,4239731.1693
17502,4619440.06073333
17503,5259659.06556666
17504,4967758.10836667
17505,3700462.32344286
17506,3901846.20686667
17507,5400607.72486667
17508,3546623.64015873
17509,4285518.49776667
17510,4169016.99832857
17511,4294589.97583333
17512,4926908.22308571
17513,4812282.3244
17514,3297283.30460952
17515,4062625.06743334
17516,5266452.35533333
17517,4519052.96271429
17518,3421216.48672381
17519,4284059.97383334
17520,4958317.45193333
17521,4353842.67509683
17522,5030472.45246666
17523,3609421.31080635
17524,3786089.34633333
17525,3568084.23892381
17526,4024522.85983334
17527,4209987.8193
17528,4322937.29898571
17529,3086896.72911111
17530,3813988.70213333
17531,4534712.384
17532,4067446.74423334
17533,4849780.7854
17534,5126281.66453333
17535,3862754.65537778
17536,4602238.42906667
17537,4564745.04533333
17538,4889090.11406667
17539,4313483.86016667
17540,3742005.4479
17541,4818706.30603333
17542,4297997.76556667
17543,4913135.99733333
17544,5221388.7468
17545,4723135.80006667
17546,3711999.68563334
17547,3136918.21136667
17548,5046263.71
17549,4131348.90905
17550,4298763.09433333
17551,4369035.78173333
17552,4228092.48553333
17553,4858545.22043809
17554,3747099.45664762
17555,4708929.04353333
17556,4720599.81116667
17557,4162902.3904
17558,4718815.55146666
17559,4087416.08366667
17560,4033032.84953333
17561,4703636.1686
17562,2351821.31620952
17563,4356238.23773333
17564,4918400.54326667
17565,3829840.63107778
17566,3636927.79007778
17567,3892825.76273333
17568,3734718.32789524
17569,4475841.78933333
17570,4264303.59215
17571,4708888.0937
17572,4605978.90373333
17573,3923502.5914
17574,4761240.33113333
17575,4068741.9462
17576,3958526.95787143
17577,4071401.3023
17578,4810172.8192
17579,3292272.72734445
17580,3916856.99396667
17581,4441974.4067
17582,3066378.90924445
17583,4396650.37056667
17584,4264463.17784444
17585,3984947.7073
17586,4855637.78436666
17587,4543713.60166667
17588,5360603.71816666
17589,3492042.88398572
17590,3923295.41553333
17591,4319732.88363333
17592,3974471.36873333
17593,3869407.56651111
17594,3136364.81687619
17595,4688570.47623333
17596,4872378.25843333
17597,4727642.20563333
17598,4067618.54486667
17599,3325907.93716667
17600,3834206.93649524
17601,3781825.31436667
17602,4459624.97169524
17603,4525784.22516667
17604,4441467.84883333
17605,4119078.6723
17606,4110626.05356667
17607,2927334.69016667
17608,4413669.46603333
17609,4490801.17656667
17610,5193475.41936667
17611,4576324.30974921
17612,4454210.98472857
17613,4213251.0107
17614,4340499.38256667
17615,4526556.14363333
17616,4050861.52322857
17617,4295623.47284444
17618,4869407.41036667
17619,4965041.9114
17620,3976849.45507619
17621,3874655.7494
17622,4257063.3767
17623,3951161.1979
17624,4054902.7013619
17625,4664043.4705
17626,3748218.58884445
17627,4760553.45056667
17628,4634433.60291905
17629,3713817.32574762
17630,3711645.8731
17631,4815341.71206666
17632,4355185.24393333
17633,4854932.52953333
17634,4866956.2132619
17635,3795526.60803333
17636,4389882.84663333
17637,4157467.44553809
17638,4662369.7819
17639,4000710.73103334
17640,4555644.27576667
17641,3336806.18394445
17642,4767110.37146667
17643,4485565.62106667
17644,3682409.3763
17645,4810082.81343333
17646,4562002.93076667
17647,4196142.10692381
17648,5411291.0787
17649,4283016.02603333
17650,5008683.6078
17651,4921610.43682381
17652,2488873.11590476
17653,4368747.01896667
17654,4430888.73183334
17655,5005196.6962
17656,4244577.0981
17657,4556740.10553334
17658,4552650.46283334
17659,4520117.86913333
17660,4144871.75014444
17661,4930675.40436667
17662,5081857.1185619
17663,5150276.94323334
17664,4143989.60573334
17665,4394494.38653333
17666,4275540.89676667
17667,4073711.2955
17668,4115488.65752064
17669,2926054.8656381
17670,5013304.2266
17671,4738308.69836666
17672,4112869.60337143
17673,5008741.78266667
17674,5203410.71733333
17675,4933664.95152857
17676,4236015.09281111
17677,4621780.24296666
17678,3996085.00293968
17679,4544863.25593333
17680,3731414.65927778
17681,4174112.2056873
17682,4792520.37956667
17683,4092307.51796667
17684,4349326.44883333
17685,2980795.43828095
17686,4062868.04762857
17687,3520813.28728571
17688,3844936.23663334
17689,4698082.76903333
17690,4570363.78112857
17691,3837397.85700952
17692,5216626.81766666
17693,4048185.85313333
17694,4846929.29493333
17695,3562763.80907619
17696,4295726.5715
17697,4926157.09693333
17698,3775421.42113333
17699,4420808.75868571
17700,3642051.8026
17701,4363424.3308
17702,4367836.65135714
17703,4395242.90326667
17704,5012012.7691
17705,4207975.10038095
17706,5226566.29156667
17707,4360353.39066667
17708,4837671.50616667
17709,4169392.45526191
17710,4046329.73453333
17711,4875085.57006667
17712,4833760.91583334
17713,4431083.89386667
17714,4453260.53253333
17715,5017045.90113334
17716,4020226.9044
17717,4833442.8197
17718,3959772.4155
17719,5020289.60801904
17720,4054755.16576191
17721,5235337.98856666
17722,3987500.78148095
17723,4003922.23925238
17724,4574030.43516667
17725,4296333.18936667
17726,3736288.15833333
17727,4108115.39646825
17728,3542581.22327143
17729,4685630.2853
17730,4754082.59553333
17731,3598898.16066667
17732,4626525.1392
17733,4682843.93273333
17734,4367045.87216191
17735,4520236.44938333
17736,5140845.37876666
17737,4864143.4821
17738,4827290.60776666
17739,4361702.86753333
17740,3215655.33093333
17741,4241378.34306667
17742,4640277.2228
17743,4842995.13863333
17744,4314324.84723333
17745,4348028.2427
17746,4390425.02216667
17747,3403373.3596
17748,4991572.32756666
17749,3969683.5346
17750,5370348.74721429
17751,5519830.19983334
17752,4599711.38101111
17753,5617048.93453333
17754,4261680.76467778
17755,4153943.42353333
17756,3663355.55937619
17757,4584279.4995
17758,4152274.24887143
17759,4510251.82698571
17760,4013753.9323
17761,4335922.49206666
17762,5204834.83096667
17763,4683491.13272857
17764,5597286.17296667
17765,3305028.18406666
17766,3803703.44727619
17767,4281161.87133334
17768,4770013.453
17769,4392027.20415238
17770,3615928.47620952
17771,3390435.0441
17772,4018746.82886191
17773,4586677.13131905
17774,4119448.71053334
17775,4660109.39566667
17776,4525462.04061905
17777,4752015.2621
17778,4203543.3877
17779,4643554.49296667
17780,3970188.96845238
17781,3467552.9047
17782,4127718.28666667
17783,4321507.33536667
17784,4377230.0284
17785,4527692.46626667
17786,4404122.48383333
17787,5336909.1523
17788,4775579.14379524
17789,4267605.94594445
17790,4756929.24716667
17791,4957341.39436666
17792,3025539.51300635
17793,4179309.74548572
17794,3257210.83531429
17795,4226206.1412
17796,3700439.12604286
17797,4779484.36796666
17798,2960287.39107143
17799,3355601.81567778
17800,5135984.12603333
17801,4296536.8612
17802,4233479.0689
17803,3669767.08323333
17804,3307424.40363968
17805,4052584.11166667
17806,4421328.81434286
17807,4462331.86251111
17808,4990410.50826667
17809,3961925.66056666
17810,3571430.55112857
17811,4686869.24363334
17812,3593276.02631905
17813,4626429.9412
17814,5368195.3528
17815,3526903.72897778
17816,4831508.01331905
17817,4318608.11116667
17818,4719727.7718619
17819,3349783.05817619
17820,5014696.85513334
17821,4714504.25252857
17822,3901865.44816667
17823,4171909.61163333
17824,4670084.01556667
17825,5133594.18423333
17826,4186349.1415
17827,5402414.00476667
17828,4107375.05024444
17829,4229609.00769524
17830,4560378.45293333
17831,4920545.4311
17832,4427616.1752
17833,3202073.61976667
17834,4379772.4938
17835,3976576.29747619
17836,3241438.18451429
17837,4169593.59906667
17838,3318983.4083
17839,4645369.0131
17840,2827148.46864444
17841,3388095.24527619
17842,5306067.90183334
17843,4427932.5625
17844,3850287.80396667
17845,4852262.23498571
17846,4045020.45051905
17847,4764548.68616667
17848,4874711.2613
17849,4490087.5698
17850,4176891.10383333
17851,3393990.45509683
17852,3787859.28946667
17853,4593243.84923333
17854,4549914.27594285
17855,3831800.31433016
17856,5207058.42403333
17857,4577689.81986667
17858,4468368.15443333
17859,3814828.90863333
17860,5356456.68433333
17861,3808288.82711111
17862,4306870.91540476
17863,4960968.05673333
17864,4170182.3666
17865,4644421.9078
17866,4770365.56383333
17867,3601893.89313333
17868,3995441.0036
17869,5064483.2342
17870,4004689.542
17871,4116530.09184445
17872,3921824.74135714
17873,4357070.40876666
17874,4570975.0726
17875,4832970.6267
17876,4527804.87173333
17877,4689524.24205714
17878,4584321.35986667
17879,2764226.82776667
17880,4231280.34240953
17881,5057847.34726667
17882,4972987.26473333
17883,4619403.51476666
17884,3974124.17997619
17885,4172222.28803333
17886,4840915.89026667
17887,4760530.63816667
17888,4404372.9744
17889,4063403.75316191
17890,4455342.04036667
17891,4531181.64796667
17892,4802684.59576667
17893,4120881.49185715
17894,4813541.8155
17895,4045925.16996667
17896,5428361.41116667
17897,3869602.20036667
17898,4534428.69473333
17899,4516465.1632
17900,4112174.25373333
17901,3948605.23753334
17902,5063960.89451905
17903,4952409.66943333
17904,3729970.82376667
17905,4179328.70821667
17906,4289400.0576
17907,3818125.29340476
17908,3834417.8112
17909,4291797.74226667
17910,5388433.26333333
17911,3919901.8803
17912,4068412.31032857
17913,3739409.01032857
17914,4984304.917
17915,3332618.34001429
17916,4547221.6446
17917,4877382.4455
17918,3873679.50446667
17919,3866601.4496
17920,4571081.76563333
17921,4584107.4983
17922,4619675.2656
17923,4963055.84643333
17924,3748322.3837
17925,4857239.1941
17926,4154120.3255
17927,4191583.12780952
17928,3975219.16713333
17929,3692973.88073334
17930,3749241.1796619
17931,3904830.56408571
17932,3584033.94784921
17933,4695032.67421905
17934,4475207.11743333
17935,3637746.4589
17936,4509562.67341111
17937,5574348.47465238
17938,4215241.01263334
17939,4591180.7480619
17940,4799139.53539048
17941,4701964.86433333
17942,4809867.54532857
17943,4535559.9219
17944,4517809.0246
17945,4486260.40246667
17946,5391787.47903333
17947,4616519.99183333
17948,3345568.61406349
17949,4193946.7651381
17950,4595717.48826191
17951,3684587.08355873
17952,4728651.19743333
17953,3839756.78514762
17954,4474354.26450952
17955,4400193.4945
17956,4578132.8222
17957,3750960.1604
17958,5108596.6231
17959,4921870.13876667
17960,4311632.86346667
17961,3993266.31653334
17962,3662120.03191111
17963,4357887.97968254
17964,4837418.14346667
17965,4398893.68036667
17966,3558950.7984
17967,4536153.00256666
17968,3350822.54377778
17969,3703696.00173334
17970,4316804.74336667
17971,4064976.58913334
17972,3797398.33430476
17973,3946466.865
17974,5026700.2425
17975,3652253.19726667
17976,5004505.45726667
17977,4575313.06353333
17978,3593907.47686667
17979,4532296.18937619
17980,4657839.87
17981,4846590.453
17982,3988067.98636667
17983,3905387.50333333
17984,3583334.98006667
17985,3924605.1639
17986,4224677.4017
17987,4044672.68293333
17988,4220862.73929524
17989,3675484.50706667
17990,3448142.39729206
17991,4023796.01346667
17992,4235229.40636667
17993,3754054.79219207
17994,3978214.92167778
17995,3885093.34124286
17996,4177641.87470952
17997,4451122.28146667
17998,4169862.9249
17999,4678944.39646667
18000,4033250.12646667
18001,4046501.51873333
18002,5018355.19273333
18003,3570540.46946667
18004,2844683.51366667
18005,4078993.7107
18006,3895946.17926191
18007,4601994.16603333
18008,4645069.9035
18009,4548838.48036667
18010,4259691.3349381
18011,4812041.6883
18012,4169016.99832857
18013,4253714.63006666
18014,5621184.7387
18015,4038254.46525476
18016,4193782.76155714
18017,4864531.95956667
18018,4183501.08505
18019,3553178.25542064
18020,4063451.01790952
18021,4641608.00057778
18022,4299010.71586667
18023,3651889.42853333
18024,4114910.607
18025,4575677.78726667
18026,3433395.97195873
18027,5174331.6937
18028,3714902.99785715
18029,4215077.09546349
18030,4996333.7537
18031,4330306.00846667
18032,2995917.67053333
18033,5325279.86286667
18034,4350204.82746667
18035,3414295.11720952
18036,3663856.39863334
18037,4730636.1066
18038,4229949.90046667
18039,3525265.52177619
18040,4036915.352
18041,5248702.0421
18042,2821925.16036667
18043,4737607.8035
18044,2567626.80973333
18045,4580382.71502857
18046,4647642.87927302
18047,4058648.97337778
18048,3885167.92063334
18049,3488221.22646667
18050,4268783.00546667
18051,4605201.01687778
18052,4397261.58038571
18053,4542187.81441905
18054,3911528.50759048
18055,4538611.6013
18056,5259868.56646349
18057,4685075.41183333
18058,4279057.9056
18059,2738065.29297143
18060,4298521.43911111
18061,4208519.16856191
18062,4883013.16546667
18063,4307226.27933333
18064,4186952.1625619
18065,3693250.2431
18066,4763326.59696667
18067,3388976.08740952
18068,4569572.581
18069,4179978.06516667
18070,5002762.28391111
18071,4376474.59226667
18072,3808963.45756667
18073,3041177.62248095
18074,4791325.94112857
18075,4507449.92243333
18076,4763921.36070952
18077,5269426.67206667
18078,4256006.14986667
18079,4097601.89203333
18080,3880086.12916667
18081,4349462.12017619
18082,4126615.15816667
18083,4062625.06743334
18084,2702586.8183381
18085,4049478.56146667
18086,5169969.85492381
18087,4912627.56856667
18088,4148824.80592857
18089,3647012.44418095
18090,3425019.94354762
18091,3211718.89654762
18092,3333828.90160953
18093,3830944.49601111
18094,3929491.7196
18095,4166246.26317778
18096,3823904.2457
18097,3922554.56325238
18098,4700865.03786667
18099,4388560.5319
18100,3823490.89606191
18101,4279132.79402857
18102,4833346.4640619
18103,4269565.32386667
18104,5057435.37846666
18105,2681088.33705714
18106,4084249.58986825
18107,5337582.09826667
18108,3796531.32056667
18109,4477370.88183333
18110,3576360.01531429
18111,4428980.00692857
18112,4427001.85777619
18113,5149049.7928
18114,4844499.13606667
18115,4738695.5157
18116,4628633.69886666
18117,4644222.81273333
18118,5086070.01986666
18119,4570459.57257619
18120,4082985.00004286
18121,4458879.08514762
18122,4787773.05486667
18123,3075694.7684254
18124,3959430.58103333
18125,3823499.37553334
18126,4252068.94566667
18127,2916250.45890952
18128,4866910.96583333
18129,3367132.5849873
18130,3497646.8455
18131,4173651.42063968
18132,4373193.6
18133,4391043.18753333
18134,4354768.2862
18135,4110900.16976667
18136,4616558.13366667
18137,4460599.07816667
18138,4553362.39096667
18139,4448895.60190952
18140,4611190.04623334
18141,5005085.02923334
18142,4350413.25116667
18143,3078358.28184444
18144,3390024.6607
18145,3964171.58666667
18146,5706899.59232857
18147,2530425.55663016
18148,3909037.21763333
18149,3945987.13606666
18150,4617969.59283333
18151,4615147.9979619
18152,4458708.87593333
18153,4438007.23898095
18154,3648320.50310953
18155,4282100.31063333
18156,2641625.50354762
18157,4991832.191
18158,2404193.29339048
18159,5084387.68193333
18160,5482837.8598
18161,4904418.06366666
18162,4868146.65586667
18163,5283749.79293333
18164,4025230.8133
18165,5065438.71456667
18166,3590241.8669
18167,4027875.02347143
18168,4707297.2231
18169,4433458.19436666
18170,4026332.83424444
18171,3888232.82116667
18172,5136651.71753334
18173,4169572.84389524
18174,4463495.27606666
18175,4544876.7557
18176,2929799.43064286
18177,4605229.18936667
18178,4437455.7995
18179,3486565.75445714
18180,5081264.2071
18181,3935880.5727
18182,4542692.95471111
18183,4901444.00453333
18184,4598986.6719619
18185,4395724.6473
18186,3675242.01124286
18187,3898517.14330953
18188,5645077.9782
18189,4505556.9804
18190,4234682.24553333
18191,4467430.3345
18192,4295571.20026667
18193,4310444.18682857
18194,4709189.43223333
18195,4740277.78773334
18196,4989850.10206666
18197,4186351.7869
18198,4141983.81424286
18199,4773793.45363333
18200,4780293.0091
18201,4236429.0596
18202,4539408.9920619
18203,5474428.61003333
18204,4536116.97686666
18205,4794662.8634
18206,4880471.19973333
18207,3899382.38394286
18208,5075422.45226666
18209,3879133.4828619
18210,4098599.98743333
18211,5575066.4253
18212,5036085.80457143
18213,4804582.17433333
18214,4377296.85613333
18215,4828786.15846667
18216,3963075.34133333
18217,4794995.2095
18218,3203521.88350476
18219,4807457.0993
18220,5005712.16286666
18221,3352646.31684286
18222,4055495.31463333
18223,4360987.26836667
18224,4764271.63324286
18225,4347647.75986667
18226,4313829.33249524
18227,3912399.89488095
18228,4596065.59093333
18229,3925459.7202
18230,4320990.09856667
18231,3710410.49226191
18232,4926908.22308571
18233,4678920.98283334
18234,4046807.67242063
18235,4848407.8769
18236,4724748.67606667
18237,3977283.66062381
18238,4508501.42990476
18239,4656418.54633333
18240,3534953.97323334
18241,4444479.02923334
18242,4095357.38054445
18243,3705690.26503333
18244,3783374.52249206
18245,4936498.6673
18246,4428359.94946667
18247,5516885.77366667
18248,4183240.49096667
18249,4296734.7473
18250,4636120.9251
18251,4707415.69367778
18252,4231701.01826667
18253,4594599.11673333
18254,4257900.8196
18255,4308921.146
18256,4910259.08246667
18257,4245398.31306667
18258,4969895.09416667
18259,4433099.7941
18260,3950179.34833334
18261,3890298.0475
18262,5186956.23343333
18263,4312050.19153333
18264,5246709.1888
18265,4644706.56556191
18266,4834338.48796666
18267,4815547.75681111
18268,3840106.01894286
18269,5546254.35273334
18270,4278116.94773333
18271,4205215.76305715
18272,3744923.5401
18273,3924358.44954444
18274,4753697.22453333
18275,4247993.42564444
18276,3401286.73727778
18277,3964278.65206667
18278,4684938.29877778
18279,4441507.39492857
18280,4012471.96934762
18281,3294310.90247143
18282,4352873.30363333
18283,5137132.4718
18284,3619976.21396191
18285,3543553.32882857
18286,4481406.51983333
18287,4075648.76256667
18288,3547218.71568095
18289,2900259.70566349
18290,4548621.80220952
18291,4169111.0689
18292,5029175.27098571
18293,4363998.43024444
18294,4502841.76046667
18295,4629768.40801111
18296,4513146.50046667
18297,3530515.30736191
18298,4482058.56566667
18299,4664414.84090952
18300,4641528.73583334
18301,4494230.01106667
18302,4238183.78126667
18303,4679369.34026667
18304,3922809.4762
18305,4372335.15359524
18306,5028360.24826666
18307,5012921.20062857
18308,3788629.3384
18309,4876834.26066666
18310,4933373.30003333
18311,3876434.97068254
18312,3294885.19653968
18313,4589390.2403
18314,4048248.34123333
18315,4111253.5228
18316,4978989.39501905
18317,4058886.31006667
18318,4626289.15655238
18319,4347745.18206667
18320,4255597.86711111
18321,3295259.3759619
18322,4057330.4972381
18323,4166213.22076667
18324,4470088.8905
18325,4476955.75873333
18326,4804445.99386666
18327,4320410.4149
18328,4471350.66890001
18329,4630723.08793333
18330,4596210.085
18331,3597239.75439048
18332,4383180.02386667
18333,5207469.90306667
18334,5146561.55993334
18335,4785387.96688572
18336,5010299.2664
18337,5193701.14413333
18338,3930437.11443333
18339,4306097.65135714
18340,4559702.66376667
18341,3896782.93801111
18342,4182037.50316667
18343,4308678.28671111
18344,3479967.90905714
18345,4065885.64933334
18346,4273093.01939048
18347,3828801.02829524
18348,4888710.5023
18349,4374682.58446667
18350,3604988.18895714
18351,4390984.36353333
18352,5695123.48933333
18353,3669214.30923333
18354,5044090.43605238
18355,4300579.34993333
18356,4645213.29976667
18357,4012781.45196667
18358,4112317.38943333
18359,4882501.97529524
18360,3127582.97196667
18361,4401194.1158
18362,4431571.7504
18363,4433383.30147143
18364,4895526.5983
18365,4280489.0967
18366,4930388.70013333
18367,4241210.995
18368,4725732.30456667
18369,3979718.23190476
18370,4784425.44103333
18371,4334429.74059524
18372,3486489.6916
18373,3926966.09256667
18374,4503520.9661
18375,3700575.00736349
18376,4400412.63853334
18377,3836033.03973333
18378,3806913.60306667
18379,2442191.69947143
18380,4772100.82241429
18381,4550369.38326667
18382,3261496.91575714
18383,4539358.91746667
18384,3972201.80963334
18385,5285245.59733333
18386,4653213.069
18387,4000302.01776667
18388,3722969.06483334
18389,4562397.53774286
18390,4532614.4324
18391,3819990.16863334
18392,4354812.09885238
18393,4506478.32876667
18394,5285679.81536666
18395,5537718.16736666
18396,4770059.8813
18397,4612167.67732857
18398,3199928.9668381
18399,4308735.4423
18400,4216068.01366667
18401,4874307.42076667
18402,4237814.76276667
18403,4201826.08270952
18404,4159712.85301429
18405,3542307.03873334
18406,4809537.9942
18407,4669809.54113333
18408,4822973.70454444
18409,4683964.41493333
18410,3918738.37861111
18411,4636900.81186667
18412,4126484.05516667
18413,4954750.48056666
18414,4273912.76873333
18415,3873783.29166667
18416,4549597.33512381
18417,4777315.26306667
18418,4789511.40802381
18419,5053324.23166666
18420,4399395.79164445
18421,4256359.79483334
18422,4962181.74006667
18423,4158301.6421
18424,4083259.1233
18425,3705038.69363333
18426,4861182.4414
18427,5146729.7227
18428,4556766.57163333
18429,4339493.5378
18430,4286834.81513333
18431,4099804.70936667
18432,3389692.22074444
18433,4066771.4372
18434,3657768.07944921
18435,5496008.69993334
18436,4894306.3615
18437,5026504.88611904
18438,5083832.32796666
18439,4556020.06173333
18440,5032633.94076667
18441,4553334.47086667
18442,4417294.31943333
18443,3623040.42316667
18444,2979958.94287143
18445,4451522.45443333
18446,4820583.38891666
18447,3595101.5475381
18448,5121015.5213
18449,4633325.72036667
18450,2708600.54266191
18451,4539575.32843333
18452,5464532.6612
18453,4609698.61597778
18454,6198343.33286667
18455,4701498.44583333
18456,4244471.1646
18457,4745206.32330476
18458,3914313.53566667
18459,4443156.99121111
18460,4131841.24223333
18461,4542596.30506667
18462,4445623.55426667
18463,4207530.44
18464,4310897.6454
18465,4675177.50649524
18466,4390411.27536667
18467,4441474.10888571
18468,3883258.8860873
18469,4831426.70678571
18470,4683583.62473333
18471,5445879.50173333
18472,3891174.09686667
18473,4073409.73276667
18474,4042147.43134444
18475,4476084.40144444
18476,3213054.42826667
18477,4461444.5152
18478,4803656.59366667
18479,4227823.60706667
18480,4595233.06682857
18481,3675501.38281111
18482,4081027.76436667
18483,4103167.65822857
18484,3664279.08848572
18485,4275724.5203
18486,2874128.27980953
18487,4854384.22493333
18488,3984001.28360159
18489,5165750.0853
18490,4830154.51246667
18491,2310589.50080952
18492,4680582.3394
18493,4153392.33077778
18494,4452771.36923333
18495,4205673.54207778
18496,4627719.34523333
18497,2827629.85574286
18498,5184134.52436667
18499,4809237.10023334
18500,4057031.5070873
18501,5063751.8183
18502,4646905.65888572
18503,4549568.7679
18504,2468739.26650476
18505,4501173.17836667
18506,4751219.47596667
18507,3741355.52646667
18508,3522917.21996667
18509,5501296.55588572
18510,4838143.8236
18511,4185558.52307619
18512,3579617.31896667
18513,5690229.8348
18514,4225292.55904286
18515,4228653.555
18516,4913731.7959
18517,5668724.14736667
18518,4157208.14542857
18519,3438026.94890952
18520,4694685.53137778
18521,3218345.89160953
18522,4712134.1561
18523,4525128.21919524
18524,3371309.90614286
18525,4310232.2578
18526,4651989.30132857
18527,3585989.43710953
18528,4441499.79553333
18529,4152256.71123333
18530,4482102.12788571
18531,4139642.9417
18532,4167332.29532064
18533,4362966.63863333
18534,4505249.8019
18535,3918631.85959524
18536,4462562.54744444
18537,4863352.87016666
18538,4010431.5268
18539,4213658.66756667
18540,4233963.83766667
18541,4298727.62179524
18542,4386671.7051
18543,3890354.32526667
18544,4503070.09323333
18545,4144136.15497143
18546,4354873.10583333
18547,4030953.98568095
18548,4502020.83016667
18549,4287288.75273333
18550,4733565.76043333
18551,2919423.84352064
18552,4445740.7572254
18553,5113159.08903333
18554,4073634.82106667
18555,4481772.50571905
18556,4513532.21683333
18557,4279602.06261111
18558,4095440.663
18559,4068342.93259524
18560,4522341.3339
18561,5693869.45866666
18562,4790250.46191904
18563,3495664.55318572
18564,4134904.791
18565,4495451.23025238
18566,3015845.62797778
18567,4560258.2331
18568,4237810.77306667
18569,3972091.78933334
18570,5310162.73066667
18571,4043723.53326667
18572,4683911.2232
18573,3059478.93412857
18574,3520888.52552381
18575,4295804.59293333
18576,3385778.63782381
18577,4392124.37847619
18578,4500830.74246667
18579,3125122.92136667
18580,5307304.79833333
18581,4181243.98606667
18582,5822405.0469
18583,4381081.77674286
18584,4493832.9279
18585,3875336.938
18586,4666825.2522
18587,4688171.41706667
18588,3468250.48516667
18589,4550712.44751111
18590,4394211.70571111
18591,4332828.52283333
18592,3939524.95327778
18593,3834274.0141381
18594,3740792.7412
18595,3555960.51828572
18596,3810643.71873333
18597,4155092.24876667
18598,4237427.5529
18599,5074271.14073333
18600,4473802.69396667
18601,3649648.14383334
18602,4111022.81901905
18603,4832617.03403334
18604,4952120.87665238
18605,4185504.11312381
18606,4168313.60553333
18607,4786145.886
18608,4093320.41782857
18609,5061459.62576666
18610,3152593.5067
18611,4090135.04229524
18612,3568691.18513333
18613,3967221.34893333
18614,4316646.69216666
18615,5131244.5513
18616,4466733.40052857
18617,3769928.03672063
18618,4647391.38
18619,4795040.57693333
18620,3601979.95541905
18621,4316228.6712
18622,4570280.93256667
18623,4841035.5218
18624,4882994.77123333
18625,5034691.72406667
18626,4390886.99446667
18627,4868053.87005238
18628,4386105.16593333
18629,5454144.72996666
18630,5039428.1535
18631,4273897.06186667
18632,4164163.50666667
18633,4718930.5283
18634,4466524.42673333
18635,4378537.2399
18636,5452113.39266667
18637,4451958.34043333
18638,4518160.00841111
18639,3420735.93684762
18640,4941017.07102381
18641,3469493.44812381
18642,5208945.0291
18643,4638916.69
18644,4511274.4078
18645,4532325.093
18646,4881084.1286
18647,5102825.94433333
18648,4046111.44356667
18649,4270737.13893333
18650,4537884.14454444
18651,3955025.54812619
18652,4266870.17233333
18653,4703404.4424
18654,4123775.59524286
18655,4352973.78486667
18656,3816742.71113333
18657,3667834.6853
18658,5210200.22889523
18659,3860238.18963333
18660,3841317.33842381
18661,4019626.09825714
18662,4341616.28406667
18663,3781790.72813333
18664,5067474.757
18665,4131650.9095
18666,4459186.67149523
18667,4932961.57796667
18668,4256150.11931111
18669,4466948.7235
18670,4940027.68936667
18671,4022535.05176667
18672,3939627.9599
18673,5232828.01603334
18674,3651192.26034286
18675,3880805.17473333
18676,4706497.37006667
18677,5970350.93473333
18678,5247262.2843
18679,3460198.13377143
18680,4812651.20996667
18681,3748056.53086667
18682,2868227.99704286
18683,4045503.20233333
18684,3576418.34996666
18685,4774519.58149048
18686,4041539.63556666
18687,4483290.07227143
18688,4114057.02755873
18689,4164454.3056619
18690,3848659.63088254
18691,3856569.65777778
18692,3940082.54346667
18693,4001164.9802
18694,4350042.3339
18695,4576275.6360619
18696,3002702.7463873
18697,4233173.15526667
18698,4368938.93086667
18699,3717175.49023333
18700,4571478.75073333
18701,4491715.01763333
18702,3928608.59132857
18703,4700931.20323333
18704,4382111.2674
18705,4321703.54926667
18706,4009008.85156667
18707,3319685.23817619
18708,3155952.15942381
18709,3759263.17984286
18710,4648469.73153333
18711,3563437.38206667
18712,4265374.5232
18713,5141156.413
18714,4750262.3945
18715,4856439.76883334
18716,4110430.78653333
18717,3655696.45351428
18718,4389645.96443333
18719,4150829.03531111
18720,4772769.18916667
18721,4046843.6601
18722,4414774.99657619
18723,4067837.59920476
18724,4116543.22256667
18725,4267951.08187619
18726,4119081.75327619
18727,4262835.64966667
18728,3950301.62786667
18729,4917937.88286191
18730,4206518.184
18731,4354774.28873333
18732,4495101.3375
18733,5265006.18433333
18734,5390333.51526667
18735,3222732.92453333
18736,3774427.00287778
18737,5511677.83723333
18738,3988059.30456667
18739,3780130.81876667
18740,4282109.39422857
18741,3981594.46263334
18742,4306440.63781111
18743,5208350.79433333
18744,4304476.8808
18745,4770565.3498619
18746,3895019.4536
18747,5290959.21726667
18748,4482483.9874619
18749,3991391.00786667
18750,4428630.1819
18751,4241656.8862
18752,4016870.00266667
18753,4621595.81586667
18754,4509820.51893333
18755,4738392.79826666
18756,4492595.20835238
18757,3799619.9769
18758,3278859.48917143
18759,4237441.6439
18760,4807603.83256667
18761,4529345.89573334
18762,4641234.883
18763,4487431.07643333
18764,4889310.03393333
18765,3273819.64029524
18766,4978816.34523333
18767,4802961.01861111
18768,3032242.85430952
18769,4315482.7643
18770,4855169.58635
18771,4736464.6417
18772,3960688.41894286
18773,4353191.04504444
18774,4284415.98223333
18775,5190421.27823333
18776,5024567.67973333
18777,4738459.63153333
18778,4714379.6261
18779,3652803.24837619
18780,4325517.99676667
18781,3999991.20716667
18782,4625764.48663333
18783,4799816.91133333
18784,4364458.94541111
18785,4031393.99983333
18786,4887723.39126667
18787,3389932.06460476
18788,3630136.86358254
18789,4630187.32951905
18790,4655895.86156666
18791,4638349.1538
18792,4618961.17293333
18793,4769880.7771
18794,4754802.29343333
18795,4199642.89653333
18796,5490783.16453333
18797,4885207.20998333
18798,4844081.47343333
18799,4072934.93753333
18800,4466251.16439524
18801,5149572.91103333
18802,2889050.38461111
18803,4750727.04463333
18804,4708929.04353333
18805,5024356.38432857
18806,3955828.02663334
18807,3950126.4874
18808,4851522.59413333
18809,4597237.4841
18810,4075455.53883334
18811,4679116.01006667
18812,4018543.84093333
18813,3084016.32850476
18814,3730619.70873333
18815,4143504.26316667
18816,5520286.71306667
18817,5142355.57511428
18818,5517693.30206667
18819,4676874.64396667
18820,3746363.79590477
18821,3266013.70236191
18822,4633908.6761
18823,3222459.80930952
18824,4809690.73726667
18825,3735475.05966191
18826,4457414.98326667
18827,4040694.6774381
18828,3971927.26706667
18829,4034229.29462857
18830,4567045.33763333
18831,4933335.01903333
18832,4139560.64686667
18833,2533920.45105714
18834,5422669.23723333
18835,4014939.52617778
18836,4904786.33566666
18837,3948376.36770952
18838,4800075.12193333
18839,4875917.6692
18840,3829014.6683
18841,3978507.28286666
18842,3754613.4797
18843,4994054.4353
18844,5033187.17931904
18845,3565979.71291111
18846,4472520.52963334
18847,3218542.8142
18848,3175371.57120476
18849,4329625.43266667
18850,4112902.53376667
18851,3812866.8119
18852,4071286.9161
18853,4737836.84206667
18854,4891674.7907
18855,4394861.57446666
18856,4387918.33663333
18857,3792650.96803334
18858,5127887.54786667
18859,4390714.1376
18860,3642178.54683333
18861,4362069.67113333
18862,3768026.62729524
18863,5196272.03855238
18864,4255553.26536667
18865,4213775.85295714
18866,4460299.58866667
18867,4589613.61253333
18868,4686480.44036667
18869,4253018.03346667
18870,5093189.63776667
18871,3692618.62283333
18872,4315026.74333334
18873,3754567.65096667
18874,4922608.00892381
18875,4686335.1885
18876,4372360.58053333
18877,3521357.09969206
18878,4505153.88556667
18879,4622380.97331111
18880,4434594.31706667
18881,4237039.99323333
18882,4807369.96473333
18883,4767762.12516666
18884,4741617.11461111
18885,4273053.61389682
18886,5029973.43343334
18887,4952984.11229047
18888,4712456.94026666
18889,5303619.8355
18890,4558754.32133333
18891,3701571.34673334
18892,4567130.65914445
18893,4362610.1484619
18894,4334536.72243333
18895,4283060.1759
18896,4182226.50099524
18897,4431855.35273333
18898,3881611.63401905
18899,4948078.3544
18900,3581990.6734
18901,3605881.11528571
18902,4242323.37887302
18903,3879362.33307778
18904,4788052.09776666
18905,3218709.96704286
18906,3547618.63371111
18907,4535932.4374
18908,4344215.82117778
18909,4121400.8477
18910,4580974.54643333
18911,4267572.3619
18912,3519980.07677143
18913,4580368.0887
18914,4104748.47298571
18915,5094665.8173
18916,4163167.40942857
18917,3721077.6699
18918,4533574.66706667
18919,4243522.90463333
18920,4917786.2062
18921,3849845.22724444
18922,5101751.9513
18923,4487683.21082857
18924,4517319.33178095
18925,4425633.43586667
18926,4924628.98289524
18927,4208901.05564444
18928,4626800.74505238
18929,4592792.13206666
18930,4573450.65376666
18931,3878860.42334444
18932,4086805.26792857
18933,5126207.1805
18934,4441131.93636667
18935,5040383.63529524
18936,3885274.70224762
18937,5379314.3242
18938,4422579.66876667
18939,4179450.64703333
18940,3821076.5756
18941,5085223.36985714
18942,3965585.56903334
18943,4382523.92721905
18944,5230628.7711
18945,4716655.14256667
18946,4677844.76382857
18947,4759189.6604
18948,4439909.28076667
18949,4463656.57666667
18950,4269420.55623334
18951,4975558.09001111
18952,4207523.11766667
18953,5574289.21303333
18954,4479449.4326
18955,4188301.41413333
18956,5398086.9083
18957,3373281.38334286
18958,4460731.8264
18959,4447225.82348571
18960,3956171.23434762
18961,3420044.75306667
18962,4221979.64771111
18963,3942789.10022857
18964,4114627.2003
18965,4159133.32066667
18966,3000389.94436667
18967,4622486.68026666
18968,3265393.046
18969,4710148.3786
18970,4473210.0752
18971,4227338.28693333
18972,4460007.69572857
18973,4699002.68476667
18974,4634476.19366667
18975,4075561.94231905
18976,4341867.28954762
18977,4545546.4803
18978,3994180.85213334
18979,5169407.25456667
18980,4338663.35946667
18981,4673288.5277
18982,2442936.75837143
18983,5328457.33763333
18984,4761141.60866666
18985,3895464.471
18986,4669943.30954444
18987,4112184.34478095
18988,4487363.1738
18989,3154996.42690635
18990,3777749.3610381
18991,4599520.55386667
18992,3538113.64886667
18993,4190505.54203333
18994,4573566.0446
18995,3227737.94966191
18996,3645530.96066667
18997,4555477.16206666
18998,3471933.06985238
18999,4164608.04904762
19000,4657815.10506667
19001,4345312.36476667
19002,3799274.37283333
19003,4110960.13986667
19004,5561173.44341905
19005,4043718.73796667
19006,4401435.03673333
19007,3606484.57922381
19008,4077927.31173333
19009,4483242.07563333
19010,3501618.87125714
19011,4012697.4973381
19012,3102901.23404286
19013,4617417.30103333
19014,4258407.40667778
19015,4176880.06648571
19016,4271977.3174
19017,3526528.40218095
19018,4251583.02420476
19019,4213811.4622
19020,3207088.57676667
19021,3757897.18800952
19022,4752346.83133333
19023,4297947.38441111
19024,2812122.66216667
19025,4523517.29046667
19026,4835560.48373333
19027,4947374.73913333
19028,4194556.51233333
19029,4719758.33597778
19030,3972653.24494444
19031,4860288.21606667
19032,4862071.19103334
19033,4105581.14996667
19034,3876431.31223333
19035,3737377.14986667
19036,3957089.37472857
19037,4394271.51947778
19038,4609522.1253
19039,4728302.03156667
19040,3177887.02513333
19041,5248702.0421
19042,5294795.38416667
19043,3867481.07357778
19044,3708459.81494444
19045,4319742.625
19046,3853425.98376667
19047,3652718.79107619
19048,4656553.32393333
19049,5087386.20409524
19050,3964132.51081905
19051,5088615.5334
19052,5222556.30823333
19053,4556749.9157
19054,5289641.51084444
19055,3052176.64876667
19056,3089930.49189682
19057,4489278.43325238
19058,5495387.13953333
19059,3799282.97176667
19060,3244136.20173333
19061,4290035.06756667
19062,4002098.403
19063,5078812.29906666
19064,4014263.94093334
19065,3951216.3753
19066,4450415.7229
19067,3932203.4118
19068,4061690.50216667
19069,3571734.49973334
19070,4271706.9777
19071,4950137.3237
19072,4976990.40763333
19073,4518577.5643
19074,4026471.43674762
19075,3299871.18678095
19076,4071469.92366667
19077,4184376.81683333
19078,4605354.81756666
19079,3565032.33653334
19080,4059408.21396667
19081,4110026.96826667
19082,4645263.80983333
19083,4193685.39946667
19084,4810799.7325
19085,3368592.4127
19086,4687626.8918
19087,3457830.84009048
19088,2794269.33626825
19089,4359735.36826191
19090,4705584.9594
19091,4875531.30686666
19092,4234532.81333334
19093,4908105.39963333
19094,4431447.7284
19095,3802711.1639381
19096,3591871.33186667
19097,4738685.32623333
19098,4262001.00583334
19099,4442779.11256667
19100,3558535.48617778
19101,5112793.86773333
19102,4498341.19006667
19103,2971833.29022857
19104,4442831.60563333
19105,4119236.14241667
19106,4209597.88336667
19107,4162497.16523333
19108,4151165.3069
19109,4422231.55683333
19110,4529347.8695
19111,4739937.83616667
19112,4602697.04106666
19113,4274888.79627778
19114,4143045.11153334
19115,4161968.13184444
19116,3576323.25618095
19117,3655632.08296667
19118,4849576.24732857
19119,4165182.00767778
19120,3537822.90049048
19121,4577697.20883809
19122,3955299.9102
19123,4613885.82783333
19124,4219344.54933333
19125,4320411.7115
19126,3235711.75424286
19127,3771484.69347778
19128,4274312.60998572
19129,3681127.70706667
19130,3900733.43516667
19131,4800888.86876667
19132,4106536.12346191
19133,5659956.93256667
19134,3516631.33858095
19135,3948627.27577619
19136,4535628.94786667
19137,4897879.10815238
19138,3990172.42103968
19139,4935515.38363333
19140,4111413.20366667
19141,3516319.47056191
19142,4007114.67316667
19143,4524721.41330952
19144,4554411.0404
19145,4293670.07963333
19146,5063608.75566666
19147,4075606.4448
19148,3239313.45145397
19149,5840442.38201904
19150,4412406.19156667
19151,3982485.59753968
19152,3117038.13796667
19153,3747116.22876667
19154,4471658.2014
19155,4478033.96623333
19156,3768327.81002381
19157,3981912.9472381
19158,4508515.96586667
19159,3885685.2094
19160,4976151.80193333
19161,4746848.92356666
19162,4698779.61296667
19163,3796954.59130635
19164,3455380.5278
19165,4660235.73463333
19166,4905909.9485
19167,4600507.78022381
19168,4206884.81849206
19169,4211651.55924921
19170,2898686.27909524
19171,3742889.21877619
19172,4274720.58556667
19173,4425657.61863334
19174,4793830.61106667
19175,4655909.49543334
19176,4167544.6522
19177,5105159.07566667
19178,5106436.07603333
19179,4722665.7151
19180,4582163.1869
19181,4162544.04353333
19182,4096835.61376666
19183,3929889.14120952
19184,3765517.10215238
19185,4847865.50732857
19186,3291526.39347143
19187,4083274.40406667
19188,3637525.06374921
19189,4713828.20123333
19190,5739040.69213333
19191,4485030.45423333
19192,5970651.717
19193,4265681.12606667
19194,5465028.5359
19195,4721189.31333333
19196,4137128.85612858
19197,4628522.14123333
19198,3704407.8554381
19199,3967941.30706667
19200,4155426.79959048
19201,4807057.69186667
19202,5335190.67156667
19203,4797104.19763333
19204,4930364.26213333
19205,4202559.7335
19206,4995474.72326667
19207,5511840.00383333
19208,4288543.45167143
19209,3884763.61504444
19210,4564093.48413333
19211,4318068.26383333
19212,3569894.19524445
19213,4329423.61854444
19214,4230728.23422857
19215,2764901.36763333
19216,3881507.53103333
19217,3837833.12123333
19218,5166387.2377
19219,4427173.57361111
19220,5144985.34993333
19221,4015823.7528
19222,4742016.07253333
19223,4534199.5235
19224,5151636.7533
19225,4174209.02476667
19226,3725266.18029047
19227,4358718.17083334
19228,4573411.41203333
19229,4015000.8721
19230,4000280.50790953
19231,3787546.41062381
19232,3804870.0548
19233,4733355.20706666
19234,4546595.85161111
19235,3870465.71966667
19236,4627156.86303333
19237,4582329.32053333
19238,3717212.5375
19239,4530076.67898095
19240,4683248.56406667
19241,3940339.25907778
19242,4230919.48044286
19243,4402578.1481
19244,4272165.05912381
19245,4632294.9042
19246,4578871.20193333
19247,4396765.54464444
19248,3500496.86286667
19249,5009508.06487778
19250,4159842.80907143
19251,3739462.20768095
19252,4333723.30173333
19253,5337108.92283333
19254,4293926.70731111
19255,2831074.0368381
19256,4164608.0047873
19257,4688683.0209
19258,5799182.7231
19259,5132421.58053333
19260,4258154.77693333
19261,4010196.6754
19262,4721052.93866666
19263,4198186.38263333
19264,5109678.8527381
19265,4608901.5108
19266,4381231.5877
19267,3954562.0322
19268,4801168.86232857
19269,4242780.80628572
19270,5320453.407
19271,4594672.19073333
19272,4586964.73853334
19273,4775260.51493333
19274,5342044.9579
19275,3623855.22041111
19276,4201782.6184
19277,4610615.36306666
19278,5449473.61973333
19279,4433603.14626667
19280,3590616.75516667
19281,3593276.02631905
19282,5083535.03046667
19283,4314680.02003333
19284,2894852.05184286
19285,4635661.71521667
19286,4499513.90093334
19287,4021361.69623334
19288,5131351.3582
19289,5356576.86603333
19290,2592630.51067619
19291,4923238.14636667
19292,4212712.20746667
19293,3683998.23849524
19294,4214633.6862
19295,3987062.96184286
19296,3833630.85356667
19297,4119749.31656667
19298,3943061.80156667
19299,5138947.44991111
19300,4129603.95846667
19301,4306559.51803333
19302,4379447.8393
19303,4299513.64733333
19304,4470702.6716
19305,4356532.23246667
19306,4455331.512
19307,4562694.41646666
19308,4148920.6734
19309,4077812.0426
19310,4284184.35604445
19311,4827714.07903333
19312,4065443.96906667
19313,4359412.30553334
19314,5084633.53086667
19315,3826112.18716667
19316,4370931.0045
19317,4034000.61406667
19318,4880600.3373
19319,4589133.8787
19320,4505973.37616667
19321,4928501.8464
19322,4517312.93203333
19323,4617235.3294
19324,4470244.08302857
19325,4530632.63354286
19326,4515006.27626667
19327,4584263.96184444
19328,4169212.51284286
19329,4014025.08413334
19330,3961628.36679206
19331,5107266.17993334
19332,3972677.20796667
19333,5016517.39036667
19334,2773073.1984
19335,5417886.2965
19336,4536433.80750952
19337,4845934.17103333
19338,4455127.87513333
19339,4985466.326
19340,3329674.33869048
19341,4832702.75483333
19342,3591601.2629
19343,4638397.79196667
19344,5265708.67916667
19345,4893849.99027143
19346,4169120.90126667
19347,3736896.82114445
19348,4602584.52236667
19349,3789407.96972381
19350,3915350.42503333
19351,4443166.72976667
19352,4151322.17743333
19353,3833571.41573333
19354,4310861.74023333
19355,4589467.86243333
19356,4595998.14717619
19357,4208473.83773968
19358,3560339.1225
19359,4587016.14033333
19360,4697114.69733333
19361,4088259.06745397
19362,3964197.9228
19363,4296424.97093333
19364,4411069.09959524
19365,4637269.80511905
19366,3591510.70246667
19367,4822616.77816667
19368,3900655.96979206
19369,4585005.74026667
19370,4617162.29796191
19371,5148781.86196666
19372,5243196.42346667
19373,4119145.64686667
19374,4402493.43353333
19375,3832989.14917778
19376,3454169.62888095
19377,4211399.90766667
19378,3582975.86343333
19379,3987307.43166667
19380,4796871.19738095
19381,4170057.8244
19382,4041440.24705238
19383,4556961.43923333
19384,3621856.85986667
19385,5769417.99936666
19386,2674100.74078095
19387,3501849.00917143
19388,3564643.471
19389,4957922.75463333
19390,5151955.14093333
19391,4935105.01419524
19392,2493277.85216667
19393,5306245.05026667
19394,3852714.40806667
19395,2831415.28396667
19396,4160420.35893333
19397,4264215.072
19398,3983084.92274445
19399,4581916.88467619
19400,3841005.8903
19401,3344868.76403333
19402,4158039.96246667
19403,4241895.49743334
19404,4088591.73138254
19405,4254907.14437778
19406,5299155.38066666
19407,3627300.68292381
19408,4745363.30286666
19409,4596535.44712857
19410,3761572.33206191
19411,4625566.71116667
19412,5268873.6418
19413,3289627.04861111
19414,4415655.89863333
19415,4806043.55653333
19416,3452318.3791873
19417,4664549.66332381
19418,4641755.43563333
19419,4483054.22047619
19420,4778380.7267
19421,4108073.93416667
19422,4224211.07755714
19423,4104454.42076667
19424,4322960.65226667
19425,4924530.23323333
19426,3598860.98703334
19427,4481392.8958
19428,5063196.6367
19429,3089908.53324286
19430,4317122.0612
19431,3925045.68379524
19432,4058099.82946191
19433,4229163.93416667
19434,5058492.19546667
19435,3802396.7266
19436,3701277.37706191
19437,4698756.59646667
19438,4333327.75263333
19439,4087556.69266667
19440,4265600.87950952
19441,4176851.2199
19442,3870318.19154286
19443,4162406.78713333
19444,4129340.2804
19445,4305754.70833333
19446,5068579.45306667
19447,3476160.20970952
19448,4705508.6731
19449,4777211.60343333
19450,5532092.3713
19451,3849654.01953333
19452,4780902.94803333
19453,3626078.59787143
19454,4356308.1682
19455,3937172.63104286
19456,3989670.40284445
19457,3723949.43582857
19458,4058815.99526667
19459,3978661.38593333
19460,4799952.07266666
19461,4210036.1868
19462,3597582.23656667
19463,4531533.41943333
19464,3829227.50069207
19465,3947525.37776667
19466,3648924.54453968
19467,4740287.16153333
19468,4009065.20763333
19469,4847860.07511905
19470,4826415.9204
19471,4056665.3162
19472,4348539.76533333
19473,4074866.3492619
19474,4502409.45176667
19475,3465525.28449048
19476,3770300.6284
19477,4277137.24162619
19478,3597775.0491
19479,3661136.99021429
19480,3431266.4230381
19481,4509104.52702857
19482,4221670.52556667
19483,4817877.79104762
19484,4821636.8377
19485,3290947.90791111
19486,5008516.76006667
19487,4795961.04679048
19488,5327763.58686667
19489,4011331.00722857
19490,4101639.61393333
19491,4059906.8032
19492,4451257.74834445
19493,3349292.22394286
19494,3880107.62377778
19495,4070505.6109
19496,4746475.49036666
19497,3482387.90494921
19498,3821661.09195715
19499,4567846.62056666
19500,3932778.13338095
19501,2388235.70144286
19502,3685054.59574286
19503,4252958.5245
19504,4483742.79093333
19505,4538410.60533333
19506,4876717.86333333
19507,3653228.1942
19508,4266888.16756667
19509,3821183.62187143
19510,4020617.76206667
19511,3767008.59277619
19512,3830853.45285238
19513,4685139.27126667
19514,3356623.63045714
19515,4197277.36024444
19516,3723592.5349
19517,4990256.63917778
19518,4328939.52220952
19519,4501481.178
19520,4602002.5747
19521,3197474.50543333
19522,4394388.75293334
19523,4206581.75900952
19524,3775271.88176667
19525,4243433.17045238
19526,4393861.47456667
19527,4071139.99736667
19528,3984537.54096667
19529,4448485.01803333
19530,3785238.19782381
19531,4107750.86103333
19532,3581861.61923809
19533,4112748.04604286
19534,4349903.0371
19535,4537790.3497
19536,4589664.0215
19537,4266913.07543333
19538,3723302.96646667
19539,4911164.59052619
19540,4958931.05483333
19541,4358996.67964444
19542,4908483.7851
19543,4621913.02336666
19544,2675037.60370953
19545,4731680.01476666
19546,4137794.21922857
19547,3828456.42799524
19548,4395596.3691873
19549,4656254.8292
19550,3823182.07721111
19551,3843888.67163334
19552,3652880.25546667
19553,4872239.02724762
19554,4315044.4749
19555,5503492.3749
19556,4096098.46286667
19557,4723802.6715
19558,3963114.22616667
19559,4749720.48056667
19560,4603072.47386667
19561,3423996.89906667
19562,3392247.65307778
19563,4512494.5336
19564,3645293.55287778
19565,4673453.61693333
19566,5108578.61537778
19567,3952135.45113333
19568,4460653.02063333
19569,4293663.49546667
19570,4477073.47641905
19571,4706024.21332381
19572,4613285.3655
19573,3413394.52694286
19574,4544476.8561
19575,4536282.50006667
19576,5149057.9309
19577,5274362.7618
19578,3971929.36686667
19579,3969457.1273
19580,4907753.6701
19581,4349361.40289524
19582,3961620.23959048
19583,3562209.09674444
19584,4807648.4469
19585,4446932.47948571
19586,4779478.73355238
19587,4480630.73233333
19588,4202378.37906191
19589,4858954.59393333
19590,3958334.63659683
19591,3047206.80456667
19592,3951851.24606667
19593,4503611.77826667
19594,4079148.8645
19595,3946009.89132857
19596,4991190.86183333
19597,3385647.9247
19598,4946033.67791905
19599,3605805.8311
19600,5079669.45343333
19601,3236688.51714762
19602,4669375.33113333
19603,3198662.979
19604,4323967.409
19605,4354392.968
19606,3831037.58029048
19607,4527632.6138
19608,4791380.59223333
19609,5677556.80561904
19610,4681744.58393333
19611,4537725.04816667
19612,5864906.35006667
19613,3389112.63376667
19614,3801304.41479524
19615,3937308.41162381
19616,3688189.39432381
19617,4600930.77426667
19618,4507900.2433
19619,3912205.68016191
19620,4554896.20691428
19621,3998930.92106667
19622,4753505.24916666
19623,4885678.41633333
19624,4032252.35836667
19625,4400940.67796666
19626,4574097.21853333
19627,4469728.1986
19628,4100045.0616
19629,4310913.68608571
19630,4947390.14083334
19631,3474091.21207778
19632,4985082.47933333
19633,3533862.5025
19634,4090492.88836667
19635,3958730.5015
19636,5413136.83015238
19637,4655511.45843333
19638,4776008.74603968
19639,4717974.06896667
19640,4003714.91193333
19641,4990465.07306667
19642,5021879.8356
19643,5059667.99086666
19644,4601255.80873333
19645,4151324.11311905
19646,5399791.93437619
19647,4795485.16283333
19648,3887559.13723334
19649,4810286.6939
19650,4096068.93844286
19651,3641678.47561111
19652,2881368.6466
19653,4568180.09433333
19654,4758408.58586667
19655,4212271.07083333
19656,4277101.6127
19657,3858866.0132
19658,4718882.7798
19659,4062625.06743334
19660,3851828.0542381
19661,4038542.0093
19662,4050221.0411
19663,4256113.50007143
19664,5771133.31206666
19665,3869354.59036667
19666,5243559.73366666
19667,3285082.80994286
19668,3746700.86181905
19669,3574510.72449683
19670,3118787.86452381
19671,4554518.76016667
19672,2973496.98180476
19673,4905347.41963333
19674,4590547.859
19675,4677544.28176666
19676,4631051.61413333
19677,4615878.18626667
19678,4706483.71246667
19679,3731230.11863333
19680,4097655.75373333
19681,3461330.52133333
19682,4572518.47966667
19683,4005848.91725715
19684,4325180.63364444
19685,2980093.2066873
19686,4470610.7136
19687,4132073.19683016
19688,4307233.1346
19689,4816203.83823333
19690,4408145.26183333
19691,3691341.6748
19692,4267626.3460619
19693,4221680.21183333
19694,4425660.90456666
19695,4540058.9564
19696,4396233.03226667
19697,4389938.36482063
19698,4670647.3438
19699,4228790.44055714
19700,4709217.2238
19701,3614890.50376667
19702,4818662.75003333
19703,4775113.3179
19704,4380262.92162381
19705,4419370.0231
19706,4269418.67402381
19707,4422574.86926667
19708,2894852.05184286
19709,3933878.86035714
19710,4693034.53056667
19711,3507499.4152
19712,3800563.39457143
19713,3458450.406
19714,4131374.46700476
19715,3790193.63316667
19716,3643542.85157143
19717,4210580.07516667
19718,4000217.61041905
19719,4201348.81396667
19720,4514677.36203333
19721,3838645.04756667
19722,2580752.7808
19723,3862455.16349524
19724,3940907.58156667
19725,4826165.2298
19726,4471015.11213333
19727,3483533.9923
19728,3743918.88263333
19729,2939761.15876825
19730,4251765.15066667
19731,4604906.50491111
19732,4316786.12979524
19733,5308359.57453333
19734,5254918.65593334
19735,3130675.24427143
19736,4819867.92556667
19737,5650736.71166667
19738,3869440.65287302
19739,3455860.81154286
19740,5274206.34496666
19741,4150329.79270952
19742,4809701.10053333
19743,4697663.30526666
19744,3795133.56046667
19745,4414406.93776667
19746,4157622.98506666
19747,4163740.22193333
19748,4362302.57383333
19749,4341098.76653333
19750,4276529.64894286
19751,4263034.30826667
19752,3659897.84794444
19753,3764920.66563333
19754,4220034.51306667
19755,4058393.37837778
19756,4162500.5093
19757,4281687.32826667
19758,4829920.78696667
19759,3325493.14141111
19760,4111085.64156667
19761,4928626.6917
19762,4351960.67470952
19763,3834391.21892381
19764,4478789.19773333
19765,4273163.41456667
19766,3902305.0635
19767,4613034.22536667
19768,3495752.30383334
19769,3650767.50006667
19770,4267976.8322
19771,5183466.22616667
19772,2728264.63578095
19773,2642655.1984
19774,4993350.48143334
19775,5388571.42223333
19776,3850487.02565238
19777,4707382.3202
19778,4402919.6319
19779,4224552.35766667
19780,4830368.98366666
19781,5077641.95
19782,4315400.41751111
19783,4740642.01956667
19784,4096236.29443334
19785,4571024.27503333
19786,4660860.59335238
19787,4726768.63388572
19788,4785476.82593333
19789,4147214.06118572
19790,4825992.4414
19791,4214225.80160952
19792,4449007.52441905
19793,4362977.39446667
19794,4309419.00353333
19795,4013017.50566667
19796,4517192.73023333
19797,4605737.0693
19798,4541600.23873333
19799,4464413.27523333
19800,4287209.1248
19801,4231752.88183333
19802,4375580.84413334
19803,4655767.73526667
19804,4308234.2572
19805,4662866.2194
19806,4663379.28993333
19807,3903875.62175238
19808,4325562.01303333
19809,4438160.39644444
19810,3017407.51535714
19811,4078883.13263334
19812,4723903.32906666
19813,4796447.94018333
19814,4273444.82344444
19815,4426512.63476667
19816,3929694.97376667
19817,4601221.1101
19818,4860836.98196667
19819,4366502.08913333
19820,4455552.6611
19821,4129771.19379206
19822,4312312.9629
19823,4574658.03846667
19824,3951756.43363334
19825,4528501.48097777
19826,5327573.74156667
19827,4533673.85736667
19828,3837328.09403334
19829,4659633.09785238
19830,4109554.7604
19831,4581177.76423333
19832,4983089.44913333
19833,4329142.96736667
19834,4956517.56186667
19835,4606718.24836667
19836,4775821.89091905
19837,5016422.2178
19838,3210863.97400635
19839,4280523.29084444
19840,4258201.45653333
19841,3901860.43402063
19842,4934693.73463333
19843,4954093.5964
19844,4658827.4284
19845,4492547.41903333
19846,4318124.22796667
19847,3336983.26246667
19848,5165979.9543
19849,3796116.50535714
19850,4206149.90016667
19851,3924021.67932064
19852,4264387.98096667
19853,4326820.45316667
19854,4113952.91372857
19855,4292270.7612
19856,4321651.36846667
19857,4164684.72703333
19858,3959716.42169048
19859,4532353.9232
19860,4636177.9316
19861,4615419.12644286
19862,4948301.09803333
19863,4605205.14626667
19864,4839817.5666
19865,3915107.1262381
19866,4965432.31268572
19867,4404970.943
19868,4096978.58093333
19869,4360871.80046667
19870,4635679.34146667
19871,3119202.66724762
19872,4103418.4592
19873,4614433.77263333
19874,4488374.9437
19875,4936470.2313
19876,3631328.43227143
19877,5373464.2603
19878,3863165.81583333
19879,4385520.42926666
19880,4424453.53578095
19881,4673310.6092
19882,4856589.94906667
19883,5365028.48216667
19884,4182530.8897
19885,6272437.60688571
19886,4415485.75146667
19887,3781933.87978095
19888,3824605.38397778
19889,3987611.57958572
19890,5035249.51994286
19891,3944751.84169206
19892,4193737.7153
19893,4759828.05806667
19894,4543543.36469762
19895,4349855.4544619
19896,3924604.63803809
19897,5064887.0948
19898,3962829.87946667
19899,4007544.5854
19900,4883991.6636
19901,4555517.16623333
19902,3826540.3154
19903,3946839.92223333
19904,4278677.27193333
19905,3805040.41273334
19906,4660907.82103333
19907,4669716.97866666
19908,4228700.25996191
19909,4502627.22683333
19910,3663024.51574444
19911,4030727.245
19912,4144919.56727778
19913,4338983.68386667
19914,3526303.01461111
19915,5391247.0042
19916,4630097.9686
19917,4793835.94746667
19918,3768463.85119524
19919,4580168.85778254
19920,4795907.55157619
19921,5073474.64486667
19922,4606056.80203333
19923,4062397.28313333
19924,4424694.28705238
19925,4220499.56379524
19926,4720218.33253333
19927,4264116.64253333
19928,4066191.97100952
19929,4105316.6549
19930,4574731.75695397
19931,4526636.14865
19932,3548173.42121905
19933,3606222.38056667
19934,5515178.04876667
19935,4592853.7716
19936,4794839.0022
19937,4321866.03213333
19938,3679996.64133334
19939,4188689.71842381
19940,3016576.56733333
19941,4095777.54956667
19942,4493113.22126667
19943,4353863.57183333
19944,3358538.68057778
19945,4070625.82429524
19946,4665671.71993333
19947,4053644.21050952
19948,4258957.56133334
19949,3700287.48456667
19950,4299272.49746667
19951,4994325.40163334
19952,4497759.66591111
19953,3918337.67433333
19954,4453699.09806667
19955,4643587.3333
19956,3350251.7536
19957,4475058.22666666
19958,4849195.87503333
19959,3892361.30567778
19960,4067395.9179
19961,5052611.41
19962,4716949.82086667
19963,4577394.5586
19964,4604089.65583333
19965,3860119.57913334
19966,4237505.86692857
19967,4935125.3098
19968,4515036.54643334
19969,2389686.80780952
19970,3689550.45687778
19971,3822096.37576667
19972,3757000.81600159
19973,4698001.02643333
19974,3091733.85201428
19975,4324413.19
19976,4764816.926
19977,4892875.3033
19978,5229488.50951905
19979,4735115.9083
19980,3915875.4473
19981,3885736.58060952
19982,4495244.09213333
19983,4910448.51243333
19984,3958851.30853334
19985,4155330.32623333
19986,4271388.94881111
19987,4319562.97835715
19988,4125292.80843334
19989,3380437.8457
19990,3346162.51807143
19991,4204009.82203334
19992,3988375.90323333
19993,4233353.2235
19994,3865667.97567619
19995,3416862.18286191
19996,5007758.36361111
19997,3881243.93911111
19998,4217429.8465
19999,4488657.25026667
20000,4165766.92378572
20001,4244221.95442064
20002,4336317.21723333
20003,4434705.79371111
20004,4195533.48986667
20005,4283618.16092857
20006,3886181.44909048
20007,4499340.1668
20008,4075289.16762381
20009,4661329.8203
20010,4933649.31283333
20011,4376530.57415238
20012,4956999.82375714
20013,4552936.25726667
20014,3963114.22616667
20015,4626908.78113333
20016,4601018.99953333
20017,2713049.12939524
20018,4343966.3624
20019,4083482.24664286
20020,3534953.97323334
20021,5010954.2679
20022,3662906.86446667
20023,3847489.72277619
20024,4733660.9224
20025,5034119.14933334
20026,3463653.79607619
20027,4592994.46365714
20028,4153688.46946667
20029,4227473.40213333
20030,4926044.3418
20031,4522381.03293334
20032,4279151.47229048
20033,4326497.50418571
20034,3928343.22666667
20035,3454332.3982
20036,5013475.7622
20037,3078225.12680952
20038,3930345.01257143
20039,4158982.4349
20040,5130632.13126666
20041,5199673.02659524
20042,5141625.78788333
20043,4334258.53673333
20044,4162731.74063333
20045,4310203.86966667
20046,4443724.6328619
20047,4152792.13956667
20048,4545863.03903333
20049,3616987.06743334
20050,3200774.36263333
20051,3419644.80962857
20052,4325976.82611667
20053,4676233.74366666
20054,3570222.17057619
20055,5037918.9916
20056,4498555.40453333
20057,4530727.8664
20058,3237432.97707143
20059,3960861.01647143
20060,4838090.86845238
20061,2351821.31620952
20062,4314305.07603334
20063,4148237.5176
20064,4411207.98853333
20065,3626909.45533333
20066,4303188.8482
20067,3894007.49455238
20068,4041103.69996667
20069,3231859.6587381
20070,4284833.41236667
20071,2697151.46074762
20072,4495705.2438
20073,4571313.06374762
20074,4076315.11643333
20075,4253458.1373
20076,4222821.64266667
20077,3690700.15233333
20078,4761874.27613809
20079,4223434.58606667
20080,4704856.23213333
20081,4715363.79401111
20082,3523168.41043333
20083,4071538.25870635
20084,5417119.23166666
20085,3344688.48457302
20086,4060143.77884445
20087,2840229.42951428
20088,5039251.2919
20089,5212338.5405
20090,4550059.73986667
20091,4929210.3645
20092,5635540.23783333
20093,2900891.00924286
20094,3805325.90043333
20095,4298829.1569
20096,4496188.69803333
20097,4308870.9695
20098,3950222.89006667
20099,4293332.9243
20100,4672808.5505
20101,4292028.27316667
20102,5837057.44026666
20103,4336803.47549524
20104,4331138.51773333
20105,3841912.1437381
20106,4677739.72733333
20107,5375760.49903334
20108,4361228.3734
20109,4035384.1588
20110,4398106.5935
20111,3646657.35113334
20112,4274751.3428
20113,3350998.80063333
20114,4577245.76296667
20115,3712019.79973334
20116,4049020.08673334
20117,4318300.94271111
20118,3017407.51535714
20119,4235719.84773333
20120,3954789.62866667
20121,4355896.0176
20122,3912443.85406667
20123,3492148.306
20124,5501855.54278572
20125,4308413.17806667
20126,4201064.58443333
20127,4086893.76943333
20128,3919081.46403333
20129,5196411.81673333
20130,4408591.67683333
20131,4317765.16396666
20132,2745183.57627143
20133,3402619.17571587
20134,4738031.5146
20135,4025192.64673333
20136,4801835.33437143
20137,3366232.30034444
20138,4463842.19406191
20139,4157173.40486667
20140,4634048.5415
20141,4756692.9539619
20142,4954323.49236667
20143,4847501.36186666
20144,4623069.383
20145,3433455.83520159
20146,4634279.53416666
20147,3721623.2112619
20148,4250983.26646667
20149,3633810.5602
20150,3231306.3487381
20151,4359144.955
20152,4158157.06483333
20153,4802266.57124762
20154,4139756.37411905
20155,3428903.55107778
20156,4013408.5874
20157,5146493.64941904
20158,3866511.10954444
20159,4370065.72009524
20160,4238404.8861
20161,4374457.00693333
20162,4416942.96372857
20163,4091951.28413333
20164,5190542.27718333
20165,4653606.81353333
20166,3673341.69337778
20167,3953610.09667619
20168,4187170.516
20169,4643821.27166667
20170,4864044.9431
20171,4379977.37213333
20172,4405538.30916667
20173,3683140.67921111
20174,4280186.4028
20175,5029109.44318571
20176,4334815.28722857
20177,4305263.92812857
20178,4954607.22836667
20179,4410958.62792381
20180,5291640.55963333
20181,3849346.15666666
20182,4564406.4904
20183,3830771.49298095
20184,4546590.30552857
20185,4670690.23659524
20186,4253099.77116667
20187,4359412.30553334
20188,4175457.2903
20189,4235442.5856
20190,3911125.94572857
20191,4052265.98451111
20192,4569093.2015
20193,4379616.38380952
20194,4440734.82851667
20195,3653224.43620476
20196,4323312.3566
20197,4453041.12648095
20198,5055935.81650952
20199,4138586.58051111
20200,4717417.83996667
20201,4423445.88896667
20202,3249884.1518
20203,3977187.35443334
20204,3611956.00091111
20205,4153284.20543333
20206,5310524.91523333
20207,3488328.36550476
20208,4131688.9545
20209,4347459.75596667
20210,5062454.5542
20211,5364936.2839
20212,4134143.10523333
20213,5389202.34046667
20214,4344485.14105238
20215,4571730.86523333
20216,4076802.48273333
20217,4245070.57263333
20218,2721605.56569683
20219,4339598.19566667
20220,3350936.13940476
20221,3046687.375
20222,4739452.8605
20223,4565082.53826666
20224,3592610.93672381
20225,5018289.07178571
20226,4310777.95674285
20227,3760876.3843
20228,3654971.54124444
20229,4210591.49707301
20230,4291180.77670476
20231,4335625.6284
20232,4548852.50731111
20233,5366576.16828571
20234,4474284.63762857
20235,3061621.2496381
20236,4666772.30036667
20237,4330400.76643333
20238,4738059.30753333
20239,5016635.39839999
20240,4346303.80963333
20241,4463476.40997778
20242,5112313.44963334
20243,3547564.08197619
20244,3581176.62873334
20245,4733565.76043333
20246,4034966.588
20247,3910453.62581111
20248,5230833.9195
20249,4248159.5481
20250,4306128.80823333
20251,4891591.609
20252,4593126.85696667
20253,4435783.56769682
20254,5434957.87043333
20255,4663459.13752857
20256,3683570.3026873
20257,4396102.10328571
20258,4389071.53280952
20259,5439398.90696666
20260,3612649.57260476
20261,4061119.64669206
20262,4548326.75593333
20263,4752307.53323333
20264,3838144.54133016
20265,5217503.94493333
20266,4470030.27876667
20267,3617646.99322381
20268,2520640.20176349
20269,4145940.11067778
20270,5137885.47263333
20271,4565101.30486667
20272,4391602.5355
20273,3979336.76293492
20274,4009366.74416667
20275,4464771.88770952
20276,5477735.95286667
20277,4166249.61306667
20278,3475068.22817778
20279,4168351.92993333
20280,3979052.98466667
20281,4781668.5645
20282,5037846.99666667
20283,4531182.59663333
20284,4319397.47456667
20285,4348370.26734286
20286,3498212.09974762
20287,3460600.40095873
20288,3589346.71822381
20289,3846077.5639
20290,4376527.09259206
20291,3914776.34963334
20292,4035369.81793334
20293,3898517.14330953
20294,4646297.59226667
20295,4889013.4965
20296,4907690.862
20297,3696073.1521
20298,4889934.52863333
20299,4472176.5433
20300,4158348.05147619
20301,4843104.7156
20302,4697301.07626667
20303,3154026.76230953
20304,3859692.09431111
20305,4079914.3164
20306,3730087.22836667
20307,4304438.4235
20308,5074371.51362857
20309,3773398.65429048
20310,4109234.20506667
20311,5091000.26956667
20312,4149977.61201428
20313,4519141.39504286
20314,4867439.52816666
20315,4052841.61931111
20316,4987294.43646667
20317,4620131.18125238
20318,3509584.85316667
20319,4337551.25076667
20320,4843854.57476666
20321,4156385.2299
20322,4110573.0070619
20323,3806093.89493333
20324,3875091.71296667
20325,4190851.12403333
20326,3990797.46563968
20327,4498106.59696667
20328,4874683.39613968
20329,3701988.02278254
20330,4725949.1594
20331,4591168.7556
20332,4612694.5095
20333,3724966.63456349
20334,3829127.18497778
20335,4830302.32057778
20336,4244249.74016667
20337,4821088.89756667
20338,4344313.23368572
20339,3792690.73153333
20340,4467902.12022857
20341,4266571.44486667
20342,4764412.65582857
20343,5907147.13253333
20344,3347953.62282064
20345,5109363.09203333
20346,4645310.08923333
20347,4249267.76628571
20348,4446712.55863333
20349,4845555.8285
20350,4887627.02106667
20351,4576076.0036
20352,4254907.6109
20353,4358413.73304444
20354,3333996.69090953
20355,5125829.2210619
20356,4861318.38606666
20357,4808947.38886667
20358,4285364.65863333
20359,4697903.30756667
20360,3827349.34726667
20361,3826909.8886
20362,4148944.88663334
20363,3815407.37276667
20364,3986036.08441111
20365,3921923.82386666
20366,3972011.04555238
20367,3845993.30291111
20368,5129614.92723334
20369,4262488.69154444
20370,3929170.26899524
20371,4456629.78397778
20372,4591993.0972
20373,5534129.09236667
20374,4399474.62183333
20375,5905593.69693333
20376,4272181.14076667
20377,4242451.60083333
20378,3807198.84636667
20379,4807997.32168095
20380,4571208.176
20381,4172702.83583333
20382,4088621.45124445
20383,4316224.79056667
20384,4722194.7959
20385,3484838.37964286
20386,4508318.02543333
20387,4561562.15085397
20388,4383631.62653333
20389,4512031.09778571
20390,4357561.4184
20391,4731885.4195
20392,4572045.0874
20393,3329542.30882064
20394,4718053.25181905
20395,3989954.21086667
20396,5269468.3936
20397,3751436.58781111
20398,4036293.55123334
20399,4563929.83804444
20400,4410514.71576666
20401,4537645.66933333
20402,5183041.16423333
20403,3987342.97253333
20404,4636464.80763334
20405,5376877.88163333
20406,3623011.09961905
20407,4646247.1472
20408,4903220.71583333
20409,4244577.0981
20410,4007213.62163333
20411,4741904.24143333
20412,5210295.95223333
20413,4338800.74646667
20414,4138318.44909206
20415,4213898.82430952
20416,3973656.72865714
20417,3966555.2436
20418,4262183.84416667
20419,4873987.35483333
20420,4035082.10456667
20421,4327266.29173333
20422,5709805.86276667
20423,3874683.3054
20424,4594676.58716667
20425,4073280.14406667
20426,3750992.19593333
20427,3496597.24137143
20428,2909955.89854286
20429,3593406.01240476
20430,3649558.21401111
20431,4489344.60483333
20432,4814221.08527777
20433,4353916.5875
20434,4323389.92931587
20435,5130653.05726667
20436,4205503.18810476
20437,4350870.9474
20438,4673857.14911667
20439,4091788.23786667
20440,3545126.40154286
20441,4441769.24904444
20442,3862186.18693333
20443,4763038.95113333
20444,4183645.3328
20445,4436825.22392857
20446,4356931.00506667
20447,4209462.59066667
20448,4053158.97221111
20449,4331962.52856667
20450,5025259.5729
20451,3490304.08204445
20452,3655620.28614445
20453,4912683.4408
20454,4670002.23362857
20455,3167899.02604286
20456,4800433.5407
20457,4482740.71827619
20458,4497389.2126
20459,4917478.0896
20460,4822524.81093333
20461,3782492.91228572
20462,4240773.23033334
20463,4335080.30876666
20464,3465364.09669524
20465,4832611.3197
20466,3179341.58793016
20467,4270023.69563333
20468,4476338.21172381
20469,3850159.0668
20470,3918347.70673333
20471,2442191.69947143
20472,4382668.34356667
20473,4287457.38143333
20474,3904830.56408571
20475,4067180.9402
20476,4011497.718
20477,4775145.84696667
20478,4389943.92206191
20479,4492048.4608
20480,4795397.55003333
20481,4062804.52804444
20482,4393905.60336666
20483,4078097.5313
20484,4810256.02483333
20485,5256384.53293333
20486,4911522.08933333
20487,4904390.79066667
20488,2948918.04511111
20489,4369559.5768
20490,4614556.548
20491,5031433.80573333
20492,3375857.76401111
20493,5071178.97913333
20494,3645016.46543333
20495,4215688.21056667
20496,2954140.86512381
20497,4711725.0885
20498,4513548.83583333
20499,4640525.54753333
20500,4042617.94757619
20501,3853680.0869
20502,4254905.28603333
20503,5241377.75463334
20504,4203107.6081
20505,3460514.80046667
20506,5057754.44633333
20507,4512390.2524
20508,4494689.80878571
20509,3725337.11823016
20510,5137939.15956667
20511,3769497.92925238
20512,4545453.31213333
20513,4518143.17488571
20514,4114895.21303334
20515,3213272.40560952
20516,4148301.6418
20517,4159617.8855
20518,3753606.77102857
20519,4670498.66066667
20520,3901897.61356667
20521,4915592.945
20522,3730285.33696667
20523,5127698.42256667
20524,4212454.92243333
20525,5070954.86663333
20526,4598145.94984444
20527,3970579.88968095
20528,4435187.25151111
20529,4481653.2677
20530,4192223.27425952
20531,4312760.15646667
20532,3275479.77870476
20533,4589684.661
20534,4252204.0206
20535,3981809.87186667
20536,3983706.87216667
20537,3893414.23144286
20538,5041364.2293
20539,4172521.31037619
20540,4171918.46943333
20541,4764030.75874762
20542,4963419.65916667
20543,4249116.81503333
20544,3912279.94284762
20545,4655883.03606667
20546,4012121.3407
20547,2566619.82488095
20548,4769273.22128095
20549,4143662.65233334
20550,4562651.68446667
20551,4231572.95437778
20552,4064964.13233333
20553,5085902.43945238
20554,4777571.62843334
20555,4081860.8868
20556,3897953.26266667
20557,3762479.06812381
20558,4243725.74116667
20559,4946575.0603
20560,4730298.35266666
20561,4206872.2623
20562,3997717.49466667
20563,4657123.13406667
20564,4710777.5507
20565,4021300.08246667
20566,5065141.23543333
20567,2957012.58822063
20568,4614984.72283333
20569,4560977.5539
20570,4765981.3049
20571,4352880.41927778
20572,3712444.50159206
20573,3629650.10002381
20574,4428817.35363333
20575,4484307.01806667
20576,4423359.22163333
20577,4346017.0014
20578,3259231.89766825
20579,4345299.05446667
20580,3998744.61753333
20581,4127038.53623333
20582,3930118.05514286
20583,4387465.38131905
20584,4251592.64626667
20585,4260475.48886667
20586,4500921.97146667
20587,4389624.2979
20588,4267684.7254
20589,4613587.4612
20590,4437103.25973334
20591,4772046.43226667
20592,3343185.13593333
20593,3663928.72596667
20594,4469533.36021667
20595,4905244.3634
20596,4493205.7263
20597,3687369.37416667
20598,4204241.72290952
20599,4299582.77774444
20600,4298595.79598096
20601,3842554.29392857
20602,3822230.48519524
20603,3690923.64489524
20604,4577378.15673333
20605,4668285.50996666
20606,4490048.88992857
20607,4196623.20716667
20608,5090057.41083333
20609,4741273.0464
20610,3535320.07783334
20611,4491759.16626667
20612,3772816.57307619
20613,4399387.76603333
20614,3426491.16986666
20615,3617937.98811111
20616,3820142.00138572
20617,3807380.29836191
20618,5211433.95236667
20619,4174185.24163333
20620,4047408.20333333
20621,4251552.76665238
20622,3986457.78028095
20623,4067395.82907778
20624,4385161.79503333
20625,3899993.94742381
20626,3958321.06203334
20627,3762230.21213334
20628,5071653.52619524
20629,4559588.51183333
20630,4502115.7982
20631,4869899.49053334
20632,4351242.4922
20633,4087711.20961429
20634,3734963.60166191
20635,5122778.4260619
20636,4956242.54049524
20637,4886829.07895238
20638,4687594.87626667
20639,4125617.19736667
20640,5115578.43383333
20641,4764585.2074
20642,4393932.62896667
20643,5354161.2402
20644,4682229.28613333
20645,4535044.10647778
20646,4271836.47753809
20647,3753680.0967
20648,3935894.83851111
20649,4919617.6193
20650,4092547.5421
20651,3585712.22683333
20652,4383464.60864444
20653,4382702.2293
20654,4350795.88306667
20655,4072170.54036667
20656,4126579.78443333
20657,3883723.1311
20658,3293473.44594762
20659,4594144.40612857
20660,4057729.8188619
20661,4866971.56486667
20662,4517088.97739524
20663,4018527.69667619
20664,4362408.307
20665,4343766.1607
20666,3027195.15484762
20667,5009510.35686667
20668,4880039.2971
20669,3721099.37786667
20670,3946266.8272
20671,3827850.95350953
20672,4088162.48844444
20673,3843494.8221
20674,4637708.81360238
20675,5037694.36566667
20676,5107027.15131905
20677,4193091.66835238
20678,3269466.89647302
20679,4607818.0154
20680,4082349.25341905
20681,2879341.15719524
20682,4015382.05003334
20683,4448206.30623333
20684,3825904.1184
20685,4041508.18273334
20686,5419724.38376667
20687,4264874.6081
20688,4101814.24418572
20689,4392014.13723334
20690,4243626.4905
20691,3281848.88166667
20692,3924299.63894762
20693,4552699.27439048
20694,4328767.54410953
20695,4214381.16653333
20696,3775255.50281111
20697,4807651.99253333
20698,3623157.75436667
20699,3505335.1898
20700,4833651.8451
20701,3923754.35163334
20702,3163283.24235873
20703,4271474.573
20704,4041297.4653
20705,3640633.02471111
20706,3504469.58163334
20707,3676648.5727
20708,4730882.97366667
20709,5515682.13423333
20710,5401359.52253333
20711,4916926.09736667
20712,4325357.56153809
20713,3744585.98217778
20714,4860947.76866667
20715,4656814.58076666
20716,3425858.12837619
20717,4519146.9046
20718,3986949.67481429
20719,4117174.43713333
20720,4217824.15189524
20721,4657907.68332857
20722,5250813.71506667
20723,4715137.4705
20724,3719294.82747778
20725,4141818.344
20726,4660278.7896
20727,3440993.66102381
20728,4483757.91776667
20729,4894125.37096667
20730,4184135.96882857
20731,3955625.44002857
20732,4881150.52116667
20733,4850987.9178
20734,4065287.0676
20735,4552957.6521
20736,4058349.3073
20737,4457693.67936666
20738,4651948.66003333
20739,2612065.37636667
20740,4840502.38416667
20741,5253919.56246667
20742,4168313.78861111
20743,3920702.41321429
20744,3959001.0525619
20745,4485262.4843
20746,3736971.01976667
20747,5089991.40826667
20748,4777771.69227619
20749,3882152.95556667
20750,3919907.6454
20751,4514965.4005
20752,4212124.78766667
20753,4209944.61649206
20754,4394772.3961
20755,3787875.86256667
20756,4348790.37941111
20757,4092315.43100635
20758,4495562.51186667
20759,3864127.10390953
20760,4485602.77216666
20761,4533522.33223333
20762,4997250.05976667
20763,4594880.18809048
20764,4417652.27325714
20765,3505834.47165714
20766,4164286.50823333
20767,4670677.50156667
20768,4762314.81596667
20769,4373897.89869524
20770,3586592.70086349
20771,4395387.60641667
20772,4140990.83470952
20773,3351310.5698
20774,5270278.61676667
20775,3778919.89473333
20776,4857343.50886666
20777,4286839.74763333
20778,4216413.49653333
20779,4492066.45767619
20780,3492573.61062063
20781,5103929.97836666
20782,4943459.86771111
20783,4287250.90426349
20784,4229176.87942381
20785,3800374.27001111
20786,4493338.5852
20787,4739726.46263333
20788,5299869.0304
20789,4043618.35643333
20790,2525530.10854444
20791,4062625.06743334
20792,4530873.36081111
20793,4495292.62866667
20794,4464036.13723334
20795,4632424.11576667
20796,3571051.65417778
20797,5375551.63813333
20798,4824410.15383334
20799,4383123.45393333
20800,5172114.79316666
20801,4507432.5198
20802,4125108.98886667
20803,4524146.7964
20804,4488622.34156667
20805,4021153.5129
20806,3679989.00323016
20807,4442205.68950476
20808,4331012.6099
20809,4267937.01983333
20810,4060924.07993333
20811,3748396.52240952
20812,4546828.51704444
20813,4595929.05106667
20814,4080277.76086667
20815,4540025.0578
20816,4438201.25743333
20817,3798594.69567778
20818,4988832.3465
20819,3979655.16243334
20820,4657285.1711
20821,4298162.16093333
20822,4623830.30566667
20823,4075856.7045
20824,4170680.04394445
20825,3852580.05963333
20826,4286082.9557
20827,4430876.69117778
20828,5136551.25261111
20829,4150277.91147778
20830,5011396.49527778
20831,4442680.3993
20832,4375172.33329524
20833,4028819.26026667
20834,4183497.40376667
20835,3981608.9354
20836,4209924.58505714
20837,4031271.7925
20838,4145494.1001
20839,4735762.54106667
20840,4390017.73159524
20841,4746034.3619
20842,4651308.01604286
20843,4770164.38542381
20844,5068696.96813333
20845,5446787.45033333
20846,3658859.47513334
20847,4907622.17506667
20848,5022813.81933333
20849,4758968.71713333
20850,4674299.1557
20851,4250931.2063
20852,4450586.62549524
20853,4628660.1801
20854,3845782.9973
20855,3623815.99053334
20856,5185293.49836667
20857,4016686.83974445
20858,2254464.45724286
20859,4635107.9973
20860,3986325.8321
20861,4504713.9526
20862,5059788.77453333
20863,4416980.54386666
20864,3141356.85137143
20865,3701374.9337
20866,4351256.74953333
20867,4703974.26376666
20868,4331037.31363333
20869,4127939.03063333
20870,3256448.24860635
20871,4790487.241
20872,4381070.68576666
20873,3844915.02936667
20874,4712830.92866191
20875,3320828.52150476
20876,4634316.21220635
20877,3891034.20896191
20878,4763601.7837
20879,4419177.27606667
20880,4185085.9772
20881,4570000.79416667
20882,4522185.5579
20883,4755608.33706667
20884,3978124.84926667
20885,4230767.57779524
20886,4905799.09306667
20887,4524675.80683334
20888,4159944.92386667
20889,4174470.22843333
20890,4397392.89796667
20891,4797704.68743333
20892,5372098.204
20893,5168586.2761
20894,4471716.5397
20895,4382331.39231111
20896,4374507.11308571
20897,4063189.91736667
20898,3749928.969
20899,4484680.94595238
20900,4199419.64105397
20901,4926579.90262619
20902,2934692.04556667
20903,4781494.28831905
20904,4234229.22483334
20905,5487258.428
20906,3420872.65871429
20907,4754334.7506
20908,4788778.49366667
20909,4860480.96086666
20910,4441983.0569
20911,4072644.24235397
20912,4680118.2078
20913,3948418.23277143
20914,3975013.5407
20915,4522852.251
20916,4314038.65726667
20917,4467739.20171905
20918,4762171.2195
20919,4563555.83573333
20920,3338758.08353334
20921,5838384.1887
20922,4937056.23123333
20923,4047630.71853333
20924,3697552.40200953
20925,4721541.8264
20926,4059065.7874
20927,4316894.45343333
20928,4163847.02663334
20929,4563349.84906667
20930,4534911.5319
20931,4850148.55898571
20932,4420979.42033333
20933,4714954.5508
20934,5211679.4867
20935,4834211.25383333
20936,5084778.49006667
20937,4008853.13101111
20938,3772720.00303333
20939,3747127.67135714
20940,4376308.20095238
20941,4907558.60406666
20942,3600575.22773333
20943,3670398.26013334
20944,4174198.25626191
20945,4828307.1663
20946,3087624.63775397
20947,3929928.76306667
20948,4337273.50183333
20949,4092251.74646667
20950,4005349.7095
20951,4222381.82133334
20952,4119301.06377778
20953,5728798.4333
20954,3806133.91406667
20955,4304785.39133333
20956,3837588.70706667
20957,6087499.34423333
20958,4087792.44903333
20959,5172868.41156667
20960,4635351.09586667
20961,3675465.1378
20962,3991808.09046667
20963,3922403.29673334
20964,4451552.2181
20965,5411228.11716667
20966,4768565.59683333
20967,4166861.33972857
20968,3568151.43693334
20969,4699471.36273333
20970,4209302.36693333
20971,3982274.64176667
20972,3780778.99530953
20973,4030573.53836667
20974,4089844.64069524
20975,4776699.23186667
20976,3972226.47443334
20977,3917537.60466667
20978,4405062.21526667
20979,3044448.56927619
20980,4201258.70163334
20981,4334512.0818
20982,4120331.08588254
20983,4145135.2296381
20984,4538039.7158
20985,4733015.467
20986,4693856.83413333
20987,4857499.44003333
20988,4331348.60806667
20989,4315961.9946
20990,4074805.33934762
20991,3158187.2439381
20992,4144373.979
20993,4207464.84636667
20994,3654241.49196667
20995,4346044.17916667
20996,4387967.73558571
20997,3317819.96839683
20998,4084075.64592857
20999,4373331.65873334
21000,4711758.35969524
21001,4026190.81212857
21002,3270693.55086667
21003,5462468.67706667
21004,4260675.33283333
21005,3829687.16146667
21006,4587667.7541
21007,3669896.33113333
21008,4493640.03013333
21009,3609385.21150635
21010,4686810.38247778
21011,3835684.31276667
21012,3565618.5333
21013,4718044.46633334
21014,3959749.31659524
21015,3234604.94100476
21016,5499198.9604
21017,3193142.67000953
21018,4685803.4435
21019,2404193.29339048
21020,4311742.04186667
21021,3522921.69337778
21022,4567476.04203333
21023,4411409.19366667
21024,4952864.3325
21025,4646601.64106666
21026,3085222.4883
21027,3497395.6963
21028,4646176.4012
21029,4345640.16216667
21030,4559394.15153333
21031,3726207.60646191
21032,5706679.06803334
21033,3728980.61573333
21034,4548821.84823333
21035,5153413.43903333
21036,2473541.72717143
21037,4338697.0967
21038,3767595.16836667
21039,4632604.4262
21040,4790445.28883334
21041,4005071.38252063
21042,4142661.37449524
21043,3978739.1724
21044,3906973.03643334
21045,5164909.75143333
21046,4302747.69006667
21047,4527872.47029524
21048,4099027.9566
21049,3761689.95906667
21050,3874953.70616667
21051,3543451.24179047
21052,4076294.01054445
21053,2827307.4273381
21054,2826956.34280159
21055,4235764.7138
21056,3405128.92315873
21057,3951831.55593333
21058,4629627.7171
21059,4126960.15193334
21060,4431093.54653334
21061,4191191.67273333
21062,4568662.77653333
21063,4135980.3402619
21064,4453414.0445
21065,2577172.71121428
21066,4286712.62103333
21067,4373470.15408095
21068,3715623.12216667
21069,4593986.37384285
21070,4206171.4825
21071,4136219.15883334
21072,4907564.11053333
21073,4356381.17376667
21074,4148381.65056667
21075,4221926.29834445
21076,3921886.14035714
21077,4411220.5594
21078,3796400.82927778
21079,4662544.58040476
21080,3850986.87894444
21081,4392465.32542857
21082,3999165.4784
21083,4554610.57256666
21084,4280227.6737
21085,3593276.02631905
21086,4202504.95916667
21087,4753884.8215
21088,4059003.20394286
21089,4736901.96626667
21090,4545055.41713334
21091,4786582.85653333
21092,4825616.59363333
21093,4091799.21543333
21094,4061129.3076619
21095,4064964.70623334
21096,4833000.35623333
21097,4710144.76156667
21098,4039550.0793
21099,3983606.79093334
21100,4725092.88902857
21101,4304389.65992381
21102,4362247.564
21103,3873528.43313016
21104,3790874.11422858
21105,3695798.58090635
21106,4156190.4235
21107,4825899.428
21108,3857015.77456667
21109,5252032.57090953
21110,4293550.8337
21111,3954945.46109047
21112,5803991.00883333
21113,3771162.79343334
21114,4746080.99718571
21115,4499808.33006349
21116,4375159.44026667
21117,4328002.32823333
21118,5489593.58279524
21119,4112245.551
21120,3835325.67823334
21121,4657999.5275
21122,4672392.62836666
21123,5306822.52353333
21124,4448835.40916667
21125,4376196.22633333
21126,4203677.78943333
21127,4527692.46626667
21128,4599953.32729524
21129,3861008.53336667
21130,4714482.30813333
21131,3169530.66174445
21132,4521932.11863334
21133,4122308.55487778
21134,4023903.3169
21135,4243991.73066667
21136,3491141.81603333
21137,4771478.22873334
21138,3820030.51836667
21139,4670498.66066667
21140,5232914.0216
21141,3315667.6033
21142,3897717.52696667
21143,4366149.16324286
21144,4158057.2957
21145,4505492.48454444
21146,4969181.5682
21147,4322377.12477778
21148,4371046.64516667
21149,4630936.49821667
21150,4191265.25736667
21151,3935765.6359
21152,2354047.20487619
21153,4625550.57113333
21154,4334651.9567
21155,4133192.7095
21156,4215080.36513333
21157,4844094.37366667
21158,4657848.5955619
21159,4589482.84216667
21160,3936594.715
21161,5337948.4967
21162,4860300.89076191
21163,4296987.87107619
21164,4285117.5588
21165,3748058.91163333
21166,5252807.04262857
21167,3897769.93923334
21168,4163679.21453333
21169,5283620.98603334
21170,5807075.66506667
21171,3834876.08117143
21172,4732644.6166
21173,4158806.59946667
21174,3591337.92373333
21175,4170915.50847778
21176,5081682.88496667
21177,4002020.0293
21178,5076226.34836667
21179,4950693.29583333
21180,3407436.11643968
21181,3771787.78739524
21182,4801245.26463333
21183,4581836.80663333
21184,4889734.88254524
21185,4791826.4265
21186,4467594.19623333
21187,5426362.24023333
21188,3483553.91555397
21189,4557297.26250476
21190,5000485.62006667
21191,3585015.0286
21192,4651837.9903
21193,4832970.6267
21194,4397529.54853333
21195,4471537.32106667
21196,3650482.1026
21197,3857784.818
21198,3546061.5874
21199,3811519.59247778
21200,3794432.82399048
21201,4457676.0026
21202,5105898.30513334
21203,4233243.336
21204,3722767.6384
21205,4656423.44026667
21206,4106962.01286667
21207,4903358.11906667
21208,5330244.19703333
21209,4726854.20853333
21210,4079971.17266667
21211,4724146.57526667
21212,4239346.78424286
21213,4670093.3045
21214,4560391.6108
21215,4456219.54813333
21216,4880667.94736667
21217,3933988.98419048
21218,4535009.03783333
21219,4685414.09549524
21220,5348452.91313333
21221,4066915.99572857
21222,4368070.7451
21223,4201253.58963333
21224,5100052.48338571
21225,4149121.81096667
21226,4373505.7862
21227,4113493.6795
21228,4105914.75479524
21229,5187253.16886666
21230,3279198.47242064
21231,5166254.49462857
21232,4299099.12913333
21233,4708598.62673333
21234,4326954.50910953
21235,3920671.88662857
21236,3305331.75746191
21237,4524339.06236667
21238,4522893.79763333
21239,4436910.51913333
21240,5523972.98896667
21241,3974277.6184
21242,4340230.27149048
21243,4705687.163
21244,3124516.58995397
21245,5288710.49845238
21246,4220209.4687
21247,4786488.91446667
21248,4794125.28129524
21249,4549345.7508
21250,4650456.87306191
21251,3258789.22354286
21252,4383428.3469381
21253,4263711.41464286
21254,4219092.13766667
21255,4636881.15933333
21256,4362835.76559048
21257,3266890.33876667
21258,4324317.52186667
21259,4980427.79143333
21260,4146451.7719
21261,4897414.65366667
21262,5025400.00909524
21263,3533931.19383333
21264,4890777.2795
21265,2446662.40129048
21266,4185401.6065
21267,4565575.50336667
21268,4648944.598
21269,4634504.16203333
21270,3523337.86612064
21271,4746928.78786666
21272,4539749.01972857
21273,4682094.1732
21274,4094662.77715714
21275,5203850.65646667
21276,3836461.43897778
21277,3894937.72693334
21278,3957744.01303968
21279,5681417.21383333
21280,4111508.6693
21281,5286382.64683334
21282,3953837.75693334
21283,3914853.61486191
21284,3898297.5278
21285,4800069.98069524
21286,4601355.88553333
21287,3261192.1975
21288,4535045.37193333
21289,4586931.97765714
21290,4006365.8555873
21291,4822531.63666666
21292,3786420.23204762
21293,4678137.29450952
21294,3924879.93156667
21295,3575516.48664444
21296,5247690.75233333
21297,4424361.97829048
21298,4398103.45656667
21299,5447331.97291111
21300,4051152.36660952
21301,4601855.53574445
21302,5330324.2245
21303,3813009.38170952
21304,4686497.98526667
21305,5009511.40166667
21306,4231000.40983333
21307,4748060.34713333
21308,3920094.22194286
21309,4654442.60431429
21310,4149964.82288095
21311,4186488.71636667
21312,4378430.37883333
21313,4130762.30733333
21314,5126633.62196667
21315,3805498.57639524
21316,4091296.67731111
21317,5019458.66473333
21318,5447984.67846191
21319,5210785.53116667
21320,3953175.15469683
21321,4805806.0935
21322,3204437.7646
21323,4474072.94043333
21324,3682655.48981111
21325,4432928.08243333
21326,4319899.86146667
21327,4775495.15733333
21328,4221091.57426667
21329,4306134.0062
21330,4653476.551
21331,4741817.6695
21332,5846830.0494
21333,4434535.98991111
21334,3560935.27524444
21335,4912822.8808
21336,3634534.40374762
21337,5554057.8912
21338,4791372.14033333
21339,4853862.28365238
21340,3968095.87903333
21341,5136260.10298571
21342,4660693.71464444
21343,5924685.04063334
21344,4785107.16643333
21345,3883003.10633333
21346,3996449.20823333
21347,3882657.12945397
21348,4636764.27236667
21349,4967605.7683
21350,4616648.65803333
21351,4624521.2562
21352,3621657.57383333
21353,4844433.32586667
21354,3669024.0308
21355,4641411.04362857
21356,4435335.31123333
21357,5348116.00816667
21358,4179932.9375
21359,4790291.02481111
21360,4805646.7357
21361,4145924.95714286
21362,4618951.53859524
21363,4416737.1007
21364,3446722.5173
21365,4149666.53946667
21366,4918722.65164285
21367,4386045.527
21368,3876849.82416667
21369,4513903.03706666
21370,4807150.185
21371,4429422.43763333
21372,4433651.35876667
21373,4536935.4562
21374,4395266.30186667
21375,4538797.449
21376,5030862.3833
21377,3941900.27191111
21378,4206146.22813333
21379,3297531.8424
21380,3443593.36564445
21381,4126078.99133968
21382,5015374.23836667
21383,4443489.1589
21384,4593996.30108571
21385,5156515.8302
21386,4794015.78313333
21387,4337018.42051111
21388,5090015.02233334
21389,4408782.6415
21390,5372694.38273333
21391,4695334.40583333
21392,5400393.23633333
21393,3825753.08396825
21394,4286526.30226667
21395,4026614.44931111
21396,5199403.32992857
21397,3944583.05154445
21398,3580177.77558096
21399,4217191.04996667
21400,4578969.9063
21401,4319321.80543333
21402,4866319.29296667
21403,3864710.90482857
21404,4990858.14264445
21405,4170290.93283334
21406,5011668.958
21407,4648095.94004444
21408,4760275.09353333
21409,4393228.62013334
21410,4068037.9709381
21411,4969491.9168
21412,4629987.60986667
21413,3807888.54659206
21414,2713846.07068095
21415,4583939.9368
21416,3566304.57068095
21417,4819185.71223333
21418,4017722.82883333
21419,4345013.05393333
21420,4679991.4004
21421,5011529.8255
21422,3776895.44368254
21423,3931663.7461
21424,4002128.5322
21425,3699083.56369524
21426,3991075.28123334
21427,4773069.60256667
21428,4666227.60796667
21429,4237184.60854444
21430,4294414.84539445
21431,4470258.68980952
21432,4589329.9771
21433,4096945.1552
21434,4222385.88784921
21435,4758325.99233333
21436,4021859.82314444
21437,4652995.1489
21438,4465851.08466667
21439,4283555.0188
21440,5012538.47828095
21441,5377772.26473333
21442,4325701.47793334
21443,4152597.8219
21444,5161450.15376667
21445,3837095.8636
21446,4537778.23813334
21447,4310560.37373333
21448,3685903.67743334
21449,4796845.78703333
21450,4489631.56
21451,4617385.03336667
21452,3419274.7471
21453,3904357.82283333
21454,4096863.9898
21455,3664132.15486667
21456,3811678.53244445
21457,4121787.01527619
21458,3541397.34296191
21459,3203085.07083333
21460,4578614.19501904
21461,4487859.13131905
21462,4137169.32356667
21463,4859421.59083333
21464,5633098.02805238
21465,5383590.74043333
21466,4210255.44482381
21467,2346843.28703016
21468,3150607.8896619
21469,3795628.75846667
21470,5018465.5968
21471,4298300.75205238
21472,3873266.11601111
21473,4510991.73253333
21474,4628380.04396666
21475,5035156.68015238
21476,4095202.6778
21477,4426816.66716666
21478,4914524.21625714
21479,4735031.58381428
21480,4633453.90273333
21481,3567210.91556667
21482,4060072.905
21483,4476570.83823333
21484,4635346.8631
21485,4856295.81483333
21486,3350087.32495397
21487,4174049.91826667
21488,4623055.95396667
21489,4366297.57806667
21490,2913705.8439254
21491,4410611.14986667
21492,3784105.73117619
21493,4013737.15861111
21494,4883711.19816667
21495,4984134.76986667
21496,3187884.85379524
21497,4312531.8489
21498,5013659.0907
21499,4080022.56349048
21500,5003678.32943333
21501,4234351.35046667
21502,4262624.95014762
21503,4682650.75876191
21504,3723571.57694445
21505,3685454.98744286
21506,3656076.84686667
21507,3146229.62132063
21508,3812569.9058
21509,4577235.37793333
21510,4313543.01041905
21511,4746303.39906667
21512,4793980.0369619
21513,3341056.28683492
21514,4218861.92457143
21515,4430496.36853333
21516,3987534.66520953
21517,3464673.46622539
21518,4748300.0726
21519,4059589.68362381
21520,3492651.24177778
21521,4222855.0221
21522,5098377.51436666
21523,4921889.0227
21524,4799525.20033333
21525,3354120.8439619
21526,4790466.29466666
21527,5019740.66526667
21528,4427676.80996667
21529,4530411.22683333
21530,4702913.40866666
21531,4383530.34946667
21532,4923198.6344
21533,5350338.7224
21534,5428937.91056667
21535,4245499.2166
21536,4523143.85216667
21537,3067256.1879873
21538,4167361.46853333
21539,4837347.22943333
21540,4162475.74854762
21541,4429118.93343333
21542,4064564.08315953
21543,4889682.10566667
21544,3966484.88739048
21545,3597650.6798
21546,4232354.62336667
21547,4990448.55632381
21548,4628400.40523333
21549,4571101.83610952
21550,5019261.79826667
21551,4829453.27533809
21552,5807630.36976667
21553,3819571.6579
21554,3875745.5603
21555,3513679.07396667
21556,4780754.02516191
21557,5096558.4596
21558,3822584.25656667
21559,4643985.22306667
21560,3695124.9923
21561,4711851.9309
21562,3983043.63153334
21563,4242491.65783333
21564,4764527.99503333
21565,3501166.29553334
21566,4461349.6769
21567,4773948.29573333
21568,3628890.5716
21569,4597582.15701666
21570,4364086.0596
21571,3637174.35458095
21572,4755311.25346667
21573,4619192.20426667
21574,4832876.77343333
21575,4935149.68389524
21576,3862932.78596667
21577,4156031.46493333
21578,3589159.74846191
21579,3974433.84596667
21580,4311265.2343
21581,3761547.58190952
21582,4322255.35744444
21583,4830742.58856667
21584,4870549.10896666
21585,4919648.0849
21586,4850438.40196667
21587,4521529.57778095
21588,3343961.46407778
21589,5597239.19123333
21590,4843444.5643
21591,3909957.95303333
21592,4613210.77076666
21593,3879909.32966667
21594,3872425.296
21595,4308868.14763333
21596,4280398.04916666
21597,4704225.5113619
21598,4476516.94553333
21599,4229507.56946667
21600,4533913.711
21601,4087833.8695
21602,4138503.92165238
21603,4602713.80282857
21604,4110293.54016666
21605,3746521.03194762
21606,4367057.05626667
21607,4002444.62953333
21608,4441322.85633334
21609,5253512.131
21610,4977217.85443333
21611,3134308.3201
21612,4422164.21826191
21613,4170902.43152857
21614,5233345.6046
21615,4599532.53993333
21616,4423943.72734444
21617,3316349.9199873
21618,4285055.51674286
21619,4391360.82423333
21620,4085823.45293333
21621,2417253.86507619
21622,4685972.77143333
21623,5172067.2219
21624,4428683.82994762
21625,2459051.36979683
21626,3198842.26073333
21627,4096238.26252857
21628,3855710.56213333
21629,4734564.66913333
21630,4621646.5623
21631,4142509.70813334
21632,3576009.33266667
21633,3976849.45507619
21634,5033500.84063333
21635,3827427.7798
21636,3533527.98434286
21637,3193455.23233334
21638,4434007.08719524
21639,4601158.13163333
21640,4213594.7366873
21641,5887186.3725
21642,5273259.85793334
21643,4906643.23306667
21644,5274914.81923333
21645,3363775.07394444
21646,4623058.57960952
21647,4387117.62247619
21648,4391365.16356666
21649,3230644.52897143
21650,4880304.53347301
21651,4778574.82146667
21652,3962837.7992
21653,4722036.215
21654,4370824.00913333
21655,4144744.51333333
21656,5168062.7182
21657,4479603.3344
21658,4959762.52666667
21659,4776087.66767778
21660,4598862.76056667
21661,4675885.17266191
21662,4126018.44740635
21663,4115068.64854286
21664,4666227.60796667
21665,3968205.3473
21666,4729491.74473333
21667,4122437.35134286
21668,3498810.53329048
21669,4828587.50621111
21670,4190757.08229682
21671,4518215.87453333
21672,4406612.10332857
21673,2802168.34291111
21674,4317668.3146
21675,4853989.00826667
21676,4822454.81942857
21677,5073762.18096666
21678,3869649.86494445
21679,3655725.5192
21680,5141879.4957
21681,4372732.41773333
21682,4461564.17993333
21683,4765092.97348571
21684,4487454.35666667
21685,3986134.22126667
21686,4397751.45398571
21687,4115644.61047778
21688,4247107.7722
21689,4322655.402
21690,3192546.76743809
21691,4539588.42084762
21692,3832805.56793334
21693,3476137.64100952
21694,4040766.3983
21695,3921218.00476667
21696,5291238.8899
21697,4506218.6936
21698,4496488.29029683
21699,4971913.49016667
21700,3942782.67628096
21701,3743817.34966667
21702,3932278.5324
21703,4330114.30686666
21704,4539793.6179
21705,4776968.96051905
21706,4237544.92851111
21707,3726291.72874445
21708,4053043.19705714
21709,4698570.75186667
21710,3975458.91699524
21711,4782801.9796
21712,3562664.99993333
21713,4338375.0754
21714,4410402.4366
21715,4499636.50253333
21716,3923522.09329524
21717,3769014.87396667
21718,4579138.04451111
21719,4599695.59323333
21720,4117068.08173333
21721,4050789.54552381
21722,4146424.9521
21723,4037243.32325714
21724,4593982.38023333
21725,4890125.61563333
21726,3080231.25487619
21727,4260633.87117619
21728,5088726.72603333
21729,4928659.66616666
21730,4516643.8324
21731,3960747.23283333
21732,4499339.13846667
21733,4247099.17856667
21734,4086761.89986667
21735,5315341.65603334
21736,4212960.92313333
21737,2836121.83430476
21738,4833878.53916666
21739,4571685.76423333
21740,3627974.27556667
21741,4193336.20594286
21742,4029377.0583619
21743,4614812.49196667
21744,4274429.70676666
21745,3733373.2019
21746,3946537.0632
21747,4457880.9929
21748,3932453.94895397
21749,4488262.48990952
21750,4437020.8081
21751,4058892.6392
21752,4692997.31305238
21753,4172658.87330476
21754,3863489.94082857
21755,4126877.10981905
21756,4173325.0681
21757,3507732.35922857
21758,4844382.46525238
21759,4427624.79653333
21760,4358475.53312063
21761,3483976.70827778
21762,4608331.41431905
21763,4543157.2128
21764,3392347.3940254
21765,3644219.90137778
21766,5137753.94171111
21767,5844775.72056667
21768,3595234.74821905
21769,4442168.7549
21770,4337533.79665238
21771,4214756.11856667
21772,3971733.21027143
21773,5269606.2282
21774,3309891.87246667
21775,4945640.2958619
21776,4342831.52475238
21777,4065666.36094286
21778,4575653.23224445
21779,5414766.51625238
21780,4261043.6136
21781,4037067.71694762
21782,5633340.92796666
21783,4733565.76043333
21784,4437249.6418
21785,3972688.69686667
21786,4073689.26277619
21787,4909393.68391905
21788,4870233.1214
21789,4059196.28422857
21790,5812795.37223333
21791,4214505.10986191
21792,4740086.32673333
21793,4486269.89153333
21794,4668318.14606667
21795,4089489.19863334
21796,4036384.22829524
21797,4391177.73473333
21798,3889972.15754762
21799,3671467.82056667
21800,3795526.60803333
21801,4344961.96416667
21802,3741368.593
21803,3731802.70818254
21804,5369510.28076666
21805,3457068.524
21806,3846374.1251
21807,3994596.09053333
21808,3691055.1492
21809,5329812.17893333
21810,4395999.31653333
21811,5041179.74763333
21812,4334130.575
21813,3068643.27020952
21814,5020468.97936667
21815,4534781.4786
21816,4733565.76043333
21817,4212325.5341
21818,3800295.73516667
21819,4165656.36486667
21820,5133326.93693333
21821,4681226.0248
21822,3619393.29723334
21823,5417744.4043
21824,4680743.37773333
21825,5084750.4974
21826,5175463.7008619
21827,2971833.29022857
21828,4018936.52476191
21829,3990579.72713333
21830,4345316.9605
21831,4023066.0438
21832,4385511.06586667
21833,5268504.40656666
21834,4213312.36166667
21835,3647286.34852064
21836,4942463.98636667
21837,4183626.7124
21838,4466270.1297
21839,4333450.72509206
21840,3718639.81516667
21841,3923209.42476667
21842,4287264.18836667
21843,3979023.7485
21844,3656897.67176667
21845,3898086.08517619
21846,3185839.14561429
21847,4309626.68050952
21848,5742996.69083333
21849,3913218.9391
21850,4630147.61493333
21851,4048477.57133334
21852,4667941.33583333
21853,4096605.39004445
21854,4255049.9584
21855,4560272.36569683
21856,5536345.1237
21857,4599660.7073
21858,4438352.84124286
21859,4656467.41504286
21860,3252192.01863333
21861,4156390.57773333
21862,3820166.17652064
21863,4666177.77686667
21864,4154485.17049524
21865,4962592.56433333
21866,5295973.52196667
21867,4194206.76306667
21868,3057312.42225714
21869,4186734.73621111
21870,4523097.16973333
21871,3882647.23160952
21872,4117292.27796667
21873,5068051.72486666
21874,4783239.46966667
21875,5016162.53146667
21876,3724869.45326667
21877,2442191.69947143
21878,4070813.09737143
21879,4277875.09952857
21880,3426194.59571111
21881,2377053.62260952
21882,3894316.43730953
21883,3689758.89773333
21884,4595739.9973
21885,4011348.7708
21886,4727687.73
21887,3970622.9937
21888,3245151.19064286
21889,4259687.9998
21890,4979307.54376666
21891,3698155.2372
21892,4660024.0602
21893,4353603.8685
21894,3799367.74764444
21895,4455686.83953333
21896,3806680.67151111
21897,4262305.4875
21898,4251103.90207778
21899,4348945.0784
21900,4722257.20313333
21901,4700956.49876667
21902,4815642.3019
21903,3970756.91674444
21904,4569582.63806667
21905,3666009.33293333
21906,4485351.23896667
21907,3827914.42503334
21908,4435350.5150873
21909,4297822.73246667
21910,4079293.63473333
21911,2941787.8308381
21912,3579661.68044286
21913,5319151.77173333
21914,3954030.172
21915,3316284.43206191
21916,5000485.62006667
21917,4895500.9656
21918,4646759.97562857
21919,4484080.5699
21920,4504913.86938571
21921,4034063.02666667
21922,4631868.75086667
21923,3143891.0773381
21924,4112763.5941
21925,4456965.21434444
21926,4567910.3116
21927,3867793.6051873
21928,4226595.84756667
21929,4412871.65231111
21930,4438082.5132
21931,4679893.60383333
21932,4769615.86825238
21933,4390449.23651905
21934,4500751.28876667
21935,4183492.83504286
21936,4893813.73505238
21937,4222833.85773333
21938,4630580.24486667
21939,3627750.61467143
21940,4251283.1214
21941,5199450.54473333
21942,3908676.8161
21943,4288298.28243333
21944,3370546.23302064
21945,4613447.24966349
21946,4083726.18233333
21947,4506174.18723333
21948,4699643.7407
21949,4144694.94756667
21950,3962755.51447143
21951,4466533.74033333
21952,4960632.79793333
21953,4917261.86973333
21954,3457521.79411429
21955,5035347.78163333
21956,5061857.59463333
21957,4946638.42736667
21958,5043547.9771
21959,4119246.31793333
21960,4649533.79147143
21961,4260293.7783
21962,4428107.12506667
21963,4266173.64696667
21964,5350083.66993333
21965,3558577.4534
21966,4481164.87981111
21967,3866236.0784
21968,4451703.36976667
21969,5245127.59353333
21970,5625932.96473333
21971,4365040.52596666
21972,3565586.15529524
21973,4876856.34806667
21974,4704968.1907
21975,4483681.6957
21976,2404193.29339048
21977,3510304.60087778
21978,4051312.04623333
21979,4681029.96203333
21980,3909274.55492381
21981,3950126.70828572
21982,4054999.03035873
21983,5023425.20963333
21984,4183024.17966667
21985,5336878.32843334
21986,4570815.41603333
21987,4195571.67233333
21988,4619192.20426667
21989,4312118.08622064
21990,3637969.63726667
21991,4395444.40545238
21992,4681866.69493333
21993,4147751.53753333
21994,4515810.27323333
21995,4312106.20937619
21996,6142493.72956667
21997,4575677.78726667
21998,4298533.6308
21999,3769564.1248
22000,4841005.0755
22001,5156619.0546
22002,5028939.69643333
22003,4461619.0469
22004,3932687.96636667
22005,5110297.50373333
22006,4487998.4019
22007,4449495.78483333
22008,4794590.52623333
22009,4242949.69663333
22010,4069443.54726191
22011,3807924.99479206
22012,4063331.82623333
22013,4918722.65164285
22014,4199872.69616667
22015,4536593.12826667
22016,5606672.6127
22017,3977307.27667619
22018,4965991.27646666
22019,3108160.02425873
22020,4068930.24233334
22021,5056538.4556
22022,4758744.74383333
22023,3937474.55882063
22024,3965240.29723333
22025,3446635.81066667
22026,4499457.35523333
22027,4308743.98532539
22028,4731339.784
22029,4126358.9879
22030,3765641.5388
22031,4808852.28461428
22032,4402336.32513333
22033,3619976.21396191
22034,4109316.06280952
22035,4769239.52616667
22036,4696501.50812381
22037,4330826.16906667
22038,5201884.4093
22039,4553736.68711905
22040,4731526.2902
22041,5034046.9691
22042,3913314.07763333
22043,5447551.09583334
22044,3635858.38891111
22045,4770650.56776667
22046,4927232.80256667
22047,3968842.73603334
22048,4467838.3615619
22049,5177501.47836667
22050,5040600.36486667
22051,3963582.2128
22052,4930388.70013333
22053,4366613.80513333
22054,4645204.999
22055,4520547.18116666
22056,4068785.77826667
22057,4916283.20476666
22058,3944327.28383492
22059,5253986.42433333
22060,5042584.0671
22061,4250329.08914762
22062,3239052.4269
22063,3916507.5742381
22064,4267485.9088
22065,4224501.45646667
22066,4040567.4303
22067,4358371.8487619
22068,4397712.22166667
22069,4722269.28666667
22070,3968329.59147778
22071,3606131.8699
22072,4819347.4939
22073,3826184.10396667
22074,4559464.7410619
22075,2817584.48
22076,4593416.9526
22077,4691633.17056667
22078,4463951.62164286
22079,4597105.67666666
22080,4033318.93337778
22081,3676730.56682381
22082,4217123.72769524
22083,4613337.0045
22084,3868367.42871428
22085,4230022.83676667
22086,3091546.3731
22087,4273093.01939048
22088,3936524.99574445
22089,3955025.54812619
22090,5211443.9274
22091,4414033.45539048
22092,5453713.57786667
22093,4830924.00773333
22094,4344961.94113334
22095,3923284.1508619
22096,4889541.5455
22097,2967722.53745397
22098,4785402.87523333
22099,4737768.4293
22100,4321844.94650953
22101,4981562.4943
22102,4377203.51543333
22103,3859283.65415238
22104,4590058.8234
22105,4746098.30823334
22106,3001793.03999524
22107,4068735.45316191
22108,4406093.69383333
22109,2577079.02354444
22110,2691502.80444286
22111,5059056.5924
22112,3479195.96106191
22113,4405813.9184
22114,3918577.75144445
22115,2856672.69736191
22116,4318193.42583333
22117,4123669.05077778
22118,4791387.0879
22119,3158988.28636667
22120,4466400.17276666
22121,3519555.94843334
22122,4765134.3277
22123,4676084.1593
22124,2910698.71170159
22125,4080848.2471
22126,3386362.22426667
22127,2515402.49860159
22128,4363463.25257143
22129,3543379.43097778
22130,5401627.15386666
22131,4172504.8551
22132,5080867.5075
22133,4941320.71536667
22134,3928667.68015714
22135,4958322.8241
22136,4204900.49313333
22137,5161787.4434
22138,4239365.0163
22139,2721605.56569683
22140,3560862.68993333
22141,5071298.3437
22142,4472477.8777381
22143,3942671.76446191
22144,4319665.87896667
22145,4615709.1233
22146,6180250.03311905
22147,3953063.02783334
22148,3273765.78676667
22149,4084085.16796191
22150,5212584.28212857
22151,4072013.8642619
22152,4166796.42917143
22153,4560156.6816
22154,3925508.3627
22155,4504937.08013333
22156,4030187.34352857
22157,3926082.59016667
22158,4213395.15961111
22159,4275790.3656
22160,4693568.36473333
22161,3272974.8618381
22162,4754768.45046667
22163,4682427.77413334
22164,4551442.587
22165,4906857.6976
22166,4562106.16483333
22167,5308352.3832
22168,3991368.76939683
22169,3872875.82913333
22170,4409475.11534286
22171,4359005.62423333
22172,3194898.4914873
22173,5389751.83103333
22174,4614318.51766666
22175,3803244.75373333
22176,3807784.56020635
22177,4254742.7468
22178,4906510.48106666
22179,4445850.91256666
22180,3888789.87741428
22181,4819519.57246666
22182,4160138.41823016
22183,4552714.76583333
22184,3817685.69125238
22185,3416679.03354762
22186,3804098.39073334
22187,3603861.63272381
22188,4433309.68196667
22189,4800471.34773333
22190,4705991.93204445
22191,4032562.38381111
22192,3349955.12916667
22193,4762615.44087143
22194,4705267.05593333
22195,4243105.03807619
22196,4666014.96519523
22197,4092187.89041111
22198,4946070.2048
22199,4162689.3379
22200,4464122.92746667
22201,4319923.10356666
22202,4718683.99903333
22203,4628720.85023333
22204,3798709.21131111
22205,3923203.04644444
22206,4489740.07893333
22207,4355385.38938571
22208,3921307.14842063
22209,4447164.37006667
22210,3507853.77167619
22211,4481383.07310952
22212,5487868.46321905
22213,4400990.97623333
22214,4240839.31662857
22215,4037681.61909524
22216,4294667.9888
22217,4996703.9837
22218,4762954.44991111
22219,3692426.63767778
22220,4066400.55416667
22221,4122613.30125238
22222,3712315.51974286
22223,4445306.55293333
22224,4577055.00953333
22225,5215157.24203333
22226,4541674.07256667
22227,5604620.955
22228,4937433.83340953
22229,5075574.71566667
22230,3677114.48586667
22231,4936320.09006667
22232,4891753.8155
22233,4609970.04376191
22234,4990909.24
22235,3965047.99076667
22236,4223073.33387302
22237,5005553.50386191
22238,4180307.90975
22239,4691077.2202
22240,3744522.0724
22241,4084804.24999524
22242,3969299.73434445
22243,4465935.73733333
22244,4102770.2044
22245,4981522.53486667
22246,3999523.98910952
22247,3245764.32146667
22248,4487511.1621
22249,4823990.32716667
22250,3971062.08101429
22251,5479780.37666667
22252,4373904.13273334
22253,4487963.5785619
22254,4683885.3377
22255,3508372.97742064
22256,3862164.05783333
22257,4658116.61074445
22258,4538045.6073
22259,5111458.50328571
22260,4426971.84987619
22261,4330108.4371
22262,3884230.21460952
22263,4449236.60987143
22264,4756604.95883333
22265,3376167.27522064
22266,4646414.13766667
22267,4739624.49123334
22268,4894849.7356
22269,4558961.16766667
22270,4187999.9370619
22271,4255273.75186667
22272,4824651.85040952
22273,4292474.6091
22274,4411249.2698
22275,5108682.6191
22276,3843310.36703016
22277,3793063.89866667
22278,3740689.70703333
22279,4675722.7657
22280,4936361.37016666
22281,3697040.05376667
22282,4832954.88206667
22283,4549900.47047619
22284,3715761.65877143
22285,4038074.4116
22286,3587172.03653334
22287,3442330.81300476
22288,3949838.0991
22289,4979226.59416666
22290,4633995.00074445
22291,5040582.734
22292,4026591.3499
22293,4441337.65803333
22294,4074301.1458
22295,4334429.74059524
22296,4899798.54583333
22297,5038692.61207619
22298,4369775.2063
22299,3358231.47492381
22300,4500942.52186667
22301,4146541.70117778
22302,4355739.6067
22303,4956132.14236667
22304,4407601.99963333
22305,3628060.71332063
22306,4826987.94556666
22307,3815821.16086667
22308,4084549.68162064
22309,4140565.57593334
22310,3281543.23564445
22311,4063555.03403334
22312,5265195.59283333
22313,4143210.14429524
22314,4462403.0219
22315,4143514.11792857
22316,3833862.03345714
22317,5263105.7993
22318,3974412.69033333
22319,3883134.97699048
22320,3916805.26923333
22321,3703348.13461429
22322,5000461.5549
22323,4879134.0955
22324,4286890.9309
22325,4683660.00566667
22326,4640955.82333333
22327,3684581.133
22328,3240732.67863333
22329,3680543.34367619
22330,4618396.05297778
22331,4271781.37665238
22332,4695174.15896667
22333,4880102.95286667
22334,4145682.9682
22335,4049786.06146666
22336,2926415.8059
22337,4579785.9043
22338,3797895.52949048
22339,5184662.34266667
22340,4973189.3131
22341,3982850.3895
22342,3885685.2094
22343,3590915.85627619
22344,4469598.57188572
22345,5195424.63426667
22346,4526645.66219524
22347,4819167.6956
22348,4469788.86703333
22349,3834285.72396666
22350,4034042.2892
22351,2405629.64782381
22352,5324156.52747778
22353,4234684.8575
22354,4656466.0134
22355,4368906.65153333
22356,4153277.38393333
22357,3284106.5957
22358,4534681.00083333
22359,4274163.0859
22360,4856953.7999
22361,3811022.83393333
22362,4655763.73583333
22363,4114108.473
22364,3892088.82553334
22365,2711382.80443809
22366,4006175.61393334
22367,4274623.47853333
22368,5212788.1867
22369,4531504.67314762
22370,3924780.61012381
22371,4637361.40363333
22372,4030448.20736191
22373,4196057.33794762
22374,4252292.9313
22375,4831416.05227143
22376,3357823.71168254
22377,3421778.4180381
22378,4378889.93853333
22379,4311257.57468333
22380,3256538.74800952
22381,3309739.3253873
22382,4106156.9041
22383,3620741.36372857
22384,4497770.46403333
22385,3818745.12323333
22386,4806847.39463333
22387,3768080.13536667
22388,3351857.56698572
22389,3617270.8148
22390,4682492.05346667
22391,4536901.2883
22392,4383924.26963333
22393,4187187.16703333
22394,4691946.62713333
22395,3596175.09759048
22396,4084622.711
22397,3457785.21816191
22398,4091848.59143333
22399,4171123.62993333
22400,4755000.06476667
22401,4816930.97816667
22402,4171011.49876667
22403,4480946.30202857
22404,4540228.84913333
22405,2886781.90226667
22406,3698424.4497
22407,3962424.01195714
22408,3703281.81226825
22409,4277107.1072
22410,4005185.14566667
22411,4010020.71383334
22412,4319138.17176667
22413,4903167.07556666
22414,3583070.29108095
22415,3975659.6877
22416,4307101.51197143
22417,3856515.17527778
22418,4239866.98121905
22419,3723949.43582857
22420,4510551.63441111
22421,4058477.38202857
22422,4184963.77163334
22423,4159708.2349
22424,4515051.49286667
22425,4668677.20943333
22426,4062629.06843334
22427,5429314.9096
22428,6152873.8281
22429,2748249.57450476
22430,4494628.77076667
22431,3954247.71072381
22432,4491513.6748
22433,4924058.943
22434,4701226.8579
22435,4449097.10716667
22436,4027389.2852
22437,4159560.6618
22438,4180861.2102
22439,4759123.81045238
22440,3901145.06376667
22441,4109591.71423333
22442,4694993.73476667
22443,4752877.59453333
22444,4181059.92079048
22445,5055703.30736666
22446,3694579.73393333
22447,4452648.1899
22448,4281057.7978
22449,4659485.53486666
22450,4332273.89381667
22451,3303313.18813968
22452,4332525.00386666
22453,4985649.9685
22454,4358392.75066667
22455,4628280.9669
22456,3713153.1998
22457,4863651.69983333
22458,4457686.80904762
22459,4375060.085
22460,4777189.9782
22461,4123912.4565
22462,4653416.40458571
22463,4161021.82216667
22464,4414636.82156667
22465,4644271.52079048
22466,3010279.7501381
22467,2685909.75652063
22468,4769885.4971
22469,4479568.79133333
22470,4587729.84596667
22471,4877158.83093333
22472,4483880.72253333
22473,4382523.0081
22474,4155576.69085
22475,5007156.56673333
22476,4488651.4758
22477,4707490.29845
22478,4966492.6152
22479,5115562.79423333
22480,4707772.28311905
22481,2774777.95360476
22482,3904278.5766
22483,4680628.82716667
22484,5014827.33813334
22485,4361882.01733333
22486,4119552.94603333
22487,4206580.2209
22488,4752530.70693333
22489,4796600.03008571
22490,5114782.47216666
22491,4564408.88543333
22492,4926661.89663334
22493,3354614.13652857
22494,4371533.13217619
22495,4152375.88906667
22496,4527692.46626667
22497,3512427.2462
22498,4177062.41793334
22499,3831802.12193333
22500,3815393.41137302
22501,4263660.63866667
22502,3205457.99232381
22503,4380220.91461429
22504,4476797.14646667
22505,5255186.66282857
22506,4199849.5339
22507,3838660.31917143
22508,6000607.79646667
22509,4151725.30196191
22510,3701632.75167619
22511,4156319.84175238
22512,4377220.0041
22513,4390439.3606
22514,4401132.32276667
22515,3937320.32722857
22516,4311230.93783333
22517,4465737.92853333
22518,4676184.83653333
22519,3829539.59127619
22520,4377029.73766667
22521,4444600.9114
22522,3418202.51808254
22523,4687404.23392857
22524,4839178.72356667
22525,3786127.31603333
22526,4932799.12503333
22527,4665517.02093333
22528,2925840.74514444
22529,4398169.8357
22530,4031862.8927619
22531,4524390.9864
22532,4558961.16766667
22533,3506951.5794
22534,3968329.59147778
22535,4563773.039
22536,4509359.2273
22537,4536727.13076667
22538,3349914.27624286
22539,4321246.45876667
22540,3709974.0108
22541,4958400.25316666
22542,3678519.5132
22543,4578500.82593333
22544,4716147.4165
22545,4157523.67366666
22546,4502552.77416667
22547,4199534.49216667
22548,2440346.55334286
22549,5151395.83933333
22550,4310112.4509
22551,4530033.66516667
22552,3615827.2251
22553,3787817.3485619
22554,3185596.25736667
22555,4550395.80866667
22556,3913043.24186667
22557,4139838.1664
22558,3992214.22349048
22559,4509755.2964
22560,3839457.00867778
22561,4562140.67523333
22562,4863930.8052
22563,3451820.74267778
22564,3866630.9513
22565,3602094.64867143
22566,4984821.85478571
22567,4442668.73526667
22568,3901892.70481429
22569,4342610.4688
22570,4336168.46433016
22571,4533664.3771
22572,5372198.47083334
22573,3389760.12717619
22574,3481247.06950952
22575,4812067.6155
22576,3236958.79235715
22577,4172274.65183333
22578,3998246.4708619
22579,3964753.10483334
22580,2512949.23540952
22581,4024432.5245619
22582,4153697.90696667
22583,4342825.94484762
22584,2146169.98859048
22585,4303722.58866667
22586,4605202.406
22587,4553815.81268095
22588,4490447.64771905
22589,4441897.60826667
22590,4005568.77933333
22591,4695118.22286667
22592,3881288.20923334
22593,4186499.5571
22594,3733433.58823333
22595,3805239.22701111
22596,4630246.81106667
22597,3885685.2094
22598,5166901.07523333
22599,4625249.98863334
22600,4344210.19599683
22601,4385424.57306667
22602,4230241.04062857
22603,4540372.9935
22604,4336797.23146666
22605,4237063.50603333
22606,4510273.9159
22607,3540660.71894286
22608,4928189.30466667
22609,4557817.84806666
22610,4573805.19016191
22611,3907844.43283334
22612,4794434.57828333
22613,3696981.45883333
22614,3187095.27036349
22615,4152248.83106667
22616,2958605.90145397
22617,4453370.5719
22618,4428217.25046667
22619,4567712.94586667
22620,3236204.65876667
22621,3235391.27979524
22622,3838029.65906667
22623,4289643.88657619
22624,5335978.0631
22625,3762878.96829524
22626,3911140.09313333
22627,4946635.48876667
22628,4874246.38453333
22629,4122998.51649524
22630,4506029.40803333
22631,2501640.82070953
22632,4312644.28853333
22633,4543666.0384
22634,3270123.37253809
22635,3162877.28996667
22636,4022706.49916667
22637,5849292.1708
22638,4615419.12644286
22639,4193052.44133333
22640,3966981.9687
22641,4711050.33706666
22642,4716494.94438571
22643,4149905.8318
22644,3764786.99147619
22645,4347245.561
22646,4223383.25459524
22647,4602456.28026667
22648,4436342.93573333
22649,4199851.8665
22650,4344090.17286667
22651,4403296.6909
22652,3967456.97951111
22653,4615887.63470952
22654,5107627.23633333
22655,4675599.7178
22656,5170808.16996666
22657,4387359.1671
22658,3478761.52256667
22659,4199598.5607
22660,4579074.86432857
22661,5088940.52633016
22662,4665476.50648572
22663,5296473.75856667
22664,4216754.7557
22665,5008208.34976667
22666,4495740.85353333
22667,4415330.2237
22668,4130945.19173492
22669,4708293.53566667
22670,4863623.98113334
22671,3080267.67694286
22672,4468867.68726667
22673,4320165.08713333
22674,3773594.31621429
22675,4203675.33654286
22676,5376292.57392856
22677,3579702.36312064
22678,3674310.54066667
22679,4467156.6358
22680,5145861.77683333
22681,3955901.92463333
22682,4072632.35334445
22683,4419041.82833333
22684,4229351.67116667
22685,5282488.0337
22686,3647658.61590476
22687,4771588.82293333
22688,4253039.35673333
22689,4998186.61176667
22690,4427901.62920476
22691,4004330.08731111
22692,4756080.17571905
22693,5159508.12753333
22694,4006641.11053334
22695,4658260.04133333
22696,4495013.47946667
22697,4589327.71023333
22698,4062063.80889524
22699,4184313.61643333
22700,4127404.13103334
22701,4282022.20904445
22702,4223427.54806666
22703,4339502.35135873
22704,4183652.3492
22705,4213562.48496667
22706,4457349.26623333
22707,4025487.63843333
22708,4717812.459
22709,4534757.75966667
22710,3306250.1983
22711,4336883.04553333
22712,4178942.38031905
22713,4081101.14103333
22714,4184739.26227302
22715,3862380.06060952
22716,5637018.54383333
22717,4835249.76462857
22718,4263142.9856
22719,4598857.68204285
22720,4120273.72717778
22721,4255299.4096
22722,3689851.65376667
22723,4923499.75596667
22724,2927122.37882064
22725,3939285.3718254
22726,4810457.161
22727,4357024.69839048
22728,4778566.38143334
22729,3977890.27511111
22730,4331449.84826666
22731,4437975.25623333
22732,4538199.89604286
22733,5253107.18493333
22734,3853027.03283333
22735,4161413.3233
22736,3380839.47465397
22737,3389590.88774762
22738,3220320.60664444
22739,4164055.68503809
22740,5144987.0567
22741,5450487.53331905
22742,3945943.09234445
22743,4577077.37565238
22744,4260412.12541429
22745,5364225.12336667
22746,4388677.86713333
22747,4231256.59608572
22748,4294045.11406667
22749,3519005.01209206
22750,4619862.7194619
22751,3834120.4598
22752,4517975.40861905
22753,4187562.83369524
22754,5408931.77476667
22755,3251723.90421429
22756,5014980.02040952
22757,3910601.01329524
22758,3761076.54614286
22759,3879639.2899
22760,4379603.67346666
22761,4329751.10696666
22762,5036262.15866666
22763,4167288.51849524
22764,3972708.3963
22765,3431949.8408
22766,5781028.16743334
22767,4230679.83541111
22768,3329431.4572
22769,3678768.49623334
22770,4098717.89563333
22771,4477246.84753333
22772,4130170.09392064
22773,4616192.82576667
22774,4233053.91383333
22775,4417677.3558
22776,4151950.85681111
22777,3627213.8225873
22778,4470774.16644444
22779,3797991.03444286
22780,4665649.81310476
22781,3796111.41146667
22782,5042856.11773333
22783,4399699.74266667
22784,4821086.51556667
22785,5203921.00813334
22786,3979595.76877143
22787,3909866.0406
22788,4677672.42276666
22789,5259958.0633
22790,4848565.58504286
22791,4653273.9627
22792,2569295.81760952
22793,4577975.50784285
22794,3346152.68444286
22795,4625493.95263333
22796,3729435.09066667
22797,3901242.93376667
22798,4805414.1849
22799,4428440.85
22800,4942761.54446667
22801,4310135.45476667
22802,5571847.85768333
22803,2865885.82123333
22804,3621584.7387
22805,5048948.50146667
22806,3937141.62356667
22807,5198994.80416667
22808,4450783.43926667
22809,4346191.98563333
22810,3661710.06323334
22811,4215150.08343334
22812,4395999.52486667
22813,4650806.0122
22814,3443269.93894445
22815,2668194.14874286
22816,4443224.65136667
22817,4275293.8413
22818,4383146.55966667
22819,4708512.7307
22820,4967639.43353334
22821,3829680.43283333
22822,3023461.93664921
22823,3869055.82343333
22824,3427472.87437619
22825,4049747.31736667
22826,4133602.85366667
22827,4307103.65386667
22828,4138634.72021111
22829,3982418.71246191
22830,2440346.55334286
22831,3845923.47486667
22832,4053497.69503333
22833,3828127.84789048
22834,4132086.9689
22835,4310359.41583333
22836,4579911.70863333
22837,4191926.2882
22838,4090721.03576667
22839,3762082.80904444
22840,3326746.79695397
22841,5337603.48238572
22842,4594647.91926667
22843,3275705.79939048
22844,4896642.2606
22845,5052233.11646666
22846,4662436.68466667
22847,4702565.56833334
22848,3487731.48173333
22849,4493504.70291111
22850,4478327.47538095
22851,4321292.17226667
22852,4668465.01593334
22853,4604641.85437619
22854,4253675.77292857
22855,3714104.13953333
22856,3846358.84674445
22857,4003603.27156667
22858,4424557.485
22859,3888634.2193
22860,3761689.95906667
22861,4369275.53552857
22862,4288130.74303334
22863,4782856.97493333
22864,4661825.07529524
22865,3625001.94133333
22866,4750048.59373333
22867,4436971.9958
22868,4796878.88354285
22869,4299939.52057778
22870,3795994.94486667
22871,4744190.25393334
22872,4657631.61631111
22873,3790058.5858
22874,4558783.83812381
22875,3963740.18520476
22876,3651359.42326667
22877,3418818.27923492
22878,3230866.79116191
22879,5015752.6245
22880,4376411.46604445
22881,4376289.5981
22882,3952853.78443333
22883,4467535.26333333
22884,4373362.27793333
22885,4359361.99722381
22886,4473727.6149
22887,3573853.22617778
22888,4600991.50733333
22889,4714383.6572
22890,3955890.2848
22891,3815287.44376667
22892,4827861.20113333
22893,4996744.53665238
22894,4133977.03136667
22895,3985168.63176667
22896,4766678.80673334
22897,4163494.38573333
22898,3495275.02494286
22899,5251220.92521111
22900,5310024.98380001
22901,3460686.47117778
22902,4394314.23233016
22903,3999585.73407143
22904,3795449.96840952
22905,4580551.68773333
22906,4136570.4561
22907,3560991.25704286
22908,3904144.1623
22909,4551279.3456
22910,4287495.6049
22911,4277057.15733334
22912,3847301.66093333
22913,4250538.22726667
22914,4686722.89324762
22915,4045499.3831
22916,3906637.006
22917,4570680.2631
22918,4681128.49553333
22919,4760306.93613333
22920,4518941.71489048
22921,4367779.12523333
22922,5106115.54791905
22923,4282106.13726667
22924,4806069.6016
22925,4945613.89063333
22926,4240887.7878
22927,4043884.2805
22928,4758334.99806667
22929,4237489.3391
22930,3647802.96115714
22931,4146699.5973
22932,4303855.6064
22933,4561805.9677
22934,3618366.29430952
22935,3670152.71483334
22936,4079156.92043333
22937,3360270.03149524
22938,4030771.2182
22939,4291527.04295714
22940,4937660.22526666
22941,4615435.31316666
22942,4327266.29173333
22943,5022909.4684
22944,4892440.10896667
22945,4488299.2338
22946,4113773.04500476
22947,4859330.50813333
22948,5530031.12843333
22949,4952036.88963333
22950,3776658.23327778
22951,3652939.14896667
22952,3704722.31520635
22953,5111022.1399
22954,3671467.82056667
22955,4191336.6191
22956,4013404.86471905
22957,4212112.87306667
22958,4539246.2293
22959,4896482.6703
22960,4055889.43938571
22961,4001419.31913333
22962,2934231.00780952
22963,3227680.56819524
22964,4227526.79977778
22965,3375074.67191429
22966,4860555.72233333
22967,4981597.9683
22968,4505354.11163333
22969,4548447.00096666
22970,4843304.4984
22971,4246972.09704921
22972,5009788.9963
22973,4711915.1712
22974,5139854.10936667
22975,4333373.34547778
22976,4276779.7559619
22977,3830946.15113334
22978,3953404.92306666
22979,4431149.65061429
22980,4159576.17050952
22981,3791259.27223333
22982,4243731.43355238
22983,3124757.68993333
22984,4055844.10606667
22985,4704225.5113619
22986,4431855.35273333
22987,4311548.00965952
22988,2873508.95896667
22989,4342811.91543333
22990,3792118.2809
22991,4581867.17603333
22992,4673894.899
22993,4640936.5149
22994,4176383.7141
22995,4538690.80203333
22996,4126519.20561666
22997,4077583.13210952
22998,4403084.64629048
22999,3382926.81698096
23000,3598412.02046667
23001,3902580.95204444
23002,3045504.24033809
23003,4725634.11875238
23004,4996579.09206667
23005,3691638.77106667
23006,2575527.97927778
23007,4506012.4345
23008,5161639.50883333
23009,3556564.67281905
23010,5048286.87378572
23011,5045017.5839
23012,4151376.23056667
23013,3886041.31344444
23014,4198042.3058873
23015,4842628.56683333
23016,4539977.7888
23017,4933777.51873333
23018,5276303.13916667
23019,4522476.5937
23020,3328944.05733333
23021,4262391.44493333
23022,3665122.67236667
23023,4524687.52761111
23024,3565447.58886667
23025,4954875.53736667
23026,3989093.60149048
23027,4566202.93453333
23028,3765618.4893
23029,4302884.9895
23030,4195196.95313333
23031,5000827.81860476
23032,3049147.7869381
23033,3416522.43917619
23034,4467724.5345
23035,4139470.5269
23036,4241987.52439524
23037,4696523.42826667
23038,4332208.49638095
23039,5045006.92233333
23040,4628653.0376
23041,4708130.72907778
23042,4226205.86004444
23043,3469235.481
23044,4427921.22113333
23045,3644867.1876
23046,4107976.79283334
23047,4951423.32243333
23048,4416270.02826667
23049,3442168.2375381
23050,4644706.56556191
23051,3332856.7914
23052,4341976.27593333
23053,4067336.45899048
23054,5727176.48553333
23055,4170587.14273334
23056,4516748.24016667
23057,2623958.03869683
23058,4364826.98126667
23059,4548684.5785
23060,4499843.39775952
23061,4149962.0817
23062,3477242.18405238
23063,5827474.33683334
23064,3703252.25616667
23065,4015810.70316667
23066,4471863.41893333
23067,4376229.2171
23068,4193496.45991667
23069,4478515.2515
23070,3241767.71107619
23071,3963382.74763333
23072,5058143.9828
23073,3995454.76590159
23074,3564420.13455397
23075,3718612.47508572
23076,4559453.47253334
23077,4573873.8088
23078,5090285.34886666
23079,4286800.60806667
23080,4356450.95886667
23081,4050412.60102857
23082,4678402.05054286
23083,5301653.71533334
23084,4204844.83303333
23085,3731133.42519524
23086,4330146.25881111
23087,5324670.00266667
23088,4181609.22133333
23089,5010805.84646667
23090,4957779.76246667
23091,4631971.55206667
23092,4333071.83183333
23093,3708243.5182
23094,4690698.85675
23095,4250234.51187302
23096,3952320.22397778
23097,3933035.4297
23098,3805601.43292857
23099,3178744.76481429
23100,4014070.2146
23101,3668091.32723333
23102,4756095.50166667
23103,4797404.8324
23104,4219366.57731111
23105,4830967.103
23106,4722565.10263333
23107,3631415.01684286
23108,4628947.06552381
23109,5334481.32936666
23110,5055440.85703333
23111,4799000.86093333
23112,4471312.90273333
23113,4181369.64652857
23114,4803489.34275238
23115,4430065.1045
23116,4670779.92953333
23117,4054362.47242857
23118,4075662.48074286
23119,3571561.47028095
23120,4098845.60433333
23121,4485281.1294
23122,4227824.76276667
23123,4664331.55233333
23124,5450051.9617
23125,4618290.4987
23126,4185968.87186667
23127,4023619.79776667
23128,4347061.8676
23129,5797505.74782857
23130,3963343.2794
23131,5071282.56643333
23132,4794129.63156191
23133,3926182.79569048
23134,4557868.88576666
23135,3916073.02543333
23136,3672296.37643333
23137,4221255.96826666
23138,3564626.69323333
23139,3941379.5556619
23140,4147494.30963334
23141,4831892.20216667
23142,3920068.20597778
23143,4486367.1532
23144,4857778.2772
23145,4243173.72953333
23146,3991672.76276667
23147,4644867.5831
23148,4736816.45103333
23149,4835249.76462857
23150,4331790.88856667
23151,4340869.2816
23152,3760170.00803333
23153,4396740.5933
23154,4095576.68706667
23155,4851840.07086667
23156,4511385.7574381
23157,4319558.999
23158,2821471.40314285
23159,5811218.29083333
23160,4407493.9725
23161,3675098.97223333
23162,3424951.02609524
23163,4437477.28111111
23164,3926736.12537143
23165,5544423.22855238
23166,4965504.3262
23167,5058666.9675
23168,4837685.07253333
23169,3388106.77443333
23170,4618960.75496666
23171,4587219.9652
23172,3989833.15244921
23173,4588180.9186619
23174,4559071.0584
23175,4225398.72453334
23176,3983566.84147143
23177,3918006.7171
23178,4631917.8301
23179,3907306.05461111
23180,4128584.02903333
23181,4182343.02923333
23182,4512388.73035238
23183,4605737.0693
23184,4780873.90116666
23185,4084262.4091
23186,4353300.2765
23187,5176490.63213333
23188,4367140.19033334
23189,5203476.85416667
23190,4278885.71044445
23191,4637984.64003333
23192,4436409.68171111
23193,4519102.88899524
23194,4026553.49024524
23195,3920561.51984921
23196,3449466.79524286
23197,4247272.2533
23198,5794183.64613333
23199,4970760.24233333
23200,3398833.75012857
23201,3598299.77687143
23202,5116164.32299524
23203,3582167.315
23204,3236835.17391429
23205,4352838.5259
23206,4262470.61683333
23207,3740900.97783333
23208,3925574.06346667
23209,5085218.84306667
23210,3804628.73313334
23211,4131276.95167619
23212,3620182.03003334
23213,4557385.7897
23214,4346040.75393333
23215,4400023.86843333
23216,3848175.83727778
23217,4399427.14066667
23218,4398145.27226667
23219,4668238.28682857
23220,3473818.58237619
23221,4043041.9379
23222,4951470.08243333
23223,4403608.1974
23224,3843540.24768096
23225,4587819.00771905
23226,4696973.20841111
23227,4959072.188
23228,4191607.9135
23229,4901727.08073333
23230,3930398.88214445
23231,4055571.7829
23232,4341033.3285
23233,4154043.56597778
23234,4772959.48373334
23235,3740227.98724286
23236,4382782.45396191
23237,2830865.35393809
23238,4648417.7709
23239,4484584.55693334
23240,4331479.52436825
23241,4241744.36073333
23242,5107315.05306666
23243,3115653.38694762
23244,3105042.6915254
23245,4826310.32536667
23246,4420187.4193
23247,4342732.9967
23248,4476218.8241
23249,3967133.71493333
23250,5090747.93086666
23251,4970989.8349
23252,4460147.4056
23253,4408498.32666667
23254,3831616.3284
23255,4374923.48416667
23256,5061183.23206666
23257,4142880.7388
23258,4012468.12596667
23259,5048940.37594762
23260,4391691.20813333
23261,4282047.3761
23262,4539092.2414
23263,5493064.62606667
23264,3005603.29697143
23265,4149505.06129524
23266,4514297.56616667
23267,4073583.2519
23268,3679625.26114286
23269,4921136.5058
23270,3938182.8106
23271,3305296.48476667
23272,4102268.35246667
23273,4610547.6665
23274,4050335.08146191
23275,3390278.63534286
23276,5001403.83427778
23277,4399314.06643333
23278,4674349.02986667
23279,3777749.3610381
23280,4007539.8903
23281,4256478.9119
23282,4911491.3862
23283,3524470.0331
23284,3944377.0077
23285,4518717.4523
23286,4141027.5525
23287,3295739.58392381
23288,4300674.41896667
23289,3401878.88223333
23290,4175700.43049524
23291,3989476.6351
23292,3923279.2209
23293,4642233.16289048
23294,5442962.37686667
23295,4005968.78013333
23296,5472341.46576666
23297,4072293.36773334
23298,5203069.26433333
23299,5189441.99966667
23300,4162768.69903334
23301,4900169.69466667
23302,5133020.67425714
23303,4339890.87436667
23304,4552544.42491905
23305,4855918.3989
23306,3694250.28660476
23307,3931995.58242381
23308,3631907.18575714
23309,4534576.6522
23310,4427747.06710476
23311,4192707.33243333
23312,4492686.79153333
23313,3928860.79833333
23314,3229701.63104286
23315,4952151.49753333
23316,4402109.67093333
23317,5408246.8656
23318,4866330.97333333
23319,4070478.76786666
23320,4256383.22066667
23321,4327963.5997381
23322,4472242.2059
23323,3650997.72353333
23324,4723300.48856666
23325,4760776.03536667
23326,3721810.3479
23327,4682108.279
23328,4420313.51342381
23329,4322554.26553333
23330,4571543.62861667
23331,4358182.91016667
23332,3310784.1829
23333,4603594.3502
23334,3367027.9508
23335,4717388.77556667
23336,4237415.17245714
23337,5136355.5648
23338,4711853.93083333
23339,5046274.22426667
23340,4332625.7159
23341,4264024.04305714
23342,4847141.99963333
23343,3929372.7101
23344,4934256.36467143
23345,4515703.569
23346,4735695.8102
23347,4152145.24223333
23348,4272574.3348
23349,5187201.27596667
23350,3527689.80427778
23351,4734506.3225
23352,4514930.49193334
23353,3851339.3037
23354,4745372.18513333
23355,3769320.99366667
23356,3539870.70090953
23357,3342572.17676667
23358,4493649.1083
23359,4160929.97263333
23360,3590787.6960619
23361,2855201.70794286
23362,3212423.3248619
23363,3787875.16027619
23364,4277126.23573333
23365,3016765.01566667
23366,3631513.36814444
23367,3884838.87307302
23368,4029890.01904286
23369,3835318.08173333
23370,5188342.83336667
23371,3939720.76836667
23372,4685404.45673333
23373,5449859.43823333
23374,4104275.52074444
23375,4431855.35273333
23376,4220554.3723
23377,3359289.26487619
23378,4736721.34093333
23379,5305948.40206667
23380,3733205.22582064
23381,4364780.9345
23382,4215583.55592619
23383,4143098.54726667
23384,4172216.35326667
23385,2697904.67093334
23386,4344391.01903333
23387,3654585.9001
23388,5195564.50563333
23389,3806744.11235715
23390,4617269.1229
23391,3853797.5835
23392,4200892.47236667
23393,3740412.11673333
23394,4759473.60903333
23395,3329951.76006667
23396,4154977.78586667
23397,3900052.61854445
23398,4774519.58149048
23399,4515170.28471429
23400,5039165.94141904
23401,3874731.78216667
23402,4383347.2122
23403,4609529.15615714
23404,3620608.63729524
23405,4319508.47136667
23406,4682142.40686667
23407,5335978.0631
23408,5037862.0269
23409,5003244.28953333
23410,4633308.48413333
23411,4972492.67396667
23412,3805662.11637778
23413,4204835.5741
23414,5324199.50386667
23415,4830110.66986667
23416,3990194.27786667
23417,5677100.38047778
23418,3624684.09393333
23419,4225357.2686
23420,3712401.1466619
23421,4399395.79164445
23422,4425358.81466667
23423,4768610.0692
23424,4406041.4427
23425,4776008.62907778
23426,4207463.92868571
23427,3917283.8573
23428,4488633.25160476
23429,3935577.28366667
23430,4402752.46963333
23431,3644088.78621429
23432,4659714.03116667
23433,5111487.43806666
23434,2505465.26935397
23435,4456532.96816191
23436,4439327.55193333
23437,4721190.59723968
23438,4761877.75206667
23439,4287829.8515
23440,3973608.23843334
23441,4253811.77386667
23442,5029762.7646
23443,4088837.73396667
23444,3682829.75399524
23445,4587091.48559048
23446,5087942.10093333
23447,4440126.39500952
23448,5063521.23096667
23449,4729735.84676667
23450,4258530.91873333
23451,3979847.36371111
23452,3824833.80951111
23453,4108830.52941429
23454,5582448.51646667
23455,4219336.01566667
23456,3846487.7911
23457,4899376.54926667
23458,4240177.969
23459,3536592.65446667
23460,4125351.28897143
23461,4587796.46926667
23462,3704376.5067
23463,4741576.84913333
23464,3923508.94868096
23465,5293557.159
23466,4210268.89336667
23467,3362490.1604
23468,3786232.49332858
23469,4258110.83706667
23470,4084915.07767619
23471,5419447.3984
23472,4007228.31961428
23473,3872121.27583333
23474,3680174.24254286
23475,5466245.73696667
23476,4548354.16973333
23477,4487933.74056667
23478,4323243.4533
23479,3811640.6927
23480,3531301.12376667
23481,3718317.6164
23482,3734516.38421587
23483,4515486.75344286
23484,4601037.46680001
23485,4115502.3029
23486,4589629.42922857
23487,4532360.70206667
23488,4250671.9748
23489,4249004.4078
23490,3847309.88973333
23491,4824292.5353
23492,3754084.9465
23493,4107936.64987143
23494,5002916.8103
23495,4193806.49156667
23496,4392052.34913333
23497,4543185.86761429
23498,4083451.3187
23499,4145448.7925
23500,4885450.73251904
23501,4341310.47216666
23502,4355626.65413333
23503,3313804.68311111
23504,4221945.4513
23505,3995100.88060953
23506,5057269.6832
23507,4686294.29900952
23508,5195979.25806666
23509,4144884.38167143
23510,4079548.76421111
23511,4391465.81623333
23512,4310146.20856666
23513,4735773.2283
23514,4393023.89316666
23515,4579515.58676667
23516,4360517.1317
23517,3703252.25616667
23518,4264602.044
23519,4702805.92576667
23520,4351497.8476
23521,4588230.7515
23522,5129051.09376667
23523,4250352.0683
23524,5933890.78206667
23525,4323252.975
23526,4339176.04901429
23527,4636776.46903333
23528,5155677.6574
23529,3971810.4114
23530,4283574.94746667
23531,4747150.78506667
23532,2964269.99434445
23533,3501049.58335397
23534,4214955.41863333
23535,5332177.00776667
23536,4035718.6905
23537,4928467.90215238
23538,3687860.66156667
23539,4402627.5524
23540,4663785.46383333
23541,5698820.67776666
23542,4728420.68883333
23543,3289836.65013334
23544,5229436.23946666
23545,3139148.0214
23546,3861539.52720952
23547,4851812.16555952
23548,3832302.91909524
23549,3782951.5738
23550,2684554.28216667
23551,4977000.13163333
23552,5002797.69113333
23553,4902428.596
23554,3977092.49815714
23555,5182076.78166667
23556,4107481.65703333
23557,4650494.0232
23558,4566737.08166667
23559,3544743.0128
23560,4268444.12181111
23561,4148123.0245
23562,4894864.16773333
23563,4343340.16016667
23564,4166806.76372381
23565,3137758.3639381
23566,4604375.5426
23567,4927135.50016666
23568,5645555.33086667
23569,4749402.56013333
23570,4222763.141
23571,5071264.6819
23572,4358603.40454285
23573,4803584.81033333
23574,4664179.3793
23575,4903128.47543333
23576,4980407.70406667
23577,4578988.04586667
23578,4926470.97093333
23579,4692273.1617
23580,4501621.10086667
23581,4064627.61143333
23582,4920397.1277
23583,4356837.61916667
23584,3813568.18369048
23585,4759788.66583334
23586,4412510.82848571
23587,4023762.6113
23588,4018370.1089
23589,4381540.8872
23590,3331625.66335397
23591,4238925.29153333
23592,4055919.34177778
23593,3964077.38067619
23594,3145505.31613333
23595,5112314.04416666
23596,4968606.2827
23597,4640471.1244
23598,3801814.16373334
23599,3647121.76000476
23600,3210537.49864921
23601,3675669.3215
23602,3685628.68243334
23603,4789816.78753333
23604,4331627.93063334
23605,4232237.65841905
23606,4604585.77616667
23607,3877394.91217778
23608,4646907.70023333
23609,4449796.4409
23610,5233281.90219524
23611,4387464.10503333
23612,4878276.92423333
23613,4251068.04629524
23614,5745967.86975238
23615,5257369.55873334
23616,5071486.14176667
23617,3939047.89006667
23618,5780356.4401
23619,4450452.1302
23620,3310903.13150952
23621,4458141.84473333
23622,3610651.18624762
23623,4504798.31956667
23624,4151342.46206667
23625,3967517.09873334
23626,4930002.11513333
23627,4931825.50586666
23628,4810169.71233333
23629,4438490.3872
23630,4323562.66843333
23631,4079864.04081667
23632,4278277.48013334
23633,5410149.58896667
23634,4672973.39589524
23635,4641526.1618
23636,4304567.07631428
23637,4233456.60799524
23638,4422200.16408571
23639,4254447.44245238
23640,4066323.28377778
23641,4837524.16943333
23642,4426836.798
23643,4963900.85639524
23644,4383193.07021905
23645,3993894.25477143
23646,3955738.914
23647,3943186.75166191
23648,3862092.73383334
23649,3903209.09213333
23650,5384472.68666667
23651,3646519.9682
23652,4503910.00198571
23653,4931018.6514
23654,4304471.3059
23655,3326218.22680476
23656,5064693.06733334
23657,5457743.87743334
23658,3994013.655
23659,3917985.30106666
23660,4869520.2849
23661,4687127.69156667
23662,4984549.8093
23663,5383573.78723333
23664,3508310.24513333
23665,5021130.36215238
23666,4141189.40066667
23667,4933379.94876667
23668,4698123.4803
23669,5635537.65306667
23670,4167676.18346667
23671,4672975.40446667
23672,4506987.58487778
23673,4765240.68623333
23674,4147414.72416667
23675,4565907.18686667
23676,3823316.63456667
23677,4211458.2804
23678,3301791.36952064
23679,5153644.57821905
23680,4547147.00883333
23681,4382687.51597619
23682,5937441.69596667
23683,4427761.306
23684,4424584.09666667
23685,5141234.83833333
23686,4311829.0679
23687,4672249.09506666
23688,4227971.76516667
23689,4291874.98776667
23690,4318304.28676667
23691,3842881.45674444
23692,5159624.38506667
23693,4608905.1738619
23694,5304485.66702381
23695,3164500.1489
23696,5146616.58173334
23697,4391573.88214444
23698,4545939.85255714
23699,3976310.7524
23700,4566021.34882778
23701,3810740.97253333
23702,4085645.93914445
23703,3993684.6704
23704,4265689.87016666
23705,4550673.78763333
23706,4890339.08503333
23707,4652221.38433333
23708,4536649.75163333
23709,4022196.50366667
23710,4478449.10280635
23711,4192759.89493333
23712,3821006.46486667
23713,3621264.40086667
23714,3821683.33416667
23715,4764751.3557
23716,4267733.86894445
23717,5039853.23073333
23718,5010465.8014
23719,4642650.2066
23720,4768082.90816667
23721,4151183.96433333
23722,3170335.95400952
23723,4688138.37286667
23724,4714692.48153333
23725,3579223.5136
23726,4724191.97966667
23727,3723949.43582857
23728,5415168.15531111
23729,3513776.6884619
23730,2764901.36763333
23731,4301147.95626667
23732,4478136.25917619
23733,4279484.48306667
23734,4690218.46676667
23735,4158318.78325
23736,3938271.2509
23737,4495443.73213333
23738,4100410.01117619
23739,3317533.42034762
23740,4183559.56633333
23741,3725617.38113333
23742,4651803.92123334
23743,4126560.24893333
23744,4777787.23396667
23745,4543483.8845
23746,3159736.58254286
23747,4300603.90876667
23748,4636945.21346667
23749,5249641.25911905
23750,3664434.65416667
23751,3776917.52929524
23752,4402615.52594762
23753,3764526.0207
23754,4568290.21343333
23755,4201409.76505
23756,4794334.19023333
23757,4704658.6089
23758,4760141.27796667
23759,4260396.70516667
23760,4917895.90363016
23761,4052984.35566667
23762,4630644.30423333
23763,4330448.6596
23764,4154788.07460477
23765,4932248.73876667
23766,4062817.64196666
23767,4006789.8477
23768,4402319.2313
23769,4341334.43206667
23770,3760585.27246667
23771,4139159.92556191
23772,4431548.05283333
23773,4620644.10812857
23774,4421662.21183333
23775,3633793.70839048
23776,3526756.42635714
23777,3622075.58112064
23778,4694429.8669
23779,4345123.25526667
23780,4192923.18793334
23781,4302841.65878095
23782,4519146.9046
23783,4470572.45716667
23784,4862124.4085619
23785,4435313.81079524
23786,4276062.17519048
23787,5007705.1498
23788,4222353.6304
23789,4759583.67063333
23790,5109999.98206667
23791,4561032.3798
23792,3940644.99957778
23793,4322615.8529
23794,3830396.98183333
23795,4540484.02326667
23796,3873511.50697778
23797,4263090.5665
23798,4758830.2049
23799,5142497.71456667
23800,4955917.9687
23801,4597442.39176667
23802,4707209.24093333
23803,4027047.32876667
23804,4233321.6200619
23805,3743552.21873333
23806,4750871.33516667
23807,4468709.2747
23808,3845505.90581587
23809,4050418.33973334
23810,4194209.74994444
23811,2764901.36763333
23812,3333455.22996667
23813,5107204.59273334
23814,3749476.07436667
23815,4661288.73553333
23816,4285423.38243333
23817,5297130.1385
23818,5055096.6292
23819,4336345.7413
23820,4272134.70113333
23821,4418535.7057
23822,4367355.8282
23823,4947173.7772
23824,4354523.66526667
23825,4592139.56823333
23826,5033058.0125
23827,4117228.18868571
23828,5196521.1692
23829,4840891.87319524
23830,5319151.77173333
23831,4871823.5932
23832,4902373.26446667
23833,3942360.7324
23834,3717299.88393333
23835,3916258.85490952
23836,4648411.65141429
23837,4843278.01683333
23838,4629789.86583333
23839,3127582.97196667
23840,3687195.08070635
23841,4401544.7157
23842,3956719.05616667
23843,4300170.32643334
23844,5130124.39526667
23845,3896286.29654921
23846,4764303.08053333
23847,3853995.22520952
23848,4611199.99566667
23849,5127848.79651428
23850,5413895.07183333
23851,4473356.78963333
23852,4074600.81006667
23853,4237779.01353333
23854,4934643.51946666
23855,4820701.87383334
23856,4418531.99886667
23857,4706896.73103333
23858,4210652.395
23859,3988994.06441428
23860,4625798.18426666
23861,4059295.19322381
23862,4337839.79286666
23863,3723267.67476667
23864,3749084.43146667
23865,4412370.23106667
23866,4064486.82126191
23867,3074494.06511111
23868,4178811.61134286
23869,5345373.8405619
23870,3163876.7364
23871,4681741.6059
23872,2273254.04253492
23873,4501942.77754286
23874,4815195.3993
23875,4416199.53569047
23876,4367138.0355
23877,3681367.6165
23878,4339484.85982619
23879,4128294.6419
23880,4366156.17659524
23881,4821985.55774286
23882,4017934.92826667
23883,4910493.13691111
23884,3869887.27715715
23885,4732723.83366667
23886,4046991.3351
23887,4013413.53837619
23888,4495633.09753333
23889,4923643.2993
23890,3918451.83616667
23891,4495162.76786667
23892,5033737.83381587
23893,4475096.18746667
23894,4386606.94433333
23895,4360793.4706
23896,4407358.25219524
23897,4193739.21321111
23898,4780918.07519524
23899,4361074.3093
23900,4468117.52099524
23901,4144198.86942857
23902,3991993.07955238
23903,4755386.63572857
23904,4780331.04616666
23905,4867799.1116
23906,3481080.8801
23907,4291019.41001111
23908,4803877.61036667
23909,3501074.9225
23910,5072221.36595238
23911,4212307.6413
23912,3628170.84253334
23913,4059138.8935
23914,4178836.3193
23915,3933403.2002
23916,4080889.64113333
23917,4269238.68263333
23918,4488657.25026667
23919,3799511.16703333
23920,4662723.90933333
23921,5451522.39466667
23922,4167374.11216667
23923,3791867.82663333
23924,4099630.5953
23925,3579539.96684286
23926,4738550.40163333
23927,4545778.85469524
23928,4589992.59804445
23929,4979491.44133333
23930,4430448.47779524
23931,4558121.4287
23932,3963694.29066667
23933,4008394.6412
23934,2969675.2877
23935,4285499.48119048
23936,4481253.3393
23937,4408505.18555239
23938,4843751.62085238
23939,3147165.77484286
23940,4303756.29833333
23941,3700534.511
23942,4668926.59866349
23943,2710724.30174762
23944,4169528.19516667
23945,4197226.22291905
23946,4681187.53579048
23947,5004438.05329524
23948,4144896.64853333
23949,4615474.2927
23950,4635526.44146667
23951,4261835.45221111
23952,4185832.06594285
23953,4434984.0152619
23954,4794816.56791905
23955,3877308.04648095
23956,4017567.60996667
23957,3505193.1717
23958,4295640.0148
23959,4329607.7989
23960,4593119.72376667
23961,3860494.02996667
23962,5204098.15741904
23963,4073349.09346667
23964,4340135.3003
23965,3481212.97904286
23966,4856558.1714
23967,4327578.65170476
23968,4456986.3374
23969,4496951.66183334
23970,3481727.70417619
23971,4501988.30746666
23972,3120075.43716191
23973,4796210.46863333
23974,3158338.5590873
23975,4820146.3979
23976,4507644.15606667
23977,4790662.27043334
23978,4261801.31953333
23979,4798598.37736667
23980,4901674.13473333
23981,4624292.9385
23982,3626022.59819048
23983,4213322.12596666
23984,4180239.27783333
23985,3875129.6503
23986,4271727.31201111
23987,5218355.55843334
23988,2572015.53987143
23989,3705966.80283334
23990,5180705.7897
23991,4576737.99476667
23992,4729951.38084444
23993,3541197.75092857
23994,3869717.38506667
23995,4731740.13829524
23996,4260110.90763333
23997,4376415.8916
23998,4970602.36964286
23999,3744378.27947619
24000,3229209.73164286
24001,4563645.82906667
24002,4252554.9787
24003,4697558.67913333
24004,4023036.67436667
24005,4608130.28353333
24006,4034069.12853809
24007,4019265.54665238
24008,2699488.92684286
24009,4550567.51643333
24010,5017178.10356666
24011,4207831.0067
24012,3202687.20753333
24013,4217650.83523333
24014,4177217.6481
24015,4594801.10553333
24016,3704219.35701111
24017,4024435.99883333
24018,5839512.65166666
24019,4691034.49279524
24020,4280068.61942857
24021,3520513.52743334
24022,3705536.0067
24023,4883259.992
24024,4207402.48983333
24025,3537380.311
24026,3188828.83432381
24027,4641840.72773333
24028,4427932.5625
24029,2645511.84935397
24030,3438068.5006
24031,3255962.1653873
24032,4833791.88156667
24033,3581818.16357143
24034,4447048.70752857
24035,4159444.0697
24036,4659562.81786666
24037,4292272.26186667
24038,4488277.14869048
24039,5045709.3396
24040,5173093.30973333
24041,3900997.36803333
24042,3750126.27376667
24043,4818707.56429999
24044,4657286.19716667
24045,4536649.75163333
24046,3333996.69090953
24047,4273813.5577
24048,3394309.32909524
24049,3763105.94721111
24050,4890140.9746
24051,4874858.54223333
24052,4836147.7362
24053,4223654.56446667
24054,3891249.09161905
24055,5124503.63053333
24056,4650367.9948
24057,3570542.34704286
24058,4979582.71575
24059,5631428.01791904
24060,4748605.1694
24061,3602082.3164
24062,4564926.08516667
24063,3912888.0982
24064,4349253.23276666
24065,3206333.46803968
24066,4025564.41237619
24067,4587729.85738095
24068,4334075.96726667
24069,5141424.26869524
24070,4252554.9787
24071,3910482.79453333
24072,3700840.38593333
24073,4506377.31943333
24074,4290679.40026667
24075,4081471.66312857
24076,4418924.28290952
24077,4158068.76156666
24078,4130649.57092857
24079,4581596.49973333
24080,4515123.43006667
24081,3873594.13825238
24082,3867849.08099048
24083,4277062.51975714
24084,2909580.90556667
24085,4407083.85525238
24086,3296148.48382381
24087,5259407.76743333
24088,4761378.0782
24089,4389350.85641111
24090,3663351.9747
24091,4543439.58393333
24092,4251589.8588
24093,4632087.1208
24094,4449370.0493
24095,3711679.93143334
24096,4450734.2256
24097,4788704.6373
24098,4617052.28963333
24099,4501760.48113334
24100,4203041.60586667
24101,5012635.49673333
24102,4602736.58006667
24103,4246566.93243333
24104,3967210.35493333
24105,5204845.2658
24106,3873956.5146
24107,3798518.36057778
24108,4306108.21583333
24109,3591839.9089
24110,5125851.96933333
24111,4297016.54006667
24112,5020949.59486667
24113,4094965.43026667
24114,3678959.8577
24115,4750051.7617
24116,4254949.93484445
24117,3938010.73066667
24118,4872138.81837778
24119,4024221.6127
24120,2815490.20683333
24121,4920890.75523333
24122,4110643.65434762
24123,3414302.67734762
24124,4090374.75473333
24125,4508123.71883333
24126,4810527.11231905
24127,4445834.57226667
24128,4094992.99573334
24129,4600947.54516666
24130,4685860.35146667
24131,4701909.86509524
24132,4588421.70783333
24133,4529167.89523333
24134,4572589.1249
24135,4464284.9736
24136,4596987.11186667
24137,4437103.25973334
24138,3904880.7864
24139,5084200.95046667
24140,3398218.55513333
24141,3246162.46964286
24142,4543620.79153333
24143,4943614.00786667
24144,4405850.5396
24145,4621448.38207619
24146,3919463.3142
24147,4247650.06213333
24148,4566146.66369047
24149,4511304.01741429
24150,3679247.18396667
24151,4743434.4867
24152,4464362.42726666
24153,4498873.28273334
24154,5239049.82313333
24155,4761006.9414
24156,4879791.89506667
24157,4330450.48773333
24158,5397160.6517
24159,4391903.78916667
24160,4437974.13729048
24161,4709396.60041905
24162,4981605.5388
24163,4494542.88280476
24164,4343283.406
24165,5034134.9579
24166,4365321.88233333
24167,4277123.20903333
24168,4127944.2541
24169,3692035.40241429
24170,4333851.2064
24171,4172307.50976667
24172,5014483.65226667
24173,4659800.4805
24174,4201869.53661111
24175,4968578.5472
24176,4056054.96181111
24177,3951704.45883333
24178,4148088.29660476
24179,4079486.83166667
24180,4619260.18076667
24181,3860567.23973334
24182,4653583.15506667
24183,4804425.16483334
24184,4088096.43813334
24185,4302284.32464762
24186,3711530.62846667
24187,4183567.27643334
24188,4064267.68543333
24189,4474051.8138
24190,4148548.18643333
24191,5611522.83023333
24192,4547396.8329
24193,4235200.4599
24194,3064461.15060159
24195,4644706.56556191
24196,4476763.97456667
24197,4331964.53768571
24198,4697844.3684
24199,4614262.07986667
24200,4584294.11773333
24201,4106523.7502
24202,4800435.88375238
24203,4622517.83226667
24204,3679090.6873
24205,4191361.13546191
24206,2911074.1626
24207,4388755.11533333
24208,3714167.7178
24209,4085618.8477
24210,5502283.4989
24211,4100191.11611111
24212,4049251.85052381
24213,4001439.47046667
24214,4652478.65906666
24215,4660867.68447143
24216,3791163.86193333
24217,3634455.9952
24218,4770585.08866667
24219,3906459.00275714
24220,3871438.38812064
24221,3824827.58963333
24222,4299424.09159524
24223,3774686.53493333
24224,4328618.46362381
24225,4341571.3381
24226,4429360.99331191
24227,3891166.76306667
24228,3804763.5822
24229,4254767.2927
24230,5172259.40423333
24231,4859746.25183333
24232,4261955.11536667
24233,4175039.50317778
24234,4445121.73599524
24235,3053923.69583334
24236,3906127.40164286
24237,3391888.2996
24238,4894741.55379524
24239,4570130.91480476
24240,4159197.24663334
24241,4432491.56426667
24242,4833063.06093333
24243,3744211.09908095
24244,4305283.60128334
24245,4808458.2418
24246,3993958.90122857
24247,4138722.97406667
24248,4481279.73076667
24249,4535299.7179
24250,4998213.05322381
24251,4823648.5796
24252,4399395.79164445
24253,3790560.02290952
24254,3465714.85205714
24255,4269603.91448572
24256,5106121.81746667
24257,4603970.48282381
24258,4019551.05651905
24259,5086899.59946667
24260,4188230.32654444
24261,4499578.4011
24262,4546511.37579999
24263,4947795.3946
24264,4415552.08181905
24265,4751053.75807778
24266,4423076.81637778
24267,4244388.35086667
24268,5293353.81676667
24269,3609662.08303333
24270,4132866.68050953
24271,5434902.25723333
24272,5488370.22761904
24273,5378091.22406667
24274,4875766.6239
24275,4443376.24406667
24276,4708303.76656667
24277,4191032.4612
24278,4505787.31813333
24279,4164690.97013333
24280,3606970.78236667
24281,4466813.29656667
24282,4043547.31721111
24283,3356236.65110159
24284,4042425.75313333
24285,3758937.05066667
24286,4085168.52376667
24287,3502057.83197778
24288,4200109.79831111
24289,4466149.31152857
24290,5121171.38031905
24291,3523124.2204
24292,4444465.54473333
24293,5833532.31491904
24294,4257981.02173334
24295,4606858.26633333
24296,5110096.42962857
24297,4426824.1273
24298,4526161.08603333
24299,5092866.35321905
24300,3484588.48227619
24301,4863768.37100952
24302,3717736.59027778
24303,4130526.5897
24304,3539191.9642
24305,4170577.95253334
24306,4279773.89643333
24307,4303297.97036667
24308,4477018.02016666
24309,4114086.58296667
24310,4035757.21706667
24311,3898098.14917778
24312,4428863.98476666
24313,5009133.60763333
24314,5603615.97206667
24315,4530101.78683333
24316,4027312.63453333
24317,3768062.40163334
24318,5222087.72913333
24319,4167963.42163333
24320,5131006.3287
24321,4459763.58106191
24322,4424971.09181111
24323,4065072.281
24324,3672621.79177777
24325,5641559.67553333
24326,5127887.19666667
24327,4076487.18071905
24328,4731239.25976667
24329,4794294.9263
24330,4238323.36663333
24331,3234325.75311905
24332,4245133.99856667
24333,3385706.74280952
24334,4790068.9313
24335,4795236.22973333
24336,3630173.72361111
24337,4258419.38342857
24338,3975401.57096667
24339,4133331.6738619
24340,4045243.46646666
24341,3027704.10319524
24342,4282662.92254286
24343,4815356.28283333
24344,3647286.34852064
24345,3901144.39460952
24346,4099089.73646667
24347,4578856.6952
24348,3854997.8247
24349,3983647.14461111
24350,4510072.29916191
24351,3547267.76701111
24352,5282200.7287
24353,4135021.91391111
24354,3154260.41629524
24355,3351794.3688
24356,4287318.56983334
24357,4756349.5872
24358,3453096.91712381
24359,4544551.2666
24360,3371132.99807778
24361,3794378.4834
24362,4729166.88633333
24363,4381919.19947778
24364,4557057.86264445
24365,4784411.46069524
24366,4017573.67407619
24367,4010789.70623333
24368,3891363.80663333
24369,4112404.17116667
24370,3842530.13436667
24371,3633796.38931111
24372,4691069.26485238
24373,3186197.91747778
24374,4809886.0677
24375,4061401.51747619
24376,4716738.84476666
24377,4137480.15301111
24378,4287229.09193334
24379,4404427.01762381
24380,4195396.42473334
24381,4271641.73863334
24382,4489421.90852857
24383,3786135.97570952
24384,4912890.4156
24385,3847064.39426667
24386,3234778.93575714
24387,5067871.43056666
24388,4317686.55096667
24389,3820452.04706667
24390,4449669.59576667
24391,4230934.60476667
24392,4306355.4153
24393,4253993.82073333
24394,4689431.08683334
24395,4538873.82929524
24396,4105499.03243334
24397,4281993.6467
24398,5045981.7366
24399,3490751.73657619
24400,5413830.05526667
24401,4280546.92828571
24402,4828898.76973333
24403,4648618.02806667
24404,3811204.27287778
24405,4369254.48072857
24406,3904546.69744762
24407,5355274.8072
24408,4343812.98400953
24409,3911402.54986667
24410,5088376.458
24411,4131379.93232857
24412,4711855.37529524
24413,4630378.63273334
24414,4496054.80893333
24415,4082842.82853333
24416,4069451.34260952
24417,3965455.22906667
24418,3507234.41047619
24419,5112148.0216
24420,3937024.7817
24421,4548411.2657619
24422,4669111.07933333
24423,4169640.91306666
24424,4544538.95533334
24425,3125424.14279524
24426,4958341.85826667
24427,3931580.5422
24428,2632149.87697778
24429,4710139.2397
24430,4961466.29163333
24431,3910283.07333334
24432,5082906.95903334
24433,4246890.9671
24434,3772005.4729619
24435,4981773.0467
24436,4211733.28903333
24437,6320691.25013333
24438,3568764.97767619
24439,4217466.14136667
24440,4178967.94494444
24441,3808771.04357143
24442,3282325.23788571
24443,4090708.39453809
24444,4711799.8415
24445,5054233.19063333
24446,3743775.15814762
24447,3977235.29636667
24448,3173431.302
24449,5877048.26413333
24450,4600147.01726191
24451,4929574.67966667
24452,4377885.86486667
24453,4927297.25616666
24454,4003150.58992381
24455,4986998.68352857
24456,3301301.59987619
24457,4769666.40766667
24458,4016693.49148095
24459,2942696.3629619
24460,4564157.58603333
24461,3079978.89618571
24462,4280729.93051111
24463,4412647.15424444
24464,4069570.36895714
24465,4061580.25373334
24466,4511412.9722
24467,3915581.31004444
24468,4519146.9046
24469,4571084.72056667
24470,4256712.5755
24471,4182815.2619
24472,4129244.44776667
24473,5419030.35343334
24474,4735911.53254999
24475,3975505.95813333
24476,4319131.7207
24477,3271211.55192063
24478,4492184.83883333
24479,3973018.7193381
24480,4672535.3783
24481,3971856.275
24482,4168169.7223
24483,4214932.4211
24484,5105550.0789
24485,3447373.64890952
24486,4083791.28353333
24487,3677701.20673334
24488,4840928.15426667
24489,4248205.74971111
24490,4286755.43912857
24491,4046066.24004445
24492,3649648.14383334
24493,4029639.23043333
24494,3480470.06247143
24495,4165694.02276667
24496,4349357.79923333
24497,3929580.95681111
24498,4234822.59028572
24499,4958348.0202
24500,3860408.55333333
24501,3707850.54996667
24502,4015347.48771111
24503,4374333.7699381
24504,4498251.92253333
24505,4634036.4086
24506,4389837.71347778
24507,3085654.7127
24508,4326621.53134444
24509,5317206.21883333
24510,4353956.56013333
24511,4295005.87601111
24512,4524688.8764
24513,4900494.81453334
24514,3544770.83439524
24515,5033059.2837
24516,3432421.21033333
24517,4515114.20346666
24518,2948325.96027778
24519,3748045.32855397
24520,4940991.7063
24521,5404951.75976667
24522,4553152.97624444
24523,3555766.059
24524,4775495.15733333
24525,4646863.96743333
24526,3392614.57657143
24527,4836332.8728
24528,5057126.87276667
24529,5246758.6495
24530,4630730.11326667
24531,4974803.04943333
24532,4317426.48987778
24533,4488069.61556667
24534,4759407.88806667
24535,4912603.4514
24536,3624609.01179524
24537,4451364.485
24538,4269204.37526191
24539,3729864.68678095
24540,4373725.27223333
24541,4788383.01096666
24542,4649283.48653333
24543,4884401.78676666
24544,4285467.83681905
24545,3981111.3841
24546,3469099.68471111
24547,5013775.26483334
24548,5331126.69747778
24549,4625833.1972
24550,5162888.98848571
24551,4759139.96646666
24552,4331180.49615238
24553,4518215.20156667
24554,4283223.86736667
24555,4069606.33083333
24556,4131841.24223333
24557,4126694.15946667
24558,4325028.67673333
24559,3773347.27644445
24560,5054918.70346666
24561,3721649.07659524
24562,4931512.9944
24563,4035280.40593333
24564,4625317.86743333
24565,4718657.8101
24566,4552225.29096666
24567,4692700.76465238
24568,4245074.54947619
24569,4687616.58953333
24570,4280519.0250381
24571,4124549.45723333
24572,5274110.23193334
24573,4722881.48993333
24574,4951564.24476667
24575,4671197.80887619
24576,4871830.3497
24577,5391126.64283333
24578,4061004.84616191
24579,4178284.84806666
24580,4837194.71383333
24581,3569914.3096
24582,4511342.99786667
24583,3960857.2985
24584,3032812.16392381
24585,4066430.2925
24586,3651958.60417143
24587,4981706.23803333
24588,4725839.84223333
24589,4879664.02103333
24590,3749974.79736191
24591,4060297.6321
24592,4608905.1738619
24593,5111665.50683333
24594,4397335.02153333
24595,3349523.27977143
24596,4068858.97725
24597,3809180.96653334
24598,6397062.46076666
24599,4489071.12223333
24600,4091807.9929
24601,4832146.50136667
24602,3776845.41146667
24603,4323316.05673016
24604,5077246.8605
24605,3638968.61166666
24606,4470300.76456667
24607,4593553.42436667
24608,3206133.2529
24609,5246003.14096667
24610,4885275.60383333
24611,3673605.1605
24612,3909274.55492381
24613,4607528.64773333
24614,5115152.58116666
24615,5106504.20353333
24616,4205592.8192
24617,5166166.54786667
24618,2894637.41735397
24619,5596539.02259524
24620,3363550.7904
24621,4264955.62424286
24622,4263225.9115
24623,4925873.44103334
24624,4696096.42696667
24625,4229669.13973333
24626,4412158.27013333
24627,3780475.53893334
24628,3985669.69831429
24629,4670967.73493333
24630,4533985.79866667
24631,4518283.89374286
24632,4218275.06699683
24633,3689432.86020476
24634,4214988.81296667
24635,3869157.0027
24636,5176950.86343333
24637,4002301.12033333
24638,4108552.75704286
24639,5159450.00371904
24640,4226724.28017143
24641,3631369.3508619
24642,4331754.00947619
24643,3874641.87196667
24644,5199676.36396666
24645,4542267.96473333
24646,3815674.45663333
24647,3791163.86193333
24648,2642337.06016349
24649,3573149.23650476
24650,4676285.00752857
24651,3809641.19968095
24652,3687091.55794286
24653,4203675.33654286
24654,3313387.57234286
24655,3700337.7921381
24656,4316220.21991667
24657,4573659.9343
24658,4216014.09137619
24659,2823070.98397619
24660,4063485.70806667
24661,4850893.31353333
24662,4740752.21445238
24663,4359722.81819524
24664,5060272.02726667
24665,4679786.08242381
24666,3525340.72716667
24667,4194514.40565397
24668,4525069.073
24669,5318448.79016667
24670,3885432.63603333
24671,4762950.75078572
24672,3577086.40663016
24673,5083747.0896
24674,4200780.26596667
24675,4326305.46184445
24676,5015269.41449048
24677,4560953.2359
24678,3518479.70412064
24679,4015772.1725
24680,3378039.99574286
24681,4617978.3372
24682,4984115.05976667
24683,3839001.21296667
24684,3583497.57276667
24685,4187284.01866667
24686,4004234.15293333
24687,4382124.13176667
24688,3282705.44970476
24689,3851637.41793333
24690,4950358.0392
24691,3977657.04866667
24692,4908511.52465238
24693,5661652.67123333
24694,5219917.74491905
24695,4448226.82126667
24696,4308813.7413
24697,3542270.01057619
24698,4162949.0898
24699,4092477.94406667
24700,4118266.5035
24701,4317805.7052
24702,4474055.99120476
24703,4164905.6365
24704,3760550.69423333
24705,4886444.43943333
24706,5127626.88303333
24707,4841181.43496191
24708,2938364.98124444
24709,4150673.35533333
24710,4000432.29534445
24711,4707297.77542857
24712,4200709.73246667
24713,3970061.44380952
24714,3599182.58898095
24715,3124944.6688
24716,4000254.52814286
24717,4850295.0334
24718,4370096.72906667
24719,4372743.43176667
24720,4536649.75163333
24721,4351455.42370952
24722,4505735.47116667
24723,4242821.00333333
24724,4880653.61963333
24725,5030356.83436667
24726,4587946.51833334
24727,4565621.1654
24728,4692251.73298333
24729,4151696.95974286
24730,3892916.39919524
24731,4682525.81733333
24732,3419717.18212857
24733,3617473.23956667
24734,4571731.8964
24735,3330702.7580381
24736,3946140.00627778
24737,4518529.13573334
24738,3952862.69788571
24739,5359544.73146666
24740,4236634.36316667
24741,3955725.41782857
24742,4332809.77946667
24743,3958851.30853334
24744,4762027.03323333
24745,3685939.70500476
24746,3687838.64663333
24747,4990908.54386667
24748,5139149.74893333
24749,4408986.3764
24750,4830671.8432
24751,2898053.61918095
24752,4651936.7567
24753,4594568.928
24754,6142177.0614
24755,3040947.99613492
24756,3531117.75574286
24757,2801792.51608572
24758,4634765.38130476
24759,4872528.6603
24760,4374033.29705238
24761,3788670.896
24762,4500418.77857619
24763,4562490.7304
24764,4333134.98423333
24765,3714666.97604445
24766,4270427.6478
24767,4142034.3633
24768,4385142.52476667
24769,5043200.42893333
24770,3778755.0056
24771,4165339.1755
24772,5387494.65606667
24773,3828787.62180159
24774,3947876.86199524
24775,4593523.07123333
24776,5082780.86853333
24777,3843656.81127143
24778,3915111.90583333
24779,4552148.714
24780,3496217.54945714
24781,5184138.5745
24782,3974597.68156191
24783,4858850.22906667
24784,3179935.86493333
24785,3714154.68907619
24786,3911949.80790952
24787,4437542.28170952
24788,4211843.91326667
24789,4132398.04404286
24790,4965154.08953333
24791,6154934.6337
24792,5080185.67453333
24793,4559430.82963333
24794,5575777.77943333
24795,5293556.74753333
24796,4388634.9668
24797,5284636.4261
24798,4400344.6739
24799,5123118.69487778
24800,4023723.96063333
24801,5105746.25913333
24802,4163362.8055
24803,4423234.39807143
24804,4660854.07705
24805,3535898.60744445
24806,4413262.62353333
24807,4570318.99599047
24808,2832792.29506667
24809,3735864.87665238
24810,3858966.4573
24811,5394311.26463333
24812,3239468.46097778
24813,5675181.66443333
24814,4012027.85231905
24815,5286871.1978
24816,3567685.13074444
24817,4984846.9895
24818,5029539.09556667
24819,3590816.89143334
24820,4543941.75651905
24821,4295236.62461587
24822,4759458.18186667
24823,4800321.10092857
24824,4973738.77135238
24825,4608905.1738619
24826,4290870.03656667
24827,3301623.3384
24828,3794486.83986667
24829,4696012.70902857
24830,3704219.35701111
24831,4301786.5569
24832,4310344.6972
24833,3483250.57370476
24834,4763916.81238254
24835,4001383.45273333
24836,4634631.10283334
24837,4302746.50470952
24838,2897429.41780159
24839,5020187.17956666
24840,4401583.07739524
24841,4233868.11804286
24842,3770055.3457
24843,3934582.66373333
24844,4611010.89052857
24845,4951552.44113333
24846,4570468.12533333
24847,4678241.47873333
24848,3478801.13963334
24849,2775130.65707619
24850,4598865.33213333
24851,5366425.7662
24852,4769408.67513333
24853,5368170.24963334
24854,4318712.39577619
24855,5685000.03506667
24856,4215630.63036667
24857,4582342.94153809
24858,3984947.7073
24859,4086857.90793334
24860,3891552.67091111
24861,4592802.93053333
24862,4160894.10863333
24863,3877232.5194
24864,3670012.70616667
24865,4263256.74263333
24866,5152398.26923333
24867,3884507.349
24868,4324276.38568254
24869,3933509.59614762
24870,5274647.66448571
24871,3849978.13009524
24872,4776195.05743333
24873,4957754.74816667
24874,4221855.85470952
24875,4216118.59276667
24876,3613873.62023334
24877,3724321.50211111
24878,4046403.63624286
24879,3595917.5172
24880,3961368.01099683
24881,4430689.37791905
24882,4200761.95793016
24883,4628126.71076666
24884,3548492.4358381
24885,4367505.2143
24886,4046751.25603333
24887,4315050.5566
24888,4454322.1231
24889,4745028.69506666
24890,4872275.7917
24891,4283342.34541905
24892,3761302.58473333
24893,5875040.4662
24894,4300113.66903333
24895,3873151.62656667
24896,4406584.62283333
24897,3791558.39660952
24898,3419604.79324762
24899,4704528.96496667
24900,4723800.31653333
24901,4096399.65483334
24902,4183635.75976667
24903,4461291.8833
24904,4350124.14813333
24905,3608954.71344444
24906,4493826.1543
24907,4636347.74562857
24908,4353895.12826667
24909,3963114.22616667
24910,4228453.38683334
24911,4608635.6122
24912,4246225.8693
24913,4490599.82036667
24914,4203671.8179
24915,3238629.46904286
24916,5214207.9662
24917,4545185.95373333
24918,4778082.52876667
24919,4841277.763
24920,5412517.56326667
24921,4281116.29323334
24922,4584732.9006
24923,4672400.22663334
24924,5138759.25103334
24925,3138523.01917778
24926,4021179.95521429
24927,4771841.96724444
24928,5028501.38006666
24929,4349955.82683333
24930,4664941.36293333
24931,5430730.3762
24932,4363936.12166667
24933,5127784.75096667
24934,4501510.2298
24935,4284776.07414444
24936,4464154.8981
24937,4014416.54116667
24938,4486049.08921905
24939,4971390.42966667
24940,5009951.93929524
24941,4688171.41706667
24942,5431916.33126667
24943,3394625.2757
24944,4334627.09640952
24945,4016495.63872858
24946,4385299.71076667
24947,4349656.0337
24948,4857461.4159
24949,2586410.66677619
24950,3504342.91536667
24951,4199867.6571
24952,4316211.21813333
24953,3783731.5915
24954,5645502.10086667
24955,5271330.06788572
24956,4068592.93196667
24957,4647031.653
24958,5045548.02009047
24959,4369144.9414
24960,4339442.7739
24961,4128287.39791905
24962,4090112.36913333
24963,5268230.99886667
24964,4475371.04076667
24965,2758533.1137
24966,4291184.54382619
24967,4514138.9843619
24968,4993675.61351904
24969,4065953.831
24970,4723578.09170952
24971,5066932.3619
24972,3790895.3779
24973,4653125.62615873
24974,5498163.02346667
24975,4940388.51896349
24976,3946076.50797778
24977,3840624.88453333
24978,3372052.20823333
24979,3827698.12581111
24980,3586998.5346
24981,5344179.167
24982,5170949.24006667
24983,5751135.95993334
24984,5226747.596
24985,4384135.99736666
24986,3793589.25170635
24987,4313779.13196667
24988,4390901.06353333
24989,5190717.8996
24990,4254187.16600952
24991,4363026.69266667
24992,4711453.84969524
24993,4787805.6798
24994,3817202.22744921
24995,2851333.10621429
24996,4532393.17163333
24997,2871470.18980952
24998,4689119.6939
24999,4871785.19531905
25000,4843652.4287
25001,4199000.00663333
25002,4205675.00989048
25003,4573781.98766666
25004,4277353.9495
25005,3865349.5867
25006,5507947.44443333
25007,4043087.78466667
25008,3904384.51702381
25009,5077661.95191905
25010,5222401.1536
25011,4322093.1776
25012,4543846.73667778
25013,4359412.30553334
25014,4763761.32496667
25015,4723204.63783334
25016,4441780.82513334
25017,4004581.63092381
25018,4598809.51686667
25019,4855572.4083
25020,3095904.55456667
25021,5085517.33753333
25022,3398315.3618
25023,5336195.02283333
25024,4978192.72826667
25025,4226438.9257
25026,4688118.62284286
25027,4149055.3969
25028,4513334.69432857
25029,4373458.4669
25030,4727913.71656667
25031,5193155.44146667
25032,5333172.411
25033,4667117.96916667
25034,5543352.97913333
25035,4412118.96044762
25036,4029724.79296667
25037,4174325.0502381
25038,3501618.87125714
25039,4958641.76463333
25040,4307227.86443333
25041,4292287.30096667
25042,5412357.97043334
25043,4284130.0385
25044,4562740.90813809
25045,4269231.5889
25046,3726151.12721111
25047,4171009.38785397
25048,3987339.62816667
25049,4891986.15113333
25050,4879531.0148
25051,4923570.45113333
25052,4591705.1953
25053,4137958.56043333
25054,3824862.99358571
25055,4338888.37663333
25056,3729536.84104286
25057,4201018.70713334
25058,3722643.95026667
25059,4145297.61762857
25060,3502063.68443968
25061,5293060.76856667
25062,3660323.77441111
25063,4259526.28433333
25064,5042865.8911
25065,5159569.6685
25066,4172009.40325714
25067,4146086.2545
25068,5679620.32083333
25069,4004658.92003968
25070,4938618.56789524
25071,4688411.5333
25072,3829507.85456667
25073,4374760.0696
25074,3743145.41077619
25075,5267820.8035
25076,3941743.95903334
25077,4355237.56929524
25078,5463522.2766
25079,4056456.03746667
25080,2856672.69736191
25081,4194757.70282063
25082,3070585.74902539
25083,4586879.88476667
25084,4248215.0303
25085,4095880.68510952
25086,4316349.76213333
25087,4576749.7767
25088,4581431.37446111
25089,4417660.36913333
25090,4714339.18116667
25091,4799311.28703333
25092,4253788.4171
25093,3897068.5208
25094,4065967.37793334
25095,4555639.6634
25096,4001186.58166191
25097,4352040.20586667
25098,4373649.98844444
25099,4907543.98293333
25100,4574280.53686666
25101,4018111.19723016
25102,5300604.4388
25103,5157718.80163333
25104,5055955.1238
25105,5066981.36893333
25106,4322530.8596
25107,4084568.77013334
25108,4160305.40226667
25109,3983752.8038
25110,3804440.29706191
25111,4487772.16253334
25112,4456394.59433333
25113,3622390.71155238
25114,4530994.67166667
25115,4750814.60436666
25116,4579581.53169524
25117,4875437.64971111
25118,4229048.8296
25119,4595392.33733333
25120,4291225.18296667
25121,3858855.27039048
25122,4271006.5077873
25123,4657485.9219
25124,3236958.79235715
25125,3733408.56116667
25126,4401448.7483
25127,4336087.46687778
25128,5327580.4634
25129,3532238.18430635
25130,3748417.5605
25131,4747334.27
25132,4281518.34446191
25133,2671906.35904762
25134,4208950.0693
25135,4600068.73865238
25136,5021821.73273333
25137,4028404.06029524
25138,3976272.30087302
25139,4644246.2052
25140,4573905.20273333
25141,4425087.30626667
25142,4548471.75726191
25143,4101221.12483333
25144,4551568.0233
25145,3538698.98617778
25146,3728934.39446667
25147,4924400.9497
25148,4120389.39406667
25149,4546066.4899619
25150,4126211.45356667
25151,4637932.78251111
25152,4065620.32779524
25153,3121914.34782063
25154,4430052.76179524
25155,4435819.03696667
25156,6123924.21086667
25157,4412769.11273333
25158,5060448.4408
25159,4235626.3255
25160,4223766.9681
25161,4909512.85146667
25162,4579903.00483334
25163,4423207.00299524
25164,4314924.72733333
25165,5393482.2921
25166,4695131.3092
25167,3845395.22786667
25168,4072554.21297778
25169,4499678.1654
25170,4821624.85496667
25171,3715935.1747
25172,4015147.00524286
25173,4009252.12074286
25174,4981555.2126
25175,4026145.83117143
25176,5261100.65516667
25177,4701224.82796667
25178,4224084.15906667
25179,4193449.42972857
25180,4149078.5431
25181,4663836.76608571
25182,4485452.9665
25183,4425610.71756667
25184,5249411.58394286
25185,5144212.4864
25186,3527692.0879
25187,4140950.58234286
25188,4619539.14656667
25189,4243587.46743333
25190,4356956.15573334
25191,5242342.62173333
25192,3735102.11974762
25193,4697558.67913333
25194,4152908.40903333
25195,5454646.0968
25196,4440580.96056666
25197,4305248.13591111
25198,3898458.67873333
25199,5187230.8778
25200,5324483.92946667
25201,5510241.22453333
25202,4275230.92863334
25203,4423036.69609524
25204,4401431.9417
25205,4155551.89073334
25206,4114089.89784762
25207,4341572.522
25208,2392114.37138571
25209,4758334.99806667
25210,4582883.10656667
25211,4598752.25839048
25212,4597105.1161
25213,4328714.4355
25214,4429872.01643333
25215,4868790.16403333
25216,4721402.99936667
25217,3695928.53434444
25218,3897724.75446667
25219,5405268.26931111
25220,4705610.79993333
25221,5101463.8653
25222,4428631.05573968
25223,4879955.04111904
25224,4068215.46373333
25225,3973833.85736666
25226,3771547.2749
25227,4344844.748
25228,3763925.71907778
25229,4044440.1981381
25230,4478918.5755
25231,4500571.89123333
25232,5073843.58345238
25233,3919041.9086
25234,3818514.61773334
25235,3690464.25253333
25236,4228575.6239
25237,2858048.99569683
25238,3730501.86756667
25239,4423780.34463333
25240,3764070.589
25241,3864102.36410952
25242,4328968.28285714
25243,3706855.88284444
25244,4828061.43082857
25245,4121053.92793333
25246,4653144.87503333
25247,5154038.79566666
25248,4114615.00499524
25249,4920913.63428571
25250,3783019.5453
25251,3649006.40003333
25252,5207926.30606667
25253,3642653.7695
25254,4845299.4819
25255,5590520.1721
25256,4241399.5374
25257,3662904.5736619
25258,4632823.93499524
25259,3470732.35862857
25260,3744691.01880952
25261,3733753.3069
25262,4121752.17422381
25263,4580465.52956667
25264,3618426.75643333
25265,4080944.97492857
25266,5194473.8294
25267,4562410.68863333
25268,4406332.89393333
25269,3886709.65206191
25270,4969038.7837
25271,3795043.3997
25272,5039424.04016667
25273,4707324.5035
25274,3849444.2793
25275,5046019.08109524
25276,4165796.9131
25277,4033912.01442381
25278,3635510.75065714
25279,4938386.15623334
25280,4371263.13146667
25281,4429596.97597302
25282,2695497.47796667
25283,4577600.49743333
25284,3924106.58231111
25285,4935162.31342381
25286,4752382.02587619
25287,4613657.87106667
25288,4363801.71923333
25289,4156654.15606667
25290,4560029.9415
25291,4603945.66936667
25292,4465475.15303333
25293,5746774.87056667
25294,4309453.61456667
25295,4130925.87493333
25296,4524463.4805
25297,4359621.11633333
25298,4593943.76801905
25299,5001179.01743333
25300,3627944.0475619
25301,5019619.37786666
25302,5219808.16063333
25303,5055343.83963333
25304,4326621.53134444
25305,4897613.60683334
25306,4791712.2638
25307,4042895.92443333
25308,4597482.629
25309,3220141.7924
25310,4848442.53153333
25311,5422867.6919
25312,4001438.7652
25313,4726185.46523333
25314,3256152.4374
25315,4730861.62994286
25316,4100342.75912381
25317,4121647.99462857
25318,4466728.83773334
25319,2765278.02386667
25320,4583412.3597619
25321,4264237.43324444
25322,5043890.9891
25323,5104148.4966619
25324,4782933.61946667
25325,4710886.61906667
25326,4359144.955
25327,4472314.78113334
25328,4643343.49166667
25329,5127958.3236
25330,3553144.00923334
25331,4832479.91393333
25332,4416443.66866666
25333,4345980.97291111
25334,4379980.14343333
25335,4505672.8083492
25336,4427092.7838
25337,4895155.06666667
25338,3900495.06626667
25339,3685298.84309682
25340,4696974.88473333
25341,5106604.19917143
25342,4672391.73553333
25343,4317206.5007
25344,5050096.2037
25345,5094918.33273333
25346,4721940.62483333
25347,4098833.87183333
25348,4858896.43493333
25349,4495159.86336667
25350,5458980.14396667
25351,4329065.36741111
25352,4738606.25736667
25353,4900638.58706666
25354,4141711.06888095
25355,4616630.1205
25356,5070130.8252
25357,3877579.29876667
25358,4303057.12270952
25359,3955504.90833333
25360,3979231.42927301
25361,3215303.86732857
25362,3785780.5773
25363,3007251.30591111
25364,4228096.52933333
25365,4657661.24546667
25366,3324359.63026667
25367,5184576.30393333
25368,2450434.68727619
25369,3363192.93536667
25370,4385340.82988333
25371,4593505.29466191
25372,4357353.30318572
25373,3541308.4782381
25374,4506601.02997619
25375,4364822.59001905
25376,4649940.22733333
25377,3896542.90391111
25378,3876659.60927619
25379,3974566.0279
25380,2862019.15386667
25381,3915777.66487778
25382,2792937.10895238
25383,4209809.79007778
25384,4163935.52261111
25385,3068279.97771429
25386,4662132.56237778
25387,4169498.46855238
25388,4066467.4374
25389,4522192.56021905
25390,3916534.35366667
25391,4474857.40300476
25392,4748025.65010159
25393,2789717.39479524
25394,4360808.39966667
25395,4992817.37584444
25396,5330236.79401904
25397,4177314.0582
25398,3709017.1879
25399,4843737.46766667
25400,4263560.86755
25401,4953936.52826667
25402,4211455.78343333
25403,4580663.76429524
25404,3947971.0441619
25405,3601556.35636667
25406,3588106.1642381
25407,5140871.70216667
25408,4855884.67444444
25409,4585465.146
25410,4035940.61276667
25411,4733015.467
25412,4200249.78946667
25413,5269613.7523
25414,4399787.89215238
25415,3661308.20696667
25416,4141258.00837778
25417,3446883.95625714
25418,4116862.67264762
25419,4601501.16007778
25420,4225724.38476667
25421,4544769.60860635
25422,4757257.60216667
25423,4143460.3218
25424,3730409.12176667
25425,5585843.48323334
25426,4082041.6925873
25427,4023988.15476667
25428,3355256.05845873
25429,5069773.05843333
25430,4729113.74663333
25431,4205400.90146667
25432,5225813.9257
25433,5043280.21995238
25434,4300649.12188572
25435,4478342.61453333
25436,3235770.4869
25437,4561897.40363333
25438,4136963.34838572
25439,5046297.7893
25440,5206136.28263333
25441,4995544.56773333
25442,4091775.38731429
25443,4795530.8132
25444,4316417.91846667
25445,4398230.7037
25446,3430306.39141111
25447,4413358.78031111
25448,3906972.70856667
25449,3784504.94923333
25450,3337095.4174
25451,4140633.57947619
25452,3683105.406
25453,4795504.96736667
25454,4081884.99240952
25455,3182524.85801429
25456,4260569.2497
25457,5492763.2683
25458,4761240.51196666
25459,4545397.7185
25460,4290699.7862
25461,4289186.6974
25462,4898696.67893334
25463,5059729.5247
25464,4835158.58096667
25465,4362970.4756
25466,3642714.7055
25467,4080008.51629524
25468,5142711.90783333
25469,4883445.2355
25470,4867706.34106667
25471,3978543.73566667
25472,3723228.88379048
25473,5250133.17136667
25474,5272781.13971111
25475,4429525.90146667
25476,4291422.8534
25477,4936952.79364444
25478,4590020.5872
25479,2998053.02141111
25480,3677355.66030952
25481,5007662.45526666
25482,4372424.39233333
25483,5159420.36200476
25484,3943217.01573492
25485,3747760.1431
25486,4392337.64286191
25487,4842930.68787143
25488,4624170.18733333
25489,3697922.35618254
25490,4574940.98446667
25491,3850625.69612381
25492,4288776.68093334
25493,3749927.65250952
25494,3603795.46736667
25495,4554159.3793
25496,2537816.55907619
25497,4727284.39636667
25498,5865850.8137
25499,4591601.76703333
25500,3449784.88043333
25501,3553537.23516667
25502,4826117.83809524
25503,4156131.9771
25504,4403997.59327778
25505,4066990.25306667
25506,4105176.4521
25507,4775903.0721
25508,4066106.20250476
25509,4288761.64386667
25510,3983775.83205714
25511,4129314.43369524
25512,2961554.56200952
25513,4648043.21813333
25514,4380333.05306667
25515,3978393.48904286
25516,4140979.061
25517,3842661.81127619
25518,3778831.47396667
25519,4200011.09876667
25520,4249547.31571429
25521,3930612.90513333
25522,4703134.38346667
25523,3069763.61446667
25524,4758914.63106667
25525,4455194.14013333
25526,4817615.2282
25527,3689843.63777619
25528,4618507.53873333
25529,3963114.22616667
25530,5090331.75178571
25531,4997276.4071
25532,4857604.40335715
25533,4327189.44283333
25534,3958581.2001
25535,4264346.11814445
25536,4085010.209
25537,5660358.0788
25538,5246096.278
25539,4252554.9787
25540,2953970.39544445
25541,4032054.45527778
25542,4553136.11958333
25543,5415597.4261
25544,4215928.98196191
25545,4041851.76591111
25546,4833599.54213333
25547,4101941.45679048
25548,4813951.0934
25549,4708000.06936666
25550,4189091.69257778
25551,4686810.15918571
25552,3984234.29011667
25553,4367493.45396667
25554,4025193.06437143
25555,3894754.57093333
25556,4030427.54302064
25557,3797626.2487
25558,4993179.42957143
25559,4252888.08073334
25560,4304915.9774
25561,3834299.89533968
25562,4760056.7621
25563,4416239.55530952
25564,5077254.33546191
25565,3705130.2391
25566,4323938.89414445
25567,4825669.8274
25568,5385147.02552857
25569,4036780.95410476
25570,3527693.80331905
25571,3587436.53144762
25572,3837179.99661111
25573,3829498.51944762
25574,4589057.9799
25575,4616722.87402857
25576,3996113.13966667
25577,4230052.06759048
25578,3736617.22417778
25579,3799749.11467143
25580,4787306.2681
25581,4360067.9269
25582,2399965.64797619
25583,3746704.6645
25584,4340434.9249
25585,3299142.92584444
25586,3384080.27569683
25587,4402272.3633
25588,4303339.5287619
25589,5256571.04146667
25590,4146667.72136667
25591,4217601.14016667
25592,3862223.20879524
25593,4291680.95688254
25594,4439721.35519524
25595,5352246.40054921
25596,3840358.74363334
25597,4056271.41519048
25598,3884928.4588
25599,4214634.62726667
25600,4553830.81323333
25601,4215812.6513
25602,4930702.19516667
25603,5204215.40616666
25604,4515292.55212857
25605,4252554.9787
25606,4751297.6528
25607,4063289.4569
25608,4167497.28523334
25609,4830192.614
25610,4164097.8477
25611,4556761.90911111
25612,3991836.27826667
25613,3912051.83357778
25614,3984466.6557
25615,3974566.0279
25616,4137567.62246667
25617,3945955.83326191
25618,4131017.86283333
25619,4900728.41163333
25620,4348554.5412
25621,3820357.60001111
25622,4485438.407
25623,4733000.79376667
25624,4043049.54269206
25625,4898376.85577778
25626,4672042.45113333
25627,4722365.46909524
25628,4168423.8244
25629,3297311.12237143
25630,4889243.2922
25631,4315214.58200714
25632,4269693.6711
25633,3559363.9852873
25634,4508422.89573333
25635,3749959.67262857
25636,4226498.73573333
25637,3605088.2475
25638,4775495.15733333
25639,4086997.47956667
25640,3843666.20366667
25641,4939821.89534286
25642,3910064.11460953
25643,5233261.63533333
25644,4288636.08762063
25645,4833014.53726666
25646,3837397.85700952
25647,3644712.62008571
25648,4398896.7547
25649,4619051.74783333
25650,4491725.85686666
25651,3618831.33101429
25652,3078937.74186667
25653,4380543.8504
25654,4275013.4776
25655,5041231.19423333
25656,4707197.66046666
25657,4486983.64433333
25658,4947171.05556666
25659,4429025.96517778
25660,5007982.52276667
25661,4665567.36673333
25662,3913872.35916667
25663,4415282.251
25664,3711620.60501905
25665,4308088.87935714
25666,4934703.52745238
25667,3044724.7301
25668,4265707.91186666
25669,4579172.84721111
25670,2886988.81931111
25671,3811445.4238
25672,4657415.74409524
25673,4113158.59686667
25674,4173969.91254445
25675,4242115.35479524
25676,5050986.42146667
25677,4088086.08921111
25678,4426248.44526667
25679,3698655.78914762
25680,4779892.64998571
25681,4331775.05008572
25682,5504270.1657
25683,3163359.03955238
25684,4585897.342
25685,4580183.28609524
25686,4968975.39506667
25687,4279178.15477778
25688,4168243.45022857
25689,4529153.85832857
25690,4565019.9421
25691,5431966.15973333
25692,3127145.50933333
25693,4260979.9612
25694,4958001.40753333
25695,4484333.17931111
25696,3693349.29613333
25697,4266091.22003333
25698,5079823.25116666
25699,5000485.62006667
25700,3188364.81240953
25701,4673500.68043333
25702,3847856.29981587
25703,3354327.34550952
25704,4491224.25776667
25705,4053074.44223333
25706,4044228.00683333
25707,3335293.04206667
25708,4485966.9595619
25709,4404126.8158
25710,5784416.8827
25711,4103146.57299524
25712,3190897.72787143
25713,3943575.22796667
25714,3949061.93143333
25715,4044746.28386667
25716,4469338.7104
25717,5119486.2723
25718,4874436.92743333
25719,4537328.42906667
25720,3783828.68103333
25721,4485639.89266667
25722,4656957.03473333
25723,3921107.9758
25724,4718988.99923333
25725,4421429.47033333
25726,4060548.68516667
25727,4251872.81126667
25728,3972934.21013333
25729,3839619.40116667
25730,4594005.16856667
25731,3907489.90166191
25732,4638948.345
25733,4381893.55026667
25734,4561333.98006667
25735,4853917.04413333
25736,3861196.7073
25737,4883011.1878
25738,4716140.61003333
25739,4708704.69233333
25740,4382005.60202857
25741,4256915.3815
25742,4677454.21716667
25743,4711501.46666667
25744,4571334.43414445
25745,4626431.92728571
25746,4544099.0865
25747,4161669.98137619
25748,4987625.37906666
25749,4379579.8652
25750,3925732.07986667
25751,3727452.96453333
25752,4297688.13416667
25753,4647525.36746666
25754,4734405.69653333
25755,3994508.5931
25756,4573162.97696667
25757,3530052.28399524
25758,4562230.98139524
25759,3565639.29896667
25760,5190453.10791429
25761,4432343.98012857
25762,4493092.479
25763,4596298.26053333
25764,3504402.03143333
25765,4080922.2826
25766,4114160.99836667
25767,3698045.95286667
25768,4148917.7149
25769,3972044.5915
25770,3386798.49270476
25771,3687933.91273334
25772,5220481.3887
25773,4679335.51024445
25774,3636055.42563333
25775,4530202.67543333
25776,3720913.4543381
25777,3807052.61081111
25778,4019212.73187619
25779,3942424.65101429
25780,4211141.48286191
25781,3965656.1655
25782,4773671.0415
25783,5012562.17783333
25784,4983511.7479
25785,3580428.83859683
25786,4624542.3998
25787,3840034.32032381
25788,3870217.98872857
25789,4560983.82133333
25790,4597330.52003333
25791,5011281.81763334
25792,3315579.85703333
25793,4470691.97213333
25794,3814272.90647619
25795,4966518.3369
25796,5375362.76606667
25797,4444994.9038381
25798,4002755.52956667
25799,4904090.69176666
25800,4527369.28703333
25801,4552344.56076667
25802,5340989.32416667
25803,3749762.88996191
25804,4678864.8737
25805,4490085.3802
25806,3924015.27163333
25807,4479243.3234
25808,4672312.01585238
25809,4514960.97655
25810,2988905.56118571
25811,4339841.6356
25812,4613435.19781111
25813,4205324.632
25814,4813902.02516667
25815,3903844.6060381
25816,3842661.81127619
25817,4029256.68386667
25818,4239800.01206191
25819,4073529.21946667
25820,5046135.53508571
25821,4903486.3384
25822,4022912.99223333
25823,3327710.93171429
25824,3369173.72614445
25825,4747720.15974762
25826,4129660.24016667
25827,4449769.63433333
25828,4763378.88263333
25829,4207149.15286667
25830,2892083.73356825
25831,4004996.23256667
25832,4328858.18601111
25833,4232583.43296667
25834,4638756.64019524
25835,4073070.03916667
25836,4563839.04616667
25837,4878541.67913333
25838,3651523.70446667
25839,5058451.21556666
25840,4710294.39638572
25841,4395041.84116666
25842,5222796.47915238
25843,3457654.11937619
25844,5156789.66949524
25845,4338419.03674444
25846,5123722.17836667
25847,4046690.125
25848,4590279.65496666
25849,4752169.01711111
25850,4691804.6197
25851,3644375.19256667
25852,4705055.78053334
25853,5077965.8129
25854,4586166.33113333
25855,4530946.21366667
25856,3255242.18981428
25857,3354199.94675397
25858,2837488.8218
25859,4081118.63066667
25860,3818161.1776381
25861,4715502.94246667
25862,3283717.37941111
25863,3587508.75464445
25864,5172772.70046666
25865,4041406.50101429
25866,4283148.53523333
25867,3604932.19606667
25868,3658239.01992381
25869,4477774.38070952
25870,4390529.1399
25871,3888319.7980381
25872,4785225.9361
25873,4247523.1803
25874,4308387.01063333
25875,3820930.27203334
25876,4522231.60746667
25877,4916129.90666666
25878,4784898.16743333
25879,4825064.9444
25880,4850295.7293
25881,4651126.57316666
25882,4581292.11206666
25883,4907283.85629524
25884,4430335.72636667
25885,3894070.3295
25886,4348991.34626667
25887,3771383.15383333
25888,4735344.92156666
25889,4447602.0446
25890,4567755.83851111
25891,4882829.28443333
25892,5322673.3069
25893,2682621.33300476
25894,4572337.23796667
25895,3831268.56826667
25896,5175140.38046667
25897,4410294.05196667
25898,4579844.8359
25899,4652061.0913
25900,4247039.92487778
25901,4524148.01594286
25902,3920425.2909
25903,4278653.33613333
25904,4236128.42333333
25905,4133883.51716667
25906,4222644.30867619
25907,4476329.48823333
25908,4234384.00323333
25909,4577309.43519524
25910,4517984.51403333
25911,4428670.76827619
25912,4199310.97334445
25913,3427472.87437619
25914,2755359.22783333
25915,3793100.07446667
25916,4917800.41384286
25917,4910077.42723333
25918,2745659.51602381
25919,4734199.65893333
25920,4733958.83001111
25921,4032748.68293333
25922,4057606.5123
25923,4584715.29675238
25924,4783919.28726667
25925,5363835.37773333
25926,3142732.80435397
25927,4365900.44789524
25928,4490724.58373333
25929,4473261.69697778
25930,4349538.83406667
25931,5250900.36363333
25932,5187551.07256667
25933,4494875.75266667
25934,3770184.70006667
25935,4051304.11196667
25936,4404945.0957
25937,4253478.927
25938,4162624.9929
25939,2759835.3938381
25940,4212271.07083333
25941,4422539.84886667
25942,4585237.66736667
25943,4748158.63837778
25944,4180987.35447302
25945,4427820.47996667
25946,4384386.77733334
25947,4239495.45413333
25948,4763780.82403333
25949,4317611.35094444
25950,5461229.56058571
25951,4524671.36216666
25952,4253606.5032
25953,3894438.89727619
25954,4306251.60636667
25955,4419363.06116667
25956,4674225.24486666
25957,5295672.3234
25958,3632838.35826667
25959,4675318.0775
25960,4601638.717
25961,4628849.24741111
25962,3222311.58654444
25963,4210029.18286667
25964,3609904.40682857
25965,3743220.5055
25966,4036481.84128095
25967,3911565.09263333
25968,3610528.52683333
25969,4586032.0106
25970,3952815.76296667
25971,3224793.84839048
25972,3982147.18706667
25973,3455071.0490873
25974,4374658.36453334
25975,4302737.6086
25976,4953390.08043333
25977,4618260.02596667
25978,3767093.31487778
25979,5009742.77646666
25980,4737018.99796667
25981,5239318.2434619
25982,3882395.9461
25983,4510924.2241
25984,4143447.21421111
25985,4136440.23141111
25986,3994663.1542
25987,4336256.09523333
25988,4477587.4461
25989,4434665.13201111
25990,4294046.74016667
25991,3215010.55020635
25992,5188439.4801
25993,5038798.33278571
25994,4829677.3671
25995,4747136.71236667
25996,4580345.42783333
25997,5120643.5862
25998,4439871.77057778
25999,4046871.36779524
26000,3896375.19726667
26001,4123907.47313333
26002,3563552.99247143
26003,4207522.63553334
26004,4076234.68967778
26005,4991663.706
26006,4616550.31123333
26007,4915256.1176
26008,4539290.03681905
26009,4727234.86416191
26010,3689711.43214444
26011,4568296.32653333
26012,4384848.2615
26013,3952962.35753333
26014,4211831.84496667
26015,4596231.97793334
26016,4526303.76326667
26017,4023104.046
26018,4052379.67946667
26019,4354379.31256667
26020,4479227.42384286
26021,4706574.90153333
26022,4586359.4131
26023,4216643.4873
26024,4727309.48556667
26025,3803903.18762857
26026,4067683.1693
26027,4733647.95088333
26028,4733248.76116667
26029,4625033.14630952
26030,4492393.9116
26031,4490269.6494
26032,4106423.633
26033,4289195.81916667
26034,4315408.27263333
26035,3708851.58016667
26036,4329063.29462381
26037,4170211.51996667
26038,4536649.75163333
26039,3834477.1871
26040,3927543.85143333
26041,5254518.0297
26042,4548289.5359
26043,4555854.53456667
26044,3293151.52576191
26045,3856821.08886667
26046,4100780.5314
26047,3961137.519
26048,4388745.25373333
26049,3848931.4225619
26050,4144734.90534762
26051,4119363.44883333
26052,4689669.3516
26053,5177652.10743333
26054,4872354.63283333
26055,4173039.08336667
26056,4026762.7622
26057,4043178.7805
26058,4594250.24643333
26059,4383907.60803333
26060,4177226.32963333
26061,4177473.38536667
26062,4969474.78263333
26063,2674392.6319
26064,4400016.35673333
26065,3760406.28556667
26066,4858336.608
26067,3784522.2916
26068,4571306.38205714
26069,3884524.0922619
26070,3781256.2121
26071,4314704.58886667
26072,4645785.45843334
26073,4747133.27106667
26074,5174094.0213
26075,4203041.60586667
26076,3541475.65444444
26077,4725600.46956666
26078,3470412.73707619
26079,4505553.37783333
26080,4351933.33063333
26081,4687910.99626667
26082,4250752.6498
26083,4384487.8372
26084,4390785.5841
26085,4156229.21926667
26086,3831376.6811
26087,2987443.9647873
26088,4391832.28463333
26089,3084260.56366191
26090,4285749.5576
26091,5172087.71046667
26092,4045820.27293334
26093,5040903.23313333
26094,5180781.6223
26095,5104526.81916666
26096,4183337.29897143
26097,4009256.30676667
26098,4358028.49916667
26099,4875841.75346667
26100,4343675.09673333
26101,4686163.66336667
26102,4172631.26173334
26103,4624321.0801619
26104,4590056.95043333
26105,4446423.34488095
26106,4026632.57704286
26107,4606883.86303333
26108,4904210.24506667
26109,5381059.24856667
26110,3661951.76371587
26111,4347615.8402
26112,3688350.72963333
26113,4296716.7165
26114,5378302.91299524
26115,3806633.47352064
26116,5039239.62803333
26117,4030204.44939524
26118,5084565.98523333
26119,4697769.8854
26120,4582090.55653333
26121,3962709.91476667
26122,4366833.32331111
26123,4899396.88583333
26124,3936640.85196667
26125,4597777.27613333
26126,4574373.3403
26127,4439117.80896667
26128,4059168.75584286
26129,4628041.87913333
26130,5050921.66236667
26131,4999581.2182
26132,3424666.09279524
26133,5043079.22556667
26134,4552287.42646667
26135,3952916.76470952
26136,2890266.97527619
26137,3760526.92042857
26138,4087645.02103334
26139,4936541.70076667
26140,3726431.78876667
26141,4456146.25693333
26142,3319783.97443333
26143,5273192.24716666
26144,4904070.46833333
26145,3955415.75586191
26146,4492568.98
26147,4650885.32193333
26148,5143478.45508571
26149,4872684.72783333
26150,4616439.68896667
26151,4048715.77836667
26152,3956778.2992619
26153,4053409.61419524
26154,2744428.8579
26155,4523228.4971
26156,4690643.48026666
26157,3802346.56662857
26158,4004204.14758095
26159,4182814.87623334
26160,4044781.18533333
26161,4166195.09173334
26162,3980315.5322
26163,3073298.5570873
26164,4276252.1303
26165,3059025.08530476
26166,4112202.1412254
26167,3986597.24493333
26168,3724157.00265397
26169,4794523.66203809
26170,4170577.95253334
26171,4895037.0075
26172,4735354.89526667
26173,4953091.6112
26174,4243200.9255
26175,4425172.9745
26176,2533043.22715397
26177,3108062.12580952
26178,4827999.2274
26179,4662674.83866667
26180,3999226.19836667
26181,4867799.1116
26182,4021800.09334286
26183,4417317.76569524
26184,3519618.46173333
26185,4353747.21047619
26186,5054683.26726667
26187,5514865.13836666
26188,4198856.20906667
26189,4006343.03252381
26190,4777235.47736667
26191,4353434.33676667
26192,4677494.03653334
26193,3753198.99186667
26194,4264955.62424286
26195,4527486.5146
26196,3799699.46322381
26197,5268837.34356667
26198,4147531.313
26199,3280380.26761111
26200,4212271.07083333
26201,3899857.75247778
26202,4333983.7193
26203,5294184.3366
26204,5507583.14126667
26205,5311307.7202
26206,2764901.36763333
26207,3593276.02631905
26208,3718233.62181111
26209,4127796.15096667
26210,4554310.715
26211,4770764.71643333
26212,3913982.33094445
26213,3945735.4427
26214,3859871.4833
26215,4428762.13955397
26216,4456969.27226667
26217,4310230.6072
26218,5222477.59536667
26219,3333996.69090953
26220,5127880.71033333
26221,4264269.18175714
26222,4659471.37399523
26223,4314207.81513333
26224,3612962.5689
26225,3373710.03410953
26226,4403005.7445
26227,4370561.78893333
26228,4380552.74323333
26229,3929521.63793333
26230,5147074.6513
26231,4653938.51734762
26232,3590710.59173333
26233,3779103.1597381
26234,4152572.7696
26235,4262666.45217778
26236,4181081.35973333
26237,4121474.81796667
26238,3665409.88536667
26239,5505761.98443334
26240,4687163.43306666
26241,4161049.23318571
26242,4560488.1977
26243,4655519.66896667
26244,4269197.39223333
26245,5158686.676
26246,3137366.2316
26247,4919775.44166667
26248,4328636.81127778
26249,4345531.90243333
26250,4497541.23226667
26251,3904221.99881111
26252,4247438.38243333
26253,4061653.94923333
26254,4170803.5019
26255,4590390.41376667
26256,4929355.48343333
26257,4276002.0839
26258,3989916.24793334
26259,3794042.8827
26260,4612757.59973333
26261,4912898.24806666
26262,2941120.7854
26263,3987247.4889
26264,4534028.79666667
26265,4490757.2829
26266,4373663.59646667
26267,3881269.00063809
26268,3148766.5471
26269,4386621.54336667
26270,3777710.22833334
26271,4098270.5774
26272,4381816.3184
26273,4923087.7973619
26274,3730303.92322857
26275,4402167.66064762
26276,3219437.38033333
26277,3369203.04853334
26278,4592306.7308
26279,4305828.8825
26280,4314756.7492
26281,4935583.99146667
26282,5496295.46209524
26283,3530889.85815714
26284,4232563.5249
26285,5511238.6386
26286,4503130.87283333
26287,4174981.60883334
26288,4092040.13750476
26289,4366017.54066667
26290,4042197.60863334
26291,4947785.6705
26292,4144140.74
26293,4592344.56163333
26294,4216189.16023333
26295,4616484.57600476
26296,5601525.52989999
26297,4745349.29046667
26298,4628296.84363334
26299,3930615.82946667
26300,4452496.1986
26301,4040367.31045714
26302,4248407.5303
26303,4559756.54719683
26304,5455010.75333333
26305,4262607.38890953
26306,4229225.76676667
26307,4787560.38450476
26308,4028721.26246667
26309,4351851.851
26310,4666466.93166667
26311,4707202.17876667
26312,4302025.51922381
26313,3647286.34852064
26314,4039259.88729524
26315,4823033.6953
26316,3378468.12081905
26317,5000684.72375714
26318,3806193.84245238
26319,3747235.41178572
26320,4317668.4746
26321,3564419.87501111
26322,4662521.15433333
26323,3614621.91057778
26324,4015268.47350635
26325,4334195.96999524
26326,4405953.85293333
26327,4010183.00193333
26328,3098625.12573968
26329,4539756.74064444
26330,3608580.01952381
26331,4479009.7478254
26332,4703067.70422857
26333,4955022.0994
26334,4278682.24036667
26335,2376781.50186349
26336,4339625.32606666
26337,4959032.91155238
26338,4064139.74453333
26339,3939070.96400952
26340,3827168.16573334
26341,3967211.27216667
26342,3481692.66420476
26343,4060028.82318095
26344,4692595.2362
26345,4408927.46856667
26346,5209665.20783334
26347,4323265.48334286
26348,4315425.92293333
26349,4512317.689
26350,3902527.58584762
26351,4540543.9335
26352,4209157.38093334
26353,4784146.99223333
26354,3561003.26642857
26355,4479310.83343333
26356,3944211.21057778
26357,4720807.86949524
26358,3361395.98333333
26359,4261570.18066667
26360,4714649.21876666
26361,3801441.58264445
26362,4019102.7958873
26363,4395521.42203333
26364,5331412.48806667
26365,4758100.0731
26366,5088145.92763333
26367,3505119.38310952
26368,5112824.1927
26369,4320696.41693333
26370,3523574.42053333
26371,4548326.75593333
26372,4258561.47880952
26373,4659147.5625
26374,4571486.63781905
26375,4699066.50686667
26376,3790198.66696667
26377,4858105.28246667
26378,3058621.8667
26379,3854965.34783333
26380,4249746.45286667
26381,4489546.29353333
26382,4864133.13419524
26383,4120654.59752381
26384,4282339.54843809
26385,3550072.2621381
26386,4906926.33453333
26387,4845996.40541905
26388,5008286.59986666
26389,3758667.72003334
26390,4076803.99466667
26391,4254504.73037143
26392,5031322.55413333
26393,3619206.1712
26394,3636844.1879
26395,4858642.37393333
26396,3891552.67091111
26397,4107939.88843333
26398,4134155.10744285
26399,4137439.99319524
26400,3035546.39620476
26401,5433722.54486667
26402,3969940.01523333
26403,4225201.60983334
26404,4137638.80230953
26405,4615464.82122857
26406,3352873.55253968
26407,4217720.7876
26408,3643535.00463333
26409,4217060.56733333
26410,3994488.08473334
26411,3626616.97957619
26412,4203675.33654286
26413,4612285.83543333
26414,4814276.24043333
26415,5098889.46266667
26416,4750606.24144286
26417,3893565.47619048
26418,4909525.74383333
26419,3007440.40792857
26420,4275712.66393333
26421,2849292.27830476
26422,3950940.44752857
26423,3985664.9607
26424,3869607.52994762
26425,4613728.32193333
26426,4270302.5697
26427,4570528.53143334
26428,4572518.47966667
26429,4657603.41056667
26430,3976535.6477
26431,4121607.6317
26432,4331702.2277
26433,4920660.17533333
26434,4969604.52549524
26435,5158407.4405
26436,5265522.76363333
26437,4822117.43091904
26438,4347794.29863333
26439,3295741.84998095
26440,4371392.77592857
26441,4969001.6578
26442,4995238.64
26443,4243386.36083334
26444,4899709.849
26445,4313049.8284
26446,4132491.7149
26447,3261997.9841
26448,4733219.2119
26449,5424437.7574
26450,3836616.9605
26451,4197484.05083333
26452,3751218.51579524
26453,3898057.34136667
26454,3788761.36762381
26455,3954613.37686667
26456,4459828.31926667
26457,5057862.82146666
26458,4357672.19829524
26459,4385125.97983333
26460,4793366.72286667
26461,3453096.91712381
26462,4607074.0225
26463,4512049.1047
26464,4620041.1386
26465,4214415.78851111
26466,3785575.53934445
26467,4416415.5102
26468,3696815.1246
26469,3808833.7911
26470,3790125.16023333
26471,3537266.3698
26472,4579478.74526667
26473,4628340.71556667
26474,3802431.08506667
26475,4014143.73726667
26476,3887425.38665714
26477,4352139.31789524
26478,4775188.29158572
26479,4850529.63973333
26480,3769140.52766667
26481,4383461.12909524
26482,4911558.57066667
26483,4477499.57046667
26484,5157007.10416666
26485,3732988.88084444
26486,4262349.5955
26487,4609424.67073333
26488,3725596.24347302
26489,4861956.1875
26490,4277968.67253333
26491,4518168.27776666
26492,4553917.74393333
26493,4656925.40118333
26494,3353420.90976667
26495,4747669.70607143
26496,3728484.17646667
26497,3835330.1685
26498,4859540.2502
26499,4135243.723
26500,5192384.9766
26501,3911386.05313333
26502,3840279.0871
26503,4663028.50731905
26504,2440346.55334286
26505,4293536.04373333
26506,4472492.15816666
26507,5002231.79426666
26508,4495300.17853333
26509,4621815.24933333
26510,4744610.6707
26511,3826191.21856667
26512,3497060.13615397
26513,4186468.77904286
26514,3877259.7913
26515,4552661.55486667
26516,4423707.00652857
26517,4526081.30683333
26518,4830075.33133333
26519,4765870.07743333
26520,4112125.33238254
26521,4598095.85867619
26522,4522416.15887143
26523,4149546.59588571
26524,4796884.31403333
26525,4385040.5786
26526,4268893.47323334
26527,4211916.59393333
26528,3449180.93629206
26529,5244562.5766
26530,4262564.3538
26531,4678972.67162857
26532,4772929.18367619
26533,4470091.67693333
26534,4937254.12083333
26535,4242401.84487143
26536,4661118.60016667
26537,4097184.22890952
26538,5549489.22783334
26539,3061843.83553333
26540,4170092.94936666
26541,3660710.42730635
26542,4631513.538
26543,4225803.6214
26544,4821109.10643333
26545,4680628.82716667
26546,4635154.88556667
26547,5481360.46766667
26548,4570689.29646667
26549,4227948.7012
26550,4452437.71833333
26551,4411451.86233333
26552,5100061.73847142
26553,4022916.4099
26554,5207530.96683333
26555,4182144.44356667
26556,4166796.42917143
26557,5106616.65363333
26558,4219373.18206667
26559,5434434.39251905
26560,3423959.9031
26561,4102860.38271111
26562,4394258.39993333
26563,4070505.6109
26564,4150449.01637619
26565,4112540.22477778
26566,3991881.9785619
26567,4761110.49873333
26568,5050493.15864285
26569,3091614.95173333
26570,4540097.81893333
26571,5442141.7421
26572,5170109.04546667
26573,4271271.17543333
26574,3981779.02870635
26575,4296314.2771
26576,3205778.51173333
26577,4010012.77403333
26578,3821088.10211111
26579,5752579.48131904
26580,3698985.48634286
26581,4439505.47616667
26582,5094751.2132
26583,4287381.67236667
26584,4445480.64833333
26585,4610571.28357619
26586,4266648.61423334
26587,3260485.70305397
26588,4722372.421
26589,4705478.65483333
26590,4359086.3161
26591,4192144.16954444
26592,4440148.15686191
26593,4181987.47723333
26594,4251051.4013
26595,4345563.86214444
26596,5479338.22476667
26597,4440844.06986666
26598,4567185.9078
26599,4501521.42287619
26600,5141241.83686667
26601,3735611.52346191
26602,4765627.4212
26603,4061382.59213333
26604,4151318.86982857
26605,4550396.99036666
26606,4246897.21073333
26607,4532277.3347
26608,4767776.8305
26609,3323591.94116667
26610,4072938.95293334
26611,3834423.57736667
26612,4809534.71443333
26613,4131535.11324445
26614,3714725.39427619
26615,5340878.19296667
26616,3370837.18876191
26617,4462137.4832
26618,3656476.338
26619,3843309.54563334
26620,3384072.8919
26621,4706089.02206667
26622,4138507.4905
26623,4213504.88316667
26624,5007682.347
26625,4099619.26046667
26626,4077917.8151
26627,3654150.00940476
26628,4447248.54076667
26629,5003330.24303333
26630,4503022.8533
26631,4080389.1893
26632,4928343.22373333
26633,4157974.35099524
26634,5484338.09903333
26635,3070600.6892873
26636,3889536.17876667
26637,4455897.24626666
26638,5024247.20016666
26639,5846060.48043334
26640,3315584.0313
26641,5800930.79746667
26642,4013549.77291111
26643,4494105.61556667
26644,4345419.2517
26645,2783435.15191111
26646,4835787.4821
26647,3515001.15090476
26648,4028846.661
26649,3888289.14083333
26650,4002868.87236667
26651,4597598.0434
26652,4159527.86433333
26653,3446967.8018
26654,4716751.6694
26655,4626313.15389524
26656,3079535.55654286
26657,4083050.03946667
26658,4076585.3032
26659,3237017.6197
26660,5136292.24416667
26661,3512877.19776667
26662,4095576.68706667
26663,3338833.94759524
26664,4088849.56053334
26665,3581851.03323333
26666,4726209.7172
26667,4562617.61973333
26668,4819749.86863333
26669,2969695.72253333
26670,4562271.9818619
26671,2541849.38210476
26672,3764597.6652
26673,4046871.36779524
26674,4621234.4245
26675,4938752.20646667
26676,4593592.11633333
26677,3625364.93733333
26678,4068111.26373334
26679,4735448.45863333
26680,5220708.52223333
26681,3987289.00866667
26682,4220084.48281428
26683,3637637.46572857
26684,4687734.1616
26685,4228678.51256667
26686,4168353.31227778
26687,4087800.02805714
26688,4565231.9769
26689,3894083.74166666
26690,3877790.10417619
26691,5173291.30236666
26692,3621426.63992381
26693,5208215.88283333
26694,3224103.72853333
26695,3840151.1391
26696,4512198.16983333
26697,3697911.1387
26698,3943647.72143333
26699,4655595.44719999
26700,4879741.00706667
26701,4046024.28067778
26702,4415899.7918
26703,4724855.77251904
26704,4233584.99276667
26705,4204883.76223333
26706,3500809.52595397
26707,3840439.07713016
26708,4719737.87621667
26709,4807375.24026667
26710,4572831.61276666
26711,5450367.7945
26712,4974329.01486667
26713,4139689.89110952
26714,3675074.02166667
26715,4550925.11363333
26716,4892344.2254
26717,3649980.55056667
26718,5506366.7011
26719,4921913.7258
26720,4146042.36666667
26721,3736364.575
26722,4207742.57336667
26723,4822397.53215238
26724,2902251.0628381
26725,3130673.97300952
26726,4085647.5171
26727,4991248.7492
26728,4132470.71833334
26729,4444396.44152381
26730,4051216.00833334
26731,5278340.35453333
26732,4655192.72516667
26733,3546058.25376667
26734,3765033.50081429
26735,4794903.8365
26736,4456971.7347
26737,4106690.43746667
26738,4518512.71133333
26739,4158437.29073333
26740,4683797.77632857
26741,2934569.25561111
26742,4312885.43441905
26743,4356160.39016667
26744,5332080.7097
26745,4644706.56556191
26746,4597135.70506667
26747,5138875.69136667
26748,3541020.99142857
26749,4436159.23757619
26750,4180624.6367
26751,4130819.18472619
26752,3577035.71976667
26753,4562972.31586667
26754,4408257.34117619
26755,4039793.74106667
26756,3199995.5096
26757,5040562.9183
26758,4955405.72116666
26759,4744624.16766666
26760,4798006.56103333
26761,5132082.95866667
26762,4367643.0001
26763,5131184.19543334
26764,4763456.65948571
26765,4128127.92406667
26766,4281898.2086
26767,4306625.6467619
26768,4578816.73026667
26769,5657396.9453
26770,5021947.77493333
26771,4939658.40106667
26772,3881880.83441905
26773,4675824.05366667
26774,4234543.87123333
26775,4064696.41776667
26776,4723837.00423333
26777,5625411.27623333
26778,4230275.19576667
26779,4246224.5207
26780,3581560.05903333
26781,5260086.03703333
26782,3856262.88333334
26783,3706212.10393334
26784,4357567.68807778
26785,3873310.00606667
26786,4071401.3023
26787,3534953.97323334
26788,5100665.77673333
26789,4022427.55826667
26790,5652384.44213333
26791,4460012.30786666
26792,5210046.837
26793,4339066.88641111
26794,4328412.3789
26795,4571187.8336
26796,3564277.10726667
26797,5030567.62053333
26798,4519327.10976667
26799,3843505.08119524
26800,4900838.74936667
26801,3616212.06851111
26802,3605982.9445
26803,2712249.29838571
26804,4042349.70236667
26805,3847461.89611111
26806,4427932.5625
26807,4777356.6232
26808,4515484.31456667
26809,4630056.02856667
26810,5780237.367
26811,2852246.27693333
26812,4872725.86623334
26813,3910441.76832857
26814,5046770.96623333
26815,4119837.89943333
26816,4121578.61253334
26817,3831382.2308
26818,4068301.36993333
26819,3911632.65311905
26820,4620243.1595
26821,4203489.66856667
26822,3905030.65056667
26823,4571845.16593334
26824,4116893.92572857
26825,4495692.10580635
26826,4183577.01335952
26827,3297937.47143333
26828,5297271.07139524
26829,3999114.7924
26830,4387208.02926667
26831,4769593.38123333
26832,3949183.75986667
26833,3740399.22199524
26834,4229919.56896667
26835,4723771.27856667
26836,3458103.42479048
26837,4346985.083
26838,3761264.25451111
26839,4455584.40353333
26840,4339069.53551667
26841,3817680.25797619
26842,3097134.31823333
26843,3704263.98446667
26844,4076041.50007619
26845,4491990.89633333
26846,4131434.0358
26847,4214274.21064286
26848,3879116.07206667
26849,4676078.5346
26850,4507657.00036667
26851,4657463.27972381
26852,3773347.27644445
26853,4543975.46271905
26854,4310814.55306667
26855,4136063.6494381
26856,4420983.44996667
26857,3977669.43726667
26858,3796404.65326667
26859,4664445.13026667
26860,4218193.57759524
26861,4611462.93256666
26862,3475833.7783381
26863,3971288.21454762
26864,4595443.70283333
26865,3831460.81823333
26866,3533940.92756667
26867,3954248.6019
26868,4863625.69153333
26869,4548876.48293333
26870,4404666.71086667
26871,5568740.38895238
26872,5648033.39566667
26873,4485094.04996666
26874,4344093.3337
26875,5298936.53466667
26876,3210048.4451
26877,4570520.9191
26878,4544574.95646667
26879,4723153.6569
26880,4774803.1852
26881,4610536.82016667
26882,5783067.47206667
26883,4793951.00152857
26884,3529269.44684921
26885,5104985.14656667
26886,5452415.1199
26887,3802698.6785
26888,3341980.24722381
26889,4548176.1558
26890,4881490.95473333
26891,5037293.9229
26892,4669179.79116667
26893,5368527.84956667
26894,4753137.69933333
26895,4814552.195
26896,4651794.1957
26897,4666531.50333333
26898,4384382.41015238
26899,4798410.57596191
26900,3763693.12494286
26901,4312195.85264445
26902,2830097.76021429
26903,4462498.84613333
26904,4111193.0299
26905,3986719.50869524
26906,6116194.0812
26907,3909026.65162857
26908,4122589.6708
26909,3674005.783
26910,4951515.4036
26911,4605741.41743333
26912,4633645.76234445
26913,4394232.43915238
26914,4725457.90153333
26915,4316292.33493333
26916,3505124.53730159
26917,4582286.48173333
26918,4268012.7076
26919,3970842.92733809
26920,2553055.64280952
26921,4411049.6363
26922,4007574.39766667
26923,4783825.52896666
26924,4346164.6577
26925,4739750.04456667
26926,4439117.80896667
26927,4787259.9001
26928,4351491.50951587
26929,3648827.53068095
26930,3197142.04023333
26931,4651732.50063333
26932,3724729.70176667
26933,3194312.06646667
26934,5223724.02873334
26935,4770748.29563333
26936,5321440.95112857
26937,3348006.7653381
26938,4535451.9104873
26939,4857093.70699524
26940,4866274.6333
26941,4352249.12319524
26942,4936520.8087619
26943,4264312.24573333
26944,4641246.8139
26945,3282738.51074286
26946,3959083.5378
26947,4179298.53318572
26948,4403170.7721
26949,3786346.46946667
26950,4445288.03833333
26951,3478806.21169524
26952,5090117.8296
26953,4640793.53143333
26954,4870082.13826667
26955,4573743.59796667
26956,5007976.53413333
26957,4475183.75716666
26958,4002787.69993333
26959,3948790.2942
26960,4544530.05283333
26961,4983923.98946666
26962,4674160.05106667
26963,4450619.14461111
26964,4740155.81006666
26965,3670154.60336667
26966,4412238.50806667
26967,4722187.81013333
26968,4165522.6757
26969,3423718.36159524
26970,4535946.87073333
26971,4134904.91445238
26972,2968488.1633
26973,4170875.9663
26974,4818266.56453334
26975,3933969.98204762
26976,4472308.63726667
26977,4026903.37893333
26978,4721845.82046667
26979,5489382.51895238
26980,3997414.7327
26981,3918064.58276667
26982,4758671.67813334
26983,4704225.5113619
26984,4468533.32926667
26985,2764901.36763333
26986,4583743.03673333
26987,5114672.85073333
26988,4165838.2512
26989,4717598.48303333
26990,4141426.0972
26991,4380992.37484444
26992,4076187.52079524
26993,4133639.59283333
26994,4821442.92896667
26995,4040746.14641587
26996,4134156.76523333
26997,4922554.42153809
26998,4154893.38573333
26999,3853576.38851111
27000,4287370.55211111
27001,4001681.1411
27002,4261722.0172
27003,4717802.7726
27004,5175774.86395238
27005,4206413.27596667
27006,3860871.44010952
27007,5535246.43676667
27008,5019831.52683333
27009,4174019.60616667
27010,4699964.90006666
27011,5050473.4118
27012,4020979.89208572
27013,4361184.24463334
27014,4662874.38726667
27015,4116324.96296667
27016,4753907.70263333
27017,3097078.26240952
27018,5503418.75736667
27019,3796326.05564762
27020,4406470.44026667
27021,4664949.37243333
27022,3959411.50863333
27023,4824967.71823334
27024,4710839.824
27025,4005345.65543333
27026,4710208.1326
27027,3986746.8201
27028,4568350.5718
27029,3726047.11392857
27030,5050429.88356666
27031,4913030.74773333
27032,4601676.6469619
27033,4256920.8065
27034,4594535.8093619
27035,4786513.46406667
27036,4069176.97463334
27037,4720169.8271
27038,3612064.7822
27039,5460988.5811
27040,3852645.13743333
27041,3968227.9192
27042,3938684.54686667
27043,3586625.68457619
27044,4110714.97636667
27045,4436425.61203334
27046,5426690.6793
27047,3696027.92244445
27048,4800525.72300952
27049,2866040.16617143
27050,4859465.52076667
27051,4353734.61413333
27052,4163736.19903334
27053,4751882.10712381
27054,3078684.60064444
27055,4988931.2793
27056,2819023.10021111
27057,4991471.58055239
27058,4509525.70723333
27059,4055084.97936667
27060,3975259.01592381
27061,4170138.15993334
27062,3436312.33032064
27063,4596999.87413333
27064,4542356.95393333
27065,3923827.2832
27066,4746390.2683
27067,4832358.77153333
27068,4199211.7317
27069,2768133.60531429
27070,4000570.34536667
27071,4434473.36979524
27072,4821916.9455
27073,4089076.4625
27074,4479219.12366666
27075,3553259.62756191
27076,3747126.40941111
27077,3140607.26335397
27078,5127882.2252
27079,3222219.31856667
27080,5307108.9678
27081,4299627.30348095
27082,4656811.31553333
27083,4134929.55873333
27084,4398984.5104
27085,4234695.54376667
27086,4622910.71903333
27087,4298608.89883333
27088,4207550.37034762
27089,4775000.1771
27090,3791545.67893334
27091,3571042.85139524
27092,3955397.90423334
27093,3573188.49816667
27094,4792990.01603333
27095,4236844.5498
27096,4176678.2114
27097,5042307.73893333
27098,4273771.72833334
27099,3697008.57043333
27100,3825526.24253333
27101,4093536.4875
27102,4609638.02046667
27103,3979826.85498095
27104,3934317.87711587
27105,4771785.33886667
27106,4270113.2117381
27107,2440346.55334286
27108,4658932.70183334
27109,5583389.66663333
27110,3912848.93843334
27111,3641917.91406667
27112,4361413.07816667
27113,4839129.56276667
27114,3804715.58085238
27115,4574764.2589
27116,4602197.24652857
27117,4235476.22764445
27118,3301842.18776667
27119,5248836.0743
27120,3127766.85234445
27121,4631778.03946667
27122,4358021.31693333
27123,4330488.57886667
27124,4613655.96529524
27125,4789094.90883333
27126,4665540.45262381
27127,3469320.19699206
27128,5133402.7629
27129,3867863.45399524
27130,4258534.79006667
27131,4529813.4451
27132,3661173.5266
27133,3714551.32626667
27134,4030960.20024286
27135,4670704.3427
27136,4444493.42486667
27137,4614134.62126667
27138,4314296.44903333
27139,3506343.24324444
27140,3678691.11600476
27141,4386918.83951588
27142,3875542.892
27143,4605021.81156666
27144,3833826.56516191
27145,4629210.52357778
27146,4032017.83406667
27147,3621722.42771905
27148,5024892.28065238
27149,4290623.537
27150,2704838.47897619
27151,4994243.36266667
27152,5021130.40883333
27153,5317905.24806666
27154,3796493.59673333
27155,3666009.33293333
27156,3893398.5508
27157,4682195.69679523
27158,4661152.58982857
27159,3563098.8418
27160,3790562.33057778
27161,4327014.34493333
27162,3247256.23652857
27163,3824818.25896667
27164,5338290.00853334
27165,3821250.85222064
27166,3754337.58751905
27167,4640564.1218
27168,4542966.59816667
27169,5735210.16016667
27170,4617030.44053333
27171,4862478.20083333
27172,4986342.7566
27173,4143602.3553
27174,4455955.28729683
27175,4118087.94966667
27176,3919939.00495952
27177,4420335.26532381
27178,3465243.62746667
27179,4629848.8306
27180,4317776.66564445
27181,4559863.9561
27182,4083893.92446667
27183,3878246.8307
27184,4402125.9978
27185,5237610.0135
27186,4696236.0724
27187,3793196.02616667
27188,2772314.8109
27189,5267820.8035
27190,5005225.6621
27191,4678944.70895238
27192,4337694.0448
27193,3918864.39723334
27194,4810238.4816
27195,4644102.32556666
27196,4729686.28621905
27197,3669942.0402
27198,4914809.47528333
27199,4144116.96999047
27200,3758649.90823333
27201,3131535.08736191
27202,5132310.19463333
27203,4181928.28033334
27204,3659947.25927619
27205,3686149.08966667
27206,4035781.99450159
27207,4135716.2936
27208,4381291.06686667
27209,3933266.93076667
27210,3236958.79235715
27211,4316437.41363333
27212,3879967.42116667
27213,5410191.9502
27214,3148757.58003333
27215,4763677.0283
27216,4552436.248
27217,4620340.02055238
27218,4077955.6982
27219,4590255.71186666
27220,5041934.3575
27221,4461470.72336666
27222,4652174.6149
27223,4235811.08073333
27224,2529359.21413333
27225,3926441.42779524
27226,3981718.2461
27227,4333414.0869
27228,4706023.93583333
27229,3165686.25583333
27230,4450762.5502
27231,3864138.27316667
27232,4869973.64783334
27233,4859011.89813333
27234,2656119.27524286
27235,3873913.11
27236,4232256.51366191
27237,4960573.8669
27238,4362826.91863333
27239,5533403.87126667
27240,4805024.41072857
27241,4285002.51109524
27242,4424069.5432
27243,4087784.2242
27244,3543074.18970159
27245,3528729.71953333
27246,3931376.43282857
27247,4777951.1255
27248,4778704.2545
27249,3611325.4049
27250,4087317.22623333
27251,3968143.95093333
27252,4654662.38266667
27253,4763915.79543333
27254,5055508.59026666
27255,3920265.90399524
27256,3676284.36971111
27257,4470005.05883333
27258,5198919.01581905
27259,4506877.80466667
27260,4496023.95523334
27261,4206509.03163333
27262,4594829.94792857
27263,4171720.33631587
27264,4449047.4761
27265,4032845.84187778
27266,4140396.60503333
27267,4687401.26403333
27268,4300845.30249762
27269,4980239.65595238
27270,3517281.06510476
27271,4634416.78143333
27272,4891910.80533333
27273,5073595.45826667
27274,4106252.04025238
27275,4757586.08357778
27276,4017801.63736667
27277,4539515.1563
27278,3958321.06203334
27279,4769618.11153333
27280,4808791.46246667
27281,3909558.53704286
27282,3789569.24933333
27283,4466674.43983334
27284,4088987.53133334
27285,5291190.51766667
27286,3627445.13417619
27287,4911012.9866
27288,4697933.11176667
27289,3436418.97573334
27290,4093686.88213333
27291,5423237.33143333
27292,3553593.7060873
27293,5069768.11829524
27294,4640600.72570952
27295,3297692.91335714
27296,4477803.31786667
27297,4554685.56435238
27298,4885701.2769
27299,3736642.4079
27300,3851933.945
27301,4811102.18183333
27302,4607799.70403333
27303,4351430.29806667
27304,4769836.8588
27305,4072528.93356667
27306,4264033.8727
27307,4422755.54496667
27308,4829298.90621111
27309,3219967.80057778
27310,3729207.3908873
27311,5466207.59816666
27312,3041032.92756667
27313,4877401.7233
27314,4303291.28646667
27315,3366080.40051429
27316,4498849.78176667
27317,4138740.13783333
27318,4195734.73715238
27319,4695994.44553333
27320,4531867.1946
27321,4544624.04574286
27322,4635122.72646666
27323,4366991.97693333
27324,4517567.38603809
27325,4152955.91650635
27326,4728059.88763333
27327,2947399.85664286
27328,4298331.69303333
27329,4858373.14246666
27330,3808262.04166667
27331,3863833.6596
27332,4071467.63546667
27333,4299047.72601111
27334,3610649.35966667
27335,3744429.53129683
27336,4136774.98735238
27337,4917048.16603333
27338,5180387.437
27339,4835477.05236666
27340,3143809.25241111
27341,4920910.60956667
27342,4591860.69763333
27343,4465713.37016191
27344,3771446.31183333
27345,4525754.41396667
27346,4153497.09065238
27347,4437920.8008
27348,4068467.00115238
27349,4777946.84975238
27350,4943667.67676667
27351,3539121.44327778
27352,4758846.83423333
27353,4559331.61332857
27354,5176135.22106667
27355,4213467.3843
27356,3802184.2489381
27357,5058843.49006667
27358,4272225.077
27359,4964042.88332857
27360,3744196.31552064
27361,4581706.44353333
27362,4368617.71793334
27363,4569958.66166667
27364,4642625.43485714
27365,4398004.98063333
27366,4934968.3965
27367,4223078.63893333
27368,4692997.31305238
27369,4691000.03273333
27370,4814313.4509
27371,4838647.81413334
27372,4098281.87199048
27373,4194873.65903333
27374,3208290.37356667
27375,4367544.0415
27376,3856261.674
27377,4443239.79390159
27378,4087720.66366667
27379,3939052.35882381
27380,4051164.98499524
27381,4147679.18643333
27382,3937326.30136667
27383,4270531.28216667
27384,4440723.22993333
27385,4377441.85130952
27386,3891697.29842857
27387,4666045.71903333
27388,3631406.44084444
27389,4320993.14993334
27390,3186525.81160476
27391,3609198.23410476
27392,4656925.4255
27393,3845794.15043333
27394,3351928.1743
27395,4122875.78385714
27396,5308148.99716667
27397,4366585.64800476
27398,4609800.19196667
27399,4161286.88084524
27400,4163503.37706667
27401,3317138.7286
27402,4317363.05733333
27403,4486593.65049999
27404,5300385.9355
27405,3039816.69346191
27406,4603317.77391429
27407,4603103.4487
27408,3630664.26983969
27409,3709637.7845
27410,4649364.6882
27411,3882897.00231905
27412,4588254.74013333
27413,4940065.28413333
27414,3848142.99766667
27415,4724469.98483333
27416,4046871.36779524
27417,5120848.4742
27418,4294502.73025714
27419,5055410.94953333
27420,3218935.34600476
27421,4402364.65883333
27422,4967975.35053333
27423,4332392.4612
27424,4587910.4120619
27425,4383771.33051905
27426,4912822.8808
27427,4460571.8053
27428,3803739.10466667
27429,4363998.43024444
27430,4893367.2983
27431,4287835.9804
27432,5439883.26285238
27433,4216283.03377619
27434,4084112.88883334
27435,4906044.0436
27436,4733604.16211905
27437,3984168.01603333
27438,4226206.1412
27439,3914925.15322857
27440,3738076.73712063
27441,5401429.18618571
27442,4563299.0889
27443,4650607.18516667
27444,4283441.84796667
27445,3899589.6485
27446,4139827.65123334
27447,4229890.27803333
27448,4846269.59903333
27449,4247279.16386667
27450,4043185.40724286
27451,5046374.02946666
27452,4312377.04012857
27453,4668575.2436
27454,4078519.7286
27455,4503839.13303333
27456,4431114.32793333
27457,4938583.7131
27458,3598739.51076191
27459,3624272.44212381
27460,4025064.6086
27461,4770527.8477
27462,4958825.25056667
27463,3663251.82234762
27464,4932249.4021619
27465,3524132.39735397
27466,4926070.2892
27467,4305895.02799524
27468,3236454.09186667
27469,3819324.56491111
27470,4850273.3999619
27471,4437103.25973334
27472,4820242.84513333
27473,4678625.8924
27474,4052582.96024445
27475,3028749.18383492
27476,4802703.04993333
27477,4989499.64686667
27478,3136595.0167873
27479,4923934.50106667
27480,5303351.15166666
27481,5252927.8428619
27482,4466324.82373333
27483,4937574.652
27484,4154725.52299524
27485,4572847.55793333
27486,4110459.95893333
27487,4905556.5194
27488,5146711.25463334
27489,4933150.69203333
27490,4535149.58081667
27491,4186345.11266667
27492,2995396.63455397
27493,4214084.92746667
27494,3375600.60482857
27495,3564679.4439873
27496,4342954.2375
27497,4319872.38216667
27498,4161674.03136667
27499,4465048.4867
27500,3935559.32163334
27501,4245266.46053333
27502,4340812.98971667
27503,5012727.49053333
27504,4514582.2849
27505,4212073.08666667
27506,3984857.742
27507,4272914.7599619
27508,3909359.44473333
27509,4609025.57841111
27510,5054572.59945714
27511,3653451.43353333
27512,3648275.75473333
27513,3812192.1443
27514,4444382.05653333
27515,4733027.67561111
27516,5765996.1756
27517,3579638.44783334
27518,4254556.6486
27519,4653513.0792
27520,4059371.65343333
27521,5921745.56523333
27522,4184275.55183334
27523,3900763.0603619
27524,4417708.75334444
27525,4729743.2207
27526,3975296.70809524
27527,3030296.91064762
27528,4013247.06186667
27529,3067295.0220381
27530,4297358.93316667
27531,4056032.49658572
27532,4529550.60123333
27533,5655465.90906667
27534,5066903.9191
27535,4278430.58056667
27536,4758760.1156
27537,3699370.32196667
27538,4715212.89913334
27539,4927989.2464
27540,4618312.32813334
27541,4207701.31090953
27542,4765393.53853333
27543,4815837.7877
27544,5314525.53423333
27545,4676693.54693333
27546,4629000.05536667
27547,2742712.94057778
27548,3110815.5006873
27549,4346762.13703333
27550,3703548.48900397
27551,4006342.90946667
27552,4771862.33966667
27553,4406457.27846666
27554,4334910.93806667
27555,4260591.1259
27556,4167306.38763333
27557,4842867.86743333
27558,4720599.81116667
27559,4043734.4703
27560,4882602.7839
27561,4653071.77666667
27562,4306621.63686667
27563,4203421.8018
27564,4276806.5413
27565,3503784.17643333
27566,3382385.99874286
27567,4363998.43024444
27568,3970613.45008095
27569,2404193.29339048
27570,3477103.65978095
27571,4362248.06582381
27572,4735126.67866191
27573,4733666.31946667
27574,4117559.77120635
27575,4882087.36543333
27576,5228088.44371905
27577,5038346.89576667
27578,3684909.80284444
27579,3777140.34406667
27580,4039873.01871428
27581,4281999.09493333
27582,4042523.45686667
27583,4483596.57606667
27584,5244774.34916667
27585,4206142.1317
27586,4756542.0704
27587,4461675.80856666
27588,4627683.72824444
27589,3679256.18971905
27590,4405194.19733333
27591,3962792.02573333
27592,3699959.4352
27593,4340150.67788571
27594,3983005.34006667
27595,4702976.14993333
27596,4647217.02866666
27597,4441621.61363333
27598,3941819.5795619
27599,4969014.32358333
27600,5385205.35532857
27601,3631636.46752857
27602,4562037.26316667
27603,3952355.09476666
27604,4559830.39249524
27605,2930324.63961429
27606,4208671.33103333
27607,4335578.58458571
27608,4630884.82983333
27609,5336555.90793333
27610,3907647.30833492
27611,4573997.34316667
27612,4033346.76203333
27613,4282872.94706667
27614,4083452.1717
27615,3338453.71694762
27616,5016756.93308333
27617,4465450.06453333
27618,4056839.4694381
27619,4809299.06253333
27620,4878262.33536666
27621,3970874.28695714
27622,5171292.326
27623,4102546.73153333
27624,4377809.58153333
27625,4683259.621
27626,3600336.4036619
27627,4880537.17373333
27628,5453639.1259
27629,3454457.1399
27630,3404878.0334
27631,3660391.34383333
27632,4374089.04093016
27633,4043848.02113334
27634,4621183.12673333
27635,5171546.27273333
27636,3758661.30463333
27637,4574764.2589
27638,4568014.79316667
27639,4543090.6654
27640,5427489.28896667
27641,4520847.5216
27642,4478877.49597143
27643,5109015.15476667
27644,4643343.49166667
27645,3297071.9662
27646,4686755.0119
27647,4522430.66553334
27648,4599758.88934444
27649,4799266.89136667
27650,3956315.04583334
27651,4145693.9137
27652,3036724.96751429
27653,5218224.13712381
27654,4452878.76373333
27655,4869554.79715396
27656,4919228.65056667
27657,4313420.17233333
27658,4187811.6779
27659,4715864.34856191
27660,3522077.30290952
27661,3905110.36456667
27662,4699652.11440952
27663,4434208.191
27664,4247939.61013333
27665,4488504.10678334
27666,3781485.0236
27667,3784122.00926667
27668,3297258.68529048
27669,4375268.47826667
27670,4537518.93273333
27671,3829678.23563492
27672,4139827.65123334
27673,4549551.60776667
27674,3815002.62406667
27675,3892710.51954444
27676,4075459.3165
27677,4546771.33596667
27678,4288204.16091905
27679,4441222.18746667
27680,3234898.46567143
27681,3794625.31623334
27682,4052657.59208571
27683,3618858.29530476
27684,5273036.84583333
27685,4605891.9539
27686,4779315.79433334
27687,4027922.9050381
27688,4695873.76603334
27689,4194818.46149048
27690,4265309.07416666
27691,4744459.9071
27692,4196009.39999524
27693,4229568.73226667
27694,5131311.84923333
27695,4338296.27850476
27696,4211076.5153
27697,4237489.63604286
27698,4224028.29326667
27699,3609473.44456667
27700,3905558.70701111
27701,5863653.55336667
27702,4186788.29994445
27703,4436860.81146667
27704,4465919.3398
27705,3998718.86163334
27706,4012164.49826666
27707,4588966.02716191
27708,2936463.25778571
27709,3826167.48293016
27710,5083028.32856667
27711,4815459.4221
27712,4505159.27006667
27713,2733835.84293333
27714,4604281.30156667
27715,4258385.5701
27716,4612580.29543334
27717,4050032.18983334
27718,4864797.72765
27719,4809886.44186667
27720,4322096.33053333
27721,4327494.08636666
27722,4028701.84033334
27723,4196806.00293333
27724,4174967.74093333
27725,4915421.86823334
27726,3958321.06203334
27727,4138549.55726667
27728,4386688.49746667
27729,4264281.0217
27730,3799686.19975397
27731,3418076.788
27732,4533793.23
27733,5733191.85923333
27734,4089858.2114
27735,4559413.2287
27736,3984661.42587778
27737,3301694.67725714
27738,4309414.54291905
27739,3560718.91603334
27740,3913613.14528571
27741,3852587.47363334
27742,4041101.56481905
27743,4163122.38204286
27744,4787726.61723333
27745,4270469.8295
27746,5190093.6516
27747,4542696.98776667
27748,5061914.88116666
27749,4919559.86603333
27750,3992039.67243334
27751,4053923.83896667
27752,5458514.61336667
27753,4477518.89983333
27754,3014002.49397143
27755,4727699.21193333
27756,4907851.67756666
27757,3826395.33050476
27758,3795572.04763333
27759,5633803.98286667
27760,3163294.5824873
27761,4553748.63219524
27762,5270117.7847
27763,4917253.84323333
27764,4730336.42301111
27765,4820159.21903333
27766,4207687.37302063
27767,3446535.94193333
27768,2914780.37935714
27769,4485845.72822857
27770,4463090.39594286
27771,3688417.31260953
27772,4766127.13349524
27773,3483423.65115714
27774,5077541.7606
27775,3726949.47088254
27776,3610528.52683333
27777,3969873.72710635
27778,4683780.38826666
27779,5032823.67776667
27780,4058960.88031905
27781,3915581.9709
27782,3795434.9504619
27783,4571600.75643333
27784,4354227.73215714
27785,3613462.75035873
27786,3776600.3219619
27787,3566440.8338
27788,3763736.61087143
27789,4462644.86873333
27790,3985403.1004
27791,4508909.47014285
27792,4959067.7221
27793,5017111.86819524
27794,3801513.64270952
27795,3905555.16497778
27796,3896844.1117
27797,3834022.73716667
27798,4211163.33503333
27799,5098098.83556667
27800,4124727.11622857
27801,5049196.55486666
27802,4235369.3168
27803,4072715.29343333
27804,4745802.98136667
27805,4522444.56896667
27806,3914339.70734286
27807,5044176.90021904
27808,3959570.69183333
27809,4111986.85303333
27810,3963543.39681905
27811,4806601.27451428
27812,3860612.16423334
27813,4179523.9579
27814,4947817.77113334
27815,4074576.2287
27816,4404878.87873333
27817,4465426.4325
27818,4006871.24596666
27819,4495262.3596381
27820,4211535.34539524
27821,5106366.6455
27822,3487506.53276667
27823,4140204.81324444
27824,4602788.0388
27825,4070024.47096191
27826,4433768.2003
27827,4592399.34456667
27828,2617063.71180476
27829,3299796.6886
27830,3659925.00543333
27831,3352420.76632064
27832,5495115.07916666
27833,5086456.5653
27834,5010635.75286667
27835,4586320.72986667
27836,4224014.09926667
27837,3931916.55910952
27838,4449295.70276666
27839,4319796.78283333
27840,2820178.74040476
27841,4500163.35733334
27842,4711088.21266667
27843,3802816.62192857
27844,3572099.45233333
27845,4170894.60086667
27846,3668804.59847619
27847,4242872.04394445
27848,3706880.64433016
27849,5574103.3492
27850,4353146.36414444
27851,4028405.1808
27852,4300598.74573333
27853,3671139.52377619
27854,3010043.97571429
27855,4597943.5112
27856,4071108.03419048
27857,3760572.7083873
27858,3624484.8399
27859,4936503.27613333
27860,5312022.4385
27861,4905993.07004444
27862,4933035.45895238
27863,4469681.18673333
27864,4184864.4338
27865,5078941.68821666
27866,4290225.29094286
27867,4795643.76885238
27868,3720425.76243334
27869,4852002.52273334
27870,4943898.5164
27871,5126398.7248
27872,4519145.24174444
27873,4236514.7209
27874,4612025.70086667
27875,3673626.64449524
27876,4346962.62305397
27877,2753695.53706825
27878,4041372.64088095
27879,4333279.85086667
27880,4507702.79093333
27881,5029204.2788
27882,4099860.3271
27883,5291870.2836
27884,4189187.97553334
27885,4607196.24573333
27886,4428156.841
27887,4051657.80073333
27888,4828992.356
27889,3107475.4137873
27890,3382605.94223492
27891,4682633.0519
27892,4243304.52763333
27893,3948318.86006667
27894,4730833.90696667
27895,5212019.35516667
27896,4194037.8387
27897,4176006.51086667
27898,4054754.24866667
27899,4899567.681
27900,4801986.34306667
27901,3928612.81028254
27902,3992069.94726667
27903,3998423.05846667
27904,3792040.2253
27905,4394393.74046667
27906,3529110.20872381
27907,5184431.9789
27908,4594701.65953333
27909,4772129.82401905
27910,4984570.27181904
27911,4568221.02516666
27912,4648892.49026667
27913,5019994.31206666
27914,4511413.46233333
27915,4467824.53243333
27916,4374281.22227778
27917,5346910.79653333
27918,3893511.06991111
27919,2472186.11863492
27920,4052040.0772
27921,4097925.48024762
27922,5010173.58603333
27923,4763787.79763334
27924,4612696.10636667
27925,3968329.59147778
27926,4559098.23353333
27927,5214117.58746667
27928,3882498.10597778
27929,4221357.02754445
27930,4079141.62906667
27931,4137316.14839048
27932,4368577.63783334
27933,4035899.75331428
27934,3512596.34393334
27935,3480818.65270635
27936,4986495.40806667
27937,4729755.00136667
27938,5308090.46246667
27939,4820872.49556667
27940,4063365.31745714
27941,4609095.3056
27942,4146475.30786667
27943,4042787.83703333
27944,5687083.26493333
27945,5248273.49593334
27946,3608787.4032381
27947,3752052.66493334
27948,5229496.3405
27949,4245021.47827778
27950,3926358.62836667
27951,3675484.50706667
27952,4334433.4369
27953,4049838.39853334
27954,4696791.34073333
27955,4426359.04886667
27956,4522461.32483333
27957,4765966.04443333
27958,4417238.28363333
27959,4409133.17676667
27960,5150710.71543333
27961,3962952.2884
27962,4494355.96013333
27963,4973342.46323333
27964,4269001.7274
27965,4837840.4686
27966,4404295.1715
27967,3852311.795
27968,3426279.32423333
27969,4758491.1443
27970,4498662.53501428
27971,5312850.80813333
27972,4264148.8155
27973,4262237.21247619
27974,4786510.4715
27975,4266454.74119524
27976,4455251.73736667
27977,2832792.29506667
27978,4794320.1183
27979,4400678.17356667
27980,4598936.69356667
27981,4287633.31556667
27982,4878431.7765
27983,4581206.3007
27984,4752569.6591
27985,3751243.40151111
27986,4834346.56507777
27987,5140297.81706666
27988,5058442.90502857
27989,3809291.59324762
27990,4693148.0515
27991,3840962.92006667
27992,5144643.18506666
27993,4054878.49493333
27994,4893792.96713333
27995,4498811.46473333
27996,5542664.69133333
27997,4409198.11936667
27998,3761862.99503333
27999,3840726.80164286
28000,4604463.05623333
28001,4352078.8143
28002,4678889.72403333
28003,4823110.99396667
28004,4150835.4315
28005,4351757.01286191
28006,4867161.0561
28007,4636917.6588
28008,4420053.27343333
28009,3692033.17867778
28010,3696349.93682539
28011,4104078.76077143
28012,4288728.56810476
28013,5830534.01023334
28014,4447572.25611667
28015,4398733.60629047
28016,3880688.01858095
28017,4216154.0658
28018,4750851.1656
28019,3993487.58983333
28020,4047811.14950476
28021,4174553.89426667
28022,4488815.63557143
28023,3497642.3187873
28024,4473302.37403333
28025,4275496.2285
28026,4236905.15409524
28027,4197744.46096191
28028,4299778.2203
28029,4925672.11043333
28030,4909753.1563
28031,5056070.46986667
28032,3703083.66413333
28033,4363603.70041905
28034,4945471.67456667
28035,4876461.39003333
28036,4735561.17178571
28037,4660209.9406619
28038,3204811.36903333
28039,3524166.72090952
28040,4114687.4635
28041,5431659.17026667
28042,4941537.18223333
28043,4192610.07502619
28044,4441505.77133333
28045,4624128.3274
28046,4144454.11873333
28047,4825990.4992
28048,3500006.86713333
28049,5371494.97526667
28050,4298902.25946666
28051,4259788.92056667
28052,4223255.5085
28053,3220590.52111111
28054,3363434.09966191
28055,5164504.22773333
28056,4447746.6606
28057,4856330.29435238
28058,4896731.73536667
28059,3245250.60800476
28060,3723993.54806191
28061,4380720.20333016
28062,4648039.87616667
28063,4025539.2956
28064,4470912.481
28065,4242444.63031111
28066,4526081.23956667
28067,4336123.99112778
28068,5071495.93648334
28069,3809119.50947619
28070,4428611.72236667
28071,3634388.61123334
28072,4379824.78013333
28073,3795886.70968095
28074,4346976.5133
28075,4022330.03893333
28076,4296101.15053333
28077,4287190.8881
28078,4553011.5338
28079,4120881.87484286
28080,3986083.38404445
28081,4152562.24156667
28082,4013557.47106667
28083,3484209.77915238
28084,3337523.89336667
28085,4476324.74723333
28086,4945735.73043333
28087,3831299.30796191
28088,3935495.89244445
28089,4085776.29846667
28090,3691060.2282
28091,3768959.6789873
28092,4615114.85878095
28093,3861501.62907778
28094,4120908.89017619
28095,4239130.96263333
28096,4816155.3345
28097,3891887.87923333
28098,5329929.96496667
28099,4613129.31583333
28100,4563427.77480952
28101,4349282.11823333
28102,3947638.31356191
28103,4765379.89526667
28104,4727743.91647778
28105,3608904.16204286
28106,4162892.60367619
28107,4294619.92443333
28108,3333031.00031111
28109,4190819.5116
28110,4714026.58653333
28111,3444245.3909381
28112,5102390.97966667
28113,4058678.7041
28114,4305199.77978572
28115,4092495.24696667
28116,4842706.15383333
28117,4068013.16913968
28118,5035269.2802
28119,4709623.40093333
28120,3582952.3647
28121,4888233.8312
28122,4735065.96025
28123,4691788.35656667
28124,3716044.69643333
28125,4723615.43376666
28126,4386903.68266667
28127,5111245.3482
28128,3762867.54127619
28129,5332096.87896667
28130,4311841.55074286
28131,4637724.4674
28132,4768474.50156666
28133,5846498.2513
28134,5529859.06563333
28135,3051982.93895397
28136,4717139.67153333
28137,4787580.51933334
28138,4104230.8837
28139,4022709.19463334
28140,4155403.1074
28141,3856320.70293333
28142,4577019.6096
28143,4769469.5541
28144,4892105.20976666
28145,4135532.29536667
28146,4266860.764
28147,4426288.76907778
28148,4262058.9108381
28149,4191794.71883333
28150,3965330.7274
28151,3490464.69803334
28152,4899610.5739
28153,4428849.6031
28154,4520068.00196191
28155,3764195.55346667
28156,5290457.42573333
28157,4827830.14733333
28158,4127881.2761
28159,5184480.56864286
28160,4539623.48900476
28161,4147803.05457778
28162,4102395.30925397
28163,4296298.16566667
28164,4104805.3782381
28165,4616218.69161111
28166,3502812.16837143
28167,4490896.51926667
28168,4552157.7636
28169,4500978.5477
28170,4836097.04613333
28171,4658776.78376667
28172,5333312.28153333
28173,4242727.9257
28174,4669957.41863333
28175,4342200.2131
28176,3965736.85723334
28177,4299440.33766667
28178,5144097.5321
28179,4021312.44417619
28180,3742353.58953334
28181,4373809.63637143
28182,4455168.9529
28183,4680823.61893333
28184,4085500.15456667
28185,4129868.2037
28186,3072389.7543873
28187,3672558.5884
28188,4470550.65796667
28189,3683551.4415
28190,4298091.2231
28191,4917341.19633333
28192,4662142.00686667
28193,3809967.19006667
28194,4080315.46883333
28195,3540167.33173334
28196,4501443.01
28197,4276748.19016667
28198,4961328.24466667
28199,4653149.78233333
28200,4768245.03656667
28201,4384317.52496667
28202,5154339.99836666
28203,4040178.07986667
28204,4192320.02806667
28205,4383390.72913334
28206,3972677.20796667
28207,4561251.28873333
28208,2607497.85866667
28209,4888121.3979619
28210,3817598.43073333
28211,3680535.69026667
28212,3660977.26261429
28213,3777419.35846191
28214,3946627.39075715
28215,4068787.33463334
28216,4108989.1232
28217,3902836.04693333
28218,4748836.17506667
28219,4154260.19640476
28220,4169016.99832857
28221,3741857.09144286
28222,4464556.85847619
28223,4875272.70777619
28224,4936934.81806667
28225,5248225.72996667
28226,5476148.77426667
28227,4537310.15756666
28228,4045601.99314444
28229,4237960.63966666
28230,2589681.35028095
28231,4060195.98686667
28232,4245831.0885
28233,3887095.8159
28234,4980941.95222857
28235,3997929.64873334
28236,5147004.81760001
28237,5708717.27096666
28238,5416437.32333334
28239,4624948.5217
28240,4189183.13621111
28241,3919674.64876667
28242,4404464.50213333
28243,3519602.39702857
28244,5259960.46036667
28245,4075188.99136667
28246,3745163.13599524
28247,2585261.93271111
28248,4282720.78376667
28249,4136148.2556
28250,3363993.2066873
28251,4716225.23716667
28252,4803150.4654
28253,4702527.62463333
28254,4796292.85966667
28255,4337872.30653333
28256,4771765.26019524
28257,3848063.7595
28258,5140984.65696666
28259,4043241.25125714
28260,4910967.0233
28261,4759449.87883333
28262,3945007.99038254
28263,5113097.73353333
28264,3628330.19417143
28265,4244439.69503334
28266,3976759.92941905
28267,4303088.44781111
28268,4611378.7011
28269,4420032.87796667
28270,4090063.36544762
28271,4968168.3335
28272,4915732.2814
28273,3891435.13197778
28274,4290315.59431111
28275,4051189.10662857
28276,4359250.86481905
28277,4192199.31466667
28278,3180585.69402857
28279,4992689.16193333
28280,5843146.26703333
28281,4235882.53327778
28282,4426970.89973333
28283,4036572.73506667
28284,4108506.5646
28285,4228652.35621429
28286,3851810.35221111
28287,3234876.49589048
28288,3120860.96486667
28289,4701789.89066667
28290,4209273.2929
28291,5320073.41416667
28292,2918893.92906667
28293,4086343.21763333
28294,4407527.18586667
28295,3673329.64064921
28296,4115390.69490952
28297,3402331.14582381
28298,4109289.6689
28299,3605538.9587
28300,3917845.20157778
28301,4654544.7789
28302,4986286.2617
28303,4233125.12483334
28304,4491019.68201905
28305,3920896.19146667
28306,4489620.57743333
28307,5918940.22836666
28308,5290080.50356667
28309,4587942.20480952
28310,4366371.2607
28311,4320751.00106667
28312,5146197.0506
28313,4450982.47898095
28314,4145918.66886667
28315,5826816.31466667
28316,4377072.2139
28317,4797135.35626667
28318,2422378.17090952
28319,4331999.89796667
28320,4571457.09839999
28321,4433254.93012381
28322,4457530.9345
28323,4356450.95886667
28324,5408686.7322
28325,4276932.8727
28326,4336799.10756667
28327,3680324.33813333
28328,4751999.2664
28329,5051042.31966667
28330,3300185.40129048
28331,4477240.68777619
28332,3920050.18616191
28333,4205032.32694762
28334,3650652.16443333
28335,4961855.27776666
28336,4101645.33736667
28337,4395262.58346667
28338,5398326.19697777
28339,3996608.78654445
28340,4290062.68916667
28341,4707133.49126667
28342,4272426.27926667
28343,4477162.54223333
28344,4398358.59283333
28345,3771207.11722857
28346,4019818.18426667
28347,5772317.1165
28348,3698706.87566349
28349,4692631.52589524
28350,3327710.93171429
28351,4079669.5099
28352,4109105.88846667
28353,4475317.04576667
28354,4617340.76096667
28355,3696686.40656667
28356,3209089.51350159
28357,2848603.4325
28358,4489970.03721111
28359,4446411.72182857
28360,5226532.0596
28361,4214319.90866191
28362,4396165.41756667
28363,4219436.0687
28364,5134029.70598095
28365,5179768.379
28366,3784397.28282381
28367,3372701.08746667
28368,4758739.78496667
28369,4718242.90196666
28370,4754632.44156666
28371,4307304.51943333
28372,4831441.56056667
28373,4146254.8374
28374,4447487.28636667
28375,4453199.46773333
28376,4467887.83147778
28377,4509502.2085619
28378,4646453.9978
28379,4311857.90683333
28380,4183533.4745
28381,3586457.8442381
28382,5165621.62856666
28383,4657187.67323333
28384,4466474.59923333
28385,4556871.365
28386,3238545.18472064
28387,4688842.16375714
28388,4374639.6467
28389,4882751.13743334
28390,3667310.6174619
28391,4718933.7339
28392,3756855.1537
28393,3743622.98986667
28394,3699301.14067778
28395,4462044.5053
28396,4192461.15275238
28397,4169521.98931111
28398,4248475.41816667
28399,4005077.22133333
28400,4351084.10196667
28401,5314752.04896666
28402,4486029.74703333
28403,4396220.55451429
28404,3850416.27936667
28405,4302116.5192
28406,4910508.69096191
28407,4755899.1331
28408,4511796.21556667
28409,4787699.1637
28410,4348121.97343333
28411,4847652.38476667
28412,4634163.08333333
28413,3228505.42969524
28414,3465619.77206667
28415,4602051.31110952
28416,5493765.178
28417,3955344.77534286
28418,4294485.47971111
28419,3453664.37229048
28420,3109781.46631111
28421,3844665.27691111
28422,5066976.24966666
28423,4285234.62386667
28424,4393376.39926667
28425,4151532.8645
28426,4470482.0326
28427,4675516.31892857
28428,3956156.61894444
28429,5388044.95425714
28430,3138952.71063333
28431,3857847.4643
28432,4580887.949
28433,4011741.38247302
28434,4739866.23964444
28435,3958851.30853334
28436,4074633.09984444
28437,3851069.06381111
28438,4877773.5842
28439,4349298.6465
28440,3342454.52777619
28441,4008639.73076667
28442,3998714.33041111
28443,4523852.72003333
28444,4862578.08863334
28445,4699157.49323333
28446,4344579.41571667
28447,4508764.72613333
28448,4183669.52814444
28449,4485370.1102
28450,4956707.4305
28451,4087436.50433334
28452,4219453.12380953
28453,4561148.43393333
28454,4572833.29908095
28455,4087604.46608571
28456,4670912.84691905
28457,4139350.84350476
28458,2804772.81563333
28459,3935828.41376191
28460,4482449.29045714
28461,4264882.56263333
28462,5103852.1748
28463,5336886.2708
28464,4016609.63126825
28465,4525131.43811112
28466,3060792.10599682
28467,4225934.22315714
28468,4257167.62686667
28469,4056696.9878
28470,4776674.33052857
28471,3778060.01133333
28472,4317823.8916
28473,4139232.11994445
28474,4469435.7196
28475,3502971.1328
28476,3832408.23776667
28477,4129592.30753334
28478,4595116.37677143
28479,3489851.18992857
28480,3119378.04126667
28481,4753071.42976667
28482,4377054.80734444
28483,3951956.4494
28484,4539515.1563
28485,5096217.8054
28486,2581583.17973333
28487,4593966.4926
28488,4984985.08839524
28489,3900799.46337619
28490,3893608.28871905
28491,4161614.90096666
28492,5298227.01906667
28493,4370873.3999
28494,4436684.7303
28495,4228170.66713333
28496,2385509.53767143
28497,4297083.18046667
28498,5261040.31726666
28499,4393631.69963333
28500,3441695.68929524
28501,5113277.44673333
28502,4063642.75579524
28503,4088480.3667
28504,4764364.49886667
28505,4429809.4905
28506,4281788.46856666
28507,4045976.59822857
28508,4595285.7717
28509,4463962.98770952
28510,4061203.5828
28511,4569386.1029
28512,3236367.84881111
28513,3594074.06116667
28514,3047018.38382064
28515,4426504.66243333
28516,5013752.10946667
28517,3794770.68795397
28518,4924756.99636667
28519,4022090.77243334
28520,4146077.75576667
28521,2763444.35710476
28522,4731811.1847
28523,5012410.78345238
28524,4271494.38184445
28525,3644619.84454286
28526,4018370.1089
28527,5134424.47283333
28528,4699004.08253333
28529,4429195.69413333
28530,4071765.1195
28531,4189014.62346667
28532,4711012.86945238
28533,4975556.54116667
28534,4203227.85243333
28535,4269676.35866667
28536,4538143.86273333
28537,4659888.9129
28538,4793805.38486666
28539,4231885.81875238
28540,4956489.01383333
28541,5374360.54356666
28542,4293992.8288
28543,4106414.4362
28544,2961384.99485397
28545,5075648.84066667
28546,4032971.12734286
28547,4780760.16343333
28548,4409850.04673333
28549,3353548.35203333
28550,3965488.5211
28551,4301491.89453333
28552,4958861.65303333
28553,4094245.71807778
28554,4066145.42189524
28555,4729416.6851
28556,4994746.33837142
28557,5112592.5529
28558,5323148.9723
28559,4401776.93536667
28560,4161201.16476667
28561,4836153.60386666
28562,5506584.0651
28563,4070460.52886667
28564,3984160.36973334
28565,4006738.82851111
28566,4280189.6465
28567,3830348.34236667
28568,4225876.53343333
28569,4193940.82996667
28570,4057632.36366667
28571,3961084.48616667
28572,3340442.19901111
28573,4062723.0186619
28574,5398858.20883333
28575,3894176.3354
28576,4356446.34806667
28577,5083372.24136666
28578,3959762.18997619
28579,4593954.43529524
28580,5230557.62566191
28581,4128405.49976667
28582,3734047.33997778
28583,4465550.96036667
28584,4396999.8085
28585,4316704.09189524
28586,4289993.12913333
28587,5131287.4705
28588,5020338.05306667
28589,4781200.3046
28590,4529978.0408
28591,4399406.50786667
28592,4277406.9719
28593,5162711.59376667
28594,4400732.57803333
28595,4474682.1804
28596,4065838.86143334
28597,4631459.1545
28598,3933500.33073334
28599,4564993.76418095
28600,4119106.51384286
28601,4458095.08854286
28602,5628991.26743333
28603,4186612.0684
28604,4694923.54973334
28605,4766107.63306667
28606,3900843.70157619
28607,5056676.35511905
28608,4621598.9759
28609,4640690.70676667
28610,5068172.19076666
28611,4002295.20663333
28612,4501953.728
28613,4502085.53936667
28614,5108461.0992
28615,3868686.87037619
28616,4658740.77613333
28617,4778005.3353
28618,4572571.66096667
28619,3799930.87879206
28620,4232237.65841905
28621,4444810.32536667
28622,4786753.1581
28623,3351151.84817143
28624,4266996.83743334
28625,4375758.97823333
28626,4788183.06156667
28627,4975651.3574
28628,4324745.83731905
28629,4612323.82696667
28630,3968301.92129524
28631,3877179.8477
28632,3729715.41563333
28633,4125757.47923334
28634,3631869.84326667
28635,4448906.36027619
28636,3904594.23974445
28637,4347094.77986666
28638,3235788.8748619
28639,4600002.6121
28640,3923467.65269524
28641,3733205.32046667
28642,4161833.45914286
28643,4747773.18456667
28644,4426505.64331905
28645,4025693.93477619
28646,3695821.46134762
28647,5127036.50346667
28648,4384824.57796667
28649,4738843.1444
28650,4081796.27096191
28651,4034279.548
28652,5025946.04653334
28653,3837397.85700952
28654,3224798.55257778
28655,4791996.23743333
28656,4865304.52466667
28657,4358338.89983333
28658,3876899.8029
28659,4907454.29886667
28660,4539972.0976
28661,5308926.45423333
28662,3735000.14533333
28663,4469944.1548
28664,3356892.33033334
28665,2761190.18944286
28666,4114388.96936667
28667,4166950.7442
28668,3950718.31073334
28669,4409390.8775
28670,5197287.52506667
28671,4625298.584
28672,4263801.09632857
28673,3984558.5843
28674,4209129.36966191
28675,4504318.72467778
28676,5113061.97550476
28677,4413604.87006191
28678,5124184.75126667
28679,3857088.16000952
28680,4431122.8215
28681,4434408.8032
28682,4040367.31045714
28683,4883636.73130952
28684,3807552.60716191
28685,3535807.18549524
28686,4838702.892
28687,3070254.3733381
28688,4715824.6298
28689,4322724.72053333
28690,4407688.10563333
28691,4279619.55956667
28692,4146414.78423333
28693,4511655.66086667
28694,4618044.3409
28695,4392487.0077
28696,4209222.46363333
28697,4749613.7579
28698,3775271.88176667
28699,3393990.45509683
28700,4833453.4451
28701,4255067.0927
28702,4236240.06883809
28703,4242020.53403333
28704,3076532.36730952
28705,3913345.04393333
28706,3865024.3512
28707,4234110.19583333
28708,3688047.64353334
28709,5368652.84956667
28710,3465661.58833333
28711,3978605.46363333
28712,4303839.2823619
28713,4066751.53556667
28714,4992123.41609523
28715,4196456.0967
28716,4160840.9834381
28717,4685494.185
28718,4183402.7428
28719,4028634.67457143
28720,3929241.9998
28721,4485627.59006667
28722,5541507.1083
28723,3658337.35901111
28724,3919529.84403334
28725,3774276.73394445
28726,4175841.96236667
28727,4079827.9587
28728,4529765.90461905
28729,4360474.91003333
28730,4599604.05643333
28731,3840034.32032381
28732,3695736.64
28733,4425796.24242857
28734,4145391.9558
28735,3962272.30536666
28736,4156331.36956667
28737,4333049.317
28738,3830849.56593333
28739,4981721.24896667
28740,4007771.48251111
28741,4076794.42773333
28742,4282119.65790952
28743,4739912.66433334
28744,4500195.4022
28745,3820780.74580476
28746,4126161.79026667
28747,3783584.2580381
28748,4712585.0443
28749,4425104.72241111
28750,3318607.44524286
28751,4218718.3582873
28752,4165398.41463333
28753,4627447.29253333
28754,4517033.4936
28755,4315202.38263333
28756,3816225.59486667
28757,4575724.14464444
28758,3969301.35115238
28759,4709802.32816667
28760,4929938.3583
28761,3787208.8971
28762,3294094.74992064
28763,5186121.27731905
28764,2978641.08570952
28765,4940449.19401111
28766,4660956.21846666
28767,3918190.51246667
28768,4326777.49333333
28769,5210416.33486667
28770,3378581.74016667
28771,4202148.35896667
28772,4562418.38746667
28773,4614700.60533333
28774,3005104.70761111
28775,4679910.5361
28776,4189381.30597778
28777,5434434.39251905
28778,4639369.56923333
28779,4062896.72313333
28780,2953794.62163333
28781,4178216.6666
28782,3709560.89087143
28783,4551356.35253333
28784,4108245.1406
28785,3912139.55971905
28786,4326317.58523334
28787,3130403.57615238
28788,4243239.23246667
28789,4356323.92636667
28790,4041307.45902381
28791,4487615.3497
28792,3888552.9746
28793,4837687.71643333
28794,4253306.94546667
28795,4812609.3356
28796,4352116.05022381
28797,4810061.86702857
28798,3371942.26101111
28799,4664457.5678
28800,4167705.19884286
28801,4982087.54193333
28802,3975744.27369524
28803,3697323.93343333
28804,4132348.59833333
28805,4241055.56686667
28806,4155897.20656667
28807,4321464.71744762
28808,3698449.0775
28809,4382364.78133334
28810,4408948.18346667
28811,3744963.9493
28812,3747639.53729683
28813,4296350.52772857
28814,4527701.2578
28815,4666394.2693619
28816,5062425.88172857
28817,3855467.22853334
28818,4271183.62871111
28819,2814461.80567143
28820,4262711.10716667
28821,4460944.7269
28822,4121891.71446191
28823,4139345.59402064
28824,5566293.6485
28825,4561397.8236
28826,5671559.9521
28827,3614803.32998571
28828,4652927.57728572
28829,4282485.05598333
28830,3467182.19106667
28831,3552982.3618
28832,4845463.42216667
28833,4475705.07876667
28834,4287521.0792
28835,4372704.41638095
28836,4869803.58015238
28837,4068703.47776667
28838,4115784.88210952
28839,3997737.2537
28840,5296435.77983334
28841,4405408.8944
28842,5040884.69603333
28843,4546365.39486667
28844,3898513.76366191
28845,4627605.0391
28846,3469493.44812381
28847,4859634.41456667
28848,4043937.45821429
28849,5081214.7473
28850,3994908.1712
28851,5419004.58581905
28852,2843453.84790476
28853,4187196.86103333
28854,5031061.4536
28855,4460012.74764762
28856,3447238.20030476
28857,3771835.23202381
28858,4952242.71146667
28859,4125479.50657619
28860,3684427.09447778
28861,4442579.7268
28862,3925117.65634445
28863,5687083.26493333
28864,4451671.4657
28865,3055626.0541
28866,4265629.40231905
28867,4511779.67571905
28868,4609071.40571111
28869,4489839.7848
28870,4425750.05483333
28871,5078393.81963334
28872,4079060.29317302
28873,3429733.86136667
28874,2925143.22959048
28875,4478504.58
28876,3920890.4507
28877,4535101.51216667
28878,4183650.93953334
28879,4674976.1961
28880,4438626.50853333
28881,4735486.7317
28882,5636356.10566667
28883,4828176.32786667
28884,3599488.74353334
28885,4314586.2883
28886,4280818.45644444
28887,3664120.69103016
28888,4660846.34353333
28889,4401435.8355
28890,3623075.27736667
28891,4616098.98882857
28892,4109765.98415397
28893,4485191.1624
28894,3660629.90431111
28895,4375685.01033334
28896,4946038.94046667
28897,3106308.70831429
28898,4516152.55323333
28899,4223625.28724445
28900,4456163.37096667
28901,3778926.42595397
28902,4252293.9308381
28903,4536649.75163333
28904,4906796.62546667
28905,3028077.17002381
28906,3793576.74020635
28907,4217460.0361
28908,3914853.61486191
28909,5558424.2761
28910,5231642.16665237
28911,4578525.17848254
28912,3522905.86592064
28913,3479892.28486667
28914,4715176.2337619
28915,4529925.50383333
28916,5015533.24693333
28917,4599974.97627619
28918,4702235.84641905
28919,4061353.20484286
28920,4876566.25547143
28921,4729379.55216667
28922,4437409.78903333
28923,5341416.9218
28924,4357707.32977619
28925,4742906.99604286
28926,4000094.22993333
28927,4835763.47326666
28928,4300164.43171111
28929,4250538.22726667
28930,4052805.61517302
28931,4108135.17063334
28932,4662704.9767
28933,4466107.4769
28934,4190780.19113333
28935,3732696.68986667
28936,3946047.666
28937,4057617.58492857
28938,4246360.8283
28939,5379847.90864444
28940,3573390.30505714
28941,4006316.05413333
28942,4771339.8225
28943,4213915.17683333
28944,4768157.5958
28945,4242209.2754
28946,3842215.56896667
28947,4091090.3576
28948,3949514.00357619
28949,4176058.0446
28950,4348710.50813333
28951,3988842.92436666
28952,3719294.82747778
28953,4924628.98289524
28954,3359852.85486667
28955,3328688.66823334
28956,3446454.07117778
28957,3649967.20656667
28958,4161426.94236667
28959,4371244.81285397
28960,4883736.18826667
28961,4356703.7074
28962,4823053.5009
28963,4184152.09806667
28964,4854352.779
28965,3560840.09079048
28966,4885638.8112
28967,3388106.77443333
28968,3980289.68793334
28969,4342548.55942857
28970,4184997.23464444
28971,4466861.66716667
28972,4088215.23376667
28973,4592987.97046666
28974,4756128.9143
28975,3313618.15406191
28976,4925806.78366667
28977,4533745.56897619
28978,4548377.78726667
28979,5329193.27633334
28980,4079223.74646667
28981,4901660.2174
28982,4607602.97933333
28983,3910323.7601
28984,4418640.52393333
28985,4119357.14169524
28986,5244228.11826667
28987,4954747.66956666
28988,4313768.60433334
28989,5291588.6912
28990,4633418.81313333
28991,5021574.41273333
28992,4391482.3733
28993,4454938.82675238
28994,3615863.58323968
28995,4394775.8597
28996,3604011.99103333
28997,4766277.18051905
28998,4239200.40571904
28999,4464369.06107619
29000,4520953.35696667
29001,5166340.15423333
29002,4360043.831
29003,4523697.60007143
29004,4182931.73573334
29005,4373665.61867778
29006,4635598.61073333
29007,4401674.23861111
29008,4695745.96598571
29009,4854160.48476667
29010,4801356.11785238
29011,4656805.14803333
29012,4077188.088
29013,4528549.5208
29014,4485241.9165
29015,4977070.09596667
29016,4078896.61166667
29017,4305042.13596667
29018,4143636.76816191
29019,4976208.45766667
29020,3940470.26004762
29021,4011345.47833333
29022,3491167.71655714
29023,4393256.91323334
29024,4372833.86296667
29025,4730377.85019048
29026,4337066.68453333
29027,4313430.92052381
29028,2879698.65206667
29029,4351756.88212064
29030,5610337.8688
29031,4218911.19655714
29032,5027409.60516667
29033,3974972.07863333
29034,4095504.91503333
29035,5011140.74596667
29036,4335644.52005238
29037,4245763.62925714
29038,4083689.0688
29039,4627538.13523333
29040,4672259.51686667
29041,3077860.48687778
29042,4657597.9397
29043,3930345.01257143
29044,4300011.12584444
29045,4143934.08176667
29046,4351033.07983333
29047,4185791.60440476
29048,4743589.3429
29049,3974277.6184
29050,4767300.42703334
29051,4477474.15472857
29052,4525255.61303333
29053,4293914.95346667
29054,4050941.08086667
29055,4262826.14536667
29056,4412198.50369524
29057,5092651.04199999
29058,3475023.5474
29059,4940181.69753334
29060,4418636.10340952
29061,4851064.39231111
29062,4477117.81277619
29063,3936755.26746667
29064,4027007.26786667
29065,4552224.35056667
29066,4082219.52394286
29067,5102287.25963333
29068,3575704.1705
29069,4689377.13
29070,3708906.08373334
29071,3604673.0554
29072,3639089.21717778
29073,4390450.54713333
29074,3241633.53710476
29075,3824859.91297619
29076,4572459.40757778
29077,4394879.07403333
29078,4300454.81166667
29079,4303271.23774444
29080,4470883.10046667
29081,4160071.00416667
29082,3907521.87227778
29083,4916176.91123333
29084,4306919.61436667
29085,4815839.04046667
29086,3942220.87731111
29087,4824927.0889
29088,2526622.56441429
29089,3701740.5449
29090,3880546.08643333
29091,4241898.53166667
29092,4519808.9194
29093,3103824.0158619
29094,5066072.11316666
29095,4207777.63998254
29096,4682219.8057
29097,4580061.61313333
29098,3053514.98156667
29099,3979115.63161111
29100,5276898.55003333
29101,4218925.85033333
29102,4553807.19066667
29103,4335613.69230953
29104,4231270.9098
29105,4651218.43116667
29106,4470940.54446667
29107,4606855.7687
29108,4841873.14506667
29109,4568005.0804
29110,4891577.22033333
29111,4307740.52023333
29112,4299848.69383334
29113,4590371.30246667
29114,4013121.52391111
29115,4257739.81646667
29116,5079298.27173333
29117,3889108.86238096
29118,3988565.28373333
29119,4385090.64708095
29120,4363732.45576667
29121,3327920.0319873
29122,4448468.44073334
29123,4996889.3444
29124,4641543.2674
29125,4877026.4286
29126,4186450.19846667
29127,3737945.34417778
29128,4042381.5905
29129,4322794.0285
29130,4844796.61276667
29131,4150896.03140952
29132,3148426.78931111
29133,3700636.67542064
29134,4924628.98289524
29135,3583628.10173333
29136,4553714.6829
29137,4183826.5763
29138,4274438.31753333
29139,4443014.18943333
29140,4469444.54825715
29141,4549273.31803334
29142,4609883.86716666
29143,3436312.33032064
29144,3666426.44136667
29145,4119681.5915
29146,4972022.63401111
29147,4493557.71647619
29148,4024662.50433334
29149,3841975.31024286
29150,4295250.40014444
29151,3619832.07221111
29152,3977046.1109873
29153,3889328.27236667
29154,4091156.3962
29155,4067318.19546667
29156,4160551.0247
29157,4120264.89133333
29158,5071967.09116666
29159,5063262.9774
29160,5552866.5651
29161,4971333.7959
29162,4917055.8112619
29163,3761172.66814445
29164,4329090.42786666
29165,4550453.79093333
29166,5411877.54208572
29167,5290711.50803333
29168,3954107.5686
29169,2554995.68881429
29170,4871648.46803333
29171,5452837.62003333
29172,5145078.72296667
29173,4311068.44480635
29174,4345362.24571111
29175,4968799.36306667
29176,4038986.97573333
29177,5312887.11149524
29178,4987680.8908
29179,3384363.29633333
29180,4596853.02306667
29181,4564777.14883334
29182,4063691.1759
29183,4563414.24464285
29184,5125033.3736
29185,4208470.128
29186,4291611.6029
29187,4497639.75993334
29188,3329935.85656667
29189,4644246.2052
29190,4145191.41197143
29191,4713919.29731111
29192,5002794.97779524
29193,4427970.7369873
29194,4337434.22026667
29195,4862071.19103334
29196,3479719.01082064
29197,4473484.14886667
29198,4022943.5617
29199,5000860.8611
29200,4476905.1638
29201,3972677.20796667
29202,4402056.48161111
29203,4139802.76644286
29204,4226557.56163333
29205,4259944.48816667
29206,4615775.46006667
29207,3705040.54434445
29208,4125967.6454
29209,5187775.17203333
29210,3932905.43338095
29211,4275843.12133334
29212,4058425.54642857
29213,5006779.27543333
29214,4584496.01166667
29215,3876562.97478095
29216,4655483.37723333
29217,4541117.1379
29218,4351889.80284444
29219,3919117.96116191
29220,4121935.553
29221,4058335.585
29222,3448293.5173
29223,4620654.14956349
29224,3456534.00356667
29225,4651643.80548095
29226,3816087.49511429
29227,3811754.23318254
29228,3951859.97337778
29229,4290507.97919524
29230,6140259.06616666
29231,5150126.48218572
29232,4107955.54333333
29233,4061232.9977
29234,4270238.5597
29235,4584319.59737143
29236,4762607.9794
29237,3427472.87437619
29238,4525423.48626667
29239,3812603.79826667
29240,4985865.7763
29241,4771334.66983333
29242,4726312.9424
29243,5340590.8919
29244,3436493.25444444
29245,4759686.02076667
29246,3624953.49221111
29247,4809137.91603333
29248,4414049.06334444
29249,4605226.06526667
29250,3981007.24446667
29251,5139764.80903333
29252,4309107.90623334
29253,4026040.81103333
29254,4212443.39723333
29255,3659718.33289048
29256,3403918.25323333
29257,4249871.52812857
29258,4421938.2295619
29259,4968825.17695238
29260,4198088.31446667
29261,4094156.52183333
29262,5045017.5839
29263,4029593.74736667
29264,3312050.8134
29265,3593374.6329
29266,4755647.4738619
29267,4760306.93613333
29268,4654912.61983334
29269,4664690.8931
29270,4735437.2767
29271,4207034.10359524
29272,3707916.6569
29273,4687074.7521
29274,4286610.5735
29275,3730916.31960953
29276,4103652.25051905
29277,4325950.15376667
29278,3960513.9500381
29279,4843919.42116666
29280,4302585.7823
29281,4216939.98783333
29282,4359035.6481
29283,4790493.5609
29284,4804190.55256666
29285,4550550.7824
29286,4700498.9535
29287,4397471.03403333
29288,4208690.52036667
29289,4577994.05349048
29290,4600748.28483333
29291,4255103.28773333
29292,5603855.58246667
29293,4303914.30844444
29294,4653243.87063333
29295,4483514.8562
29296,3999140.4648
29297,4667427.4080619
29298,4692283.4233
29299,3535898.60744445
29300,2877941.331
29301,4534757.75966667
29302,3716377.89930952
29303,4259687.9998
29304,3624951.46363333
29305,4127907.20693492
29306,4511384.90023809
29307,5218816.57926667
29308,4474418.48766667
29309,3744867.58577778
29310,3926583.0658
29311,4701573.46913334
29312,4670498.66066667
29313,5197800.9654
29314,4657168.19029524
29315,4212271.07083333
29316,2744540.55607619
29317,5266746.98596667
29318,5471417.01326667
29319,3963752.46558571
29320,4093977.13946667
29321,4825938.30173333
29322,4529484.76431111
29323,3808227.50296667
29324,4658791.65252381
29325,3902542.65796667
29326,4989447.32836666
29327,4248466.69893334
29328,4428188.1776
29329,4953740.5148
29330,4342688.44316191
29331,3809587.61667143
29332,4072780.3556
29333,4708205.24993333
29334,5432806.74663334
29335,3048005.07659683
29336,4679082.04883333
29337,5047412.3661
29338,4956074.9523
29339,3976860.7874
29340,4661490.48258571
29341,4846099.57042381
29342,3957829.93786666
29343,3796089.27783333
29344,3689120.1129
29345,4332283.4007
29346,4247931.77663333
29347,3851886.88094286
29348,3383348.5747
29349,4476593.19906667
29350,4578401.50086667
29351,4673650.2771
29352,3930543.75624286
29353,3948041.67056191
29354,4382331.41973333
29355,4070505.6109
29356,4348268.69898968
29357,4276427.25072064
29358,4166794.68643333
29359,4842803.6898619
29360,4051968.65776667
29361,4588089.24740476
29362,3372881.52714445
29363,4441384.67
29364,4477162.67496666
29365,4056881.13194286
29366,4042101.7649381
29367,3459376.86975397
29368,3446706.366
29369,4493420.9732
29370,4436208.28144762
29371,3672473.63166667
29372,4192315.42258333
29373,4254783.6036
29374,3455028.01227619
29375,4259687.9998
29376,3449372.0934
29377,4671570.2566
29378,3924514.74883334
29379,4745528.39541111
29380,4877825.58373333
29381,3976392.51753333
29382,5075645.4679
29383,4327266.29173333
29384,4173274.85192381
29385,4000287.18446667
29386,3812457.77333334
29387,3837397.85700952
29388,4504319.548
29389,4649211.81146667
29390,3646469.94316667
29391,4830045.94447778
29392,4214514.97003333
29393,4665040.69998254
29394,3777749.3610381
29395,3997780.83146667
29396,4770821.22109048
29397,3876588.88632857
29398,4921258.35226667
29399,3377784.56233333
29400,4954954.3104
29401,4436735.27284445
29402,4929617.6653
29403,4853753.00996667
29404,4392771.06165714
29405,4795439.97386666
29406,3111593.17007619
29407,4635712.16413334
29408,4417200.54816191
29409,4772445.89693333
29410,4453322.95815714
29411,6001938.22676667
29412,4791394.03953333
29413,3656887.67871111
29414,3613425.52837619
29415,4643624.62183333
29416,4644837.98445
29417,4332606.78517778
29418,4117059.44146191
29419,4461469.64713334
29420,4829918.72633333
29421,4603807.84283333
29422,4394861.57446666
29423,4852669.19576667
29424,4510219.6228
29425,5201207.60263334
29426,4631717.0797
29427,4448398.1874
29428,5272725.82186666
29429,4688171.41706667
29430,3234778.21994921
29431,3804327.74373334
29432,4490241.07853333
29433,3494974.05569524
29434,3738493.4798873
29435,4080509.64913334
29436,3973099.5112
29437,4977461.8774
29438,4721942.75003333
29439,4151899.31167143
29440,4669478.9261
29441,4931056.02306667
29442,3302503.50216667
29443,5090262.4373
29444,4782253.33233333
29445,3511027.78706667
29446,4300561.19083333
29447,5133725.02373333
29448,4639279.09036667
29449,4272487.38155952
29450,4674535.85516667
29451,4622123.6567
29452,4888481.7371
29453,2540805.08420953
29454,3685960.58656667
29455,3576193.5396
29456,3967807.51623334
29457,3968802.38353333
29458,4364912.71676667
29459,4694095.92800952
29460,5510241.22453333
29461,4903257.38638571
29462,4480676.36373333
29463,4311760.53343333
29464,3898566.0614
29465,3895058.10706349
29466,4624825.59906667
29467,3745601.239
29468,4559533.38266667
29469,4888921.0668
29470,4068679.63699524
29471,3619976.21396191
29472,4358496.04221587
29473,4587474.47876667
29474,3356978.57276667
29475,3579653.04456667
29476,4042908.97273334
29477,4341191.77950953
29478,4802480.54893333
29479,4455887.8892
29480,4706696.95723333
29481,4508178.5146
29482,4100453.53124762
29483,4954380.34373333
29484,5095801.18836666
29485,3888930.87156667
29486,4713002.62643333
29487,4394341.32409683
29488,4913609.06726667
29489,4694984.48486667
29490,3990438.75422381
29491,3001114.75377619
29492,4864125.66551429
29493,4935394.26863333
29494,4416563.79443333
29495,4435405.0169
29496,4663169.8254
29497,3983590.6648
29498,4537819.5976
29499,4654498.92966667
29500,5510451.8579
29501,2594773.71450952
29502,3620106.00463333
29503,4908470.93323333
29504,4638887.4048
29505,4103953.26143333
29506,4312584.83353333
29507,4635977.97733333
29508,3807432.11016667
29509,4010435.55016667
29510,4162774.28673333
29511,4704782.07453333
29512,4373679.15764445
29513,4436929.04007778
29514,4361410.68686667
29515,4082154.6213
29516,5276553.94463333
29517,4383265.88383333
29518,4220347.05801111
29519,4795996.83023333
29520,4245416.00562857
29521,4379651.96386667
29522,4324666.90931111
29523,4640680.04587619
29524,5220127.80013333
29525,4130450.805
29526,3820776.26986667
29527,4451066.29883333
29528,4360676.98270476
29529,3352003.50416191
29530,4514293.62806667
29531,4216030.61246667
29532,3911937.4057
29533,4200553.47033333
29534,4472566.3243
29535,3872631.16890159
29536,5043696.24346666
29537,4897127.6743
29538,4391806.8621
29539,4847766.15483333
29540,3981803.26618096
29541,4875541.1681
29542,3220436.15384444
29543,4251994.63694444
29544,4858814.96743333
29545,3933752.27092381
29546,4308783.732
29547,4380709.94666667
29548,3662977.41810476
29549,4483026.27844286
29550,3966547.2167
29551,4133663.73594286
29552,5213584.5247
29553,4203624.6364
29554,4601139.13034444
29555,4447904.73243333
29556,4785698.9736619
29557,5422598.50336666
29558,4455109.84423334
29559,3902936.29393333
29560,4099559.92153333
29561,4527813.1325
29562,4631032.95613333
29563,5055946.29838333
29564,4215958.0484
29565,4210984.2813
29566,4104672.72302381
29567,4878294.82272857
29568,4593236.54493809
29569,5023893.04756667
29570,4066860.61673333
29571,4844175.84013334
29572,3512752.88582381
29573,3332552.1735381
29574,4855015.0188
29575,4479111.5646
29576,4031227.5995
29577,3857532.92174286
29578,4531146.5824
29579,3813676.48896667
29580,2515223.68230952
29581,4576136.28223333
29582,4956703.29956667
29583,3724424.13896667
29584,3341749.5739
29585,4313473.67923333
29586,3948942.4777
29587,3668353.56986826
29588,4700677.91886667
29589,4292717.83771429
29590,3812481.29043334
29591,3212473.74457778
29592,4442345.67346667
29593,4645675.19403333
29594,3644201.60153333
29595,4689820.1116
29596,3716423.38093333
29597,4073217.9879
29598,4505672.06841111
29599,4742245.8446
29600,5486543.68833333
29601,4429261.92423333
29602,4813876.2378
29603,4507255.23366666
29604,4323425.27813333
29605,4754538.3247
29606,4403438.02176667
29607,4850417.28166667
29608,4341991.27983333
29609,4783225.92906667
29610,4271373.84986667
29611,4515071.43086667
29612,5188495.3914
29613,3312380.14100476
29614,4086113.64303334
29615,5460924.1717
29616,4399061.92638095
29617,4178277.78953333
29618,3416280.84286667
29619,3075099.54082063
29620,4217389.56573333
29621,4179336.35098095
29622,4366671.90763333
29623,5360801.49326667
29624,4118246.4615
29625,3513248.69406667
29626,4963426.5597
29627,3462688.68064286
29628,4243551.50846667
29629,4721001.3938
29630,4686825.666
29631,3221362.94540635
29632,4550005.47803333
29633,5357758.16323333
29634,5059396.94913333
29635,4504141.02844286
29636,4458001.75203334
29637,4991969.15523333
29638,3236958.79235715
29639,3697582.42325238
29640,4721438.3311
29641,4244198.42470476
29642,3992961.83676667
29643,3969302.02056667
29644,4210658.54447143
29645,5401164.95136666
29646,4337491.87113968
29647,4076831.51660635
29648,4138399.29082539
29649,5057161.31836667
29650,4390842.92196667
29651,5165747.04246667
29652,5069775.88553333
29653,4184325.60281905
29654,5027137.03793333
29655,3611770.72894445
29656,3443487.53425714
29657,4819269.69164445
29658,4196936.23595238
29659,4841698.14306667
29660,3626607.85304286
29661,4923682.4405
29662,5574724.29616666
29663,3153065.01465873
29664,4399766.5526
29665,4129868.2037
29666,3747685.4601381
29667,3919034.95156667
29668,4018021.44196667
29669,3154026.76230953
29670,4749633.55886666
29671,3805796.72301111
29672,4364578.82536666
29673,3466783.79656667
29674,4168774.08856666
29675,3309228.10294921
29676,3632588.51703333
29677,5020134.43036667
29678,3272142.44913333
29679,4631168.25032857
29680,4687175.90904444
29681,4092121.22131111
29682,4950068.27276667
29683,3969761.98477619
29684,4148965.56023333
29685,4681556.36286667
29686,4389696.22996667
29687,3755164.74301429
29688,4542087.38946667
29689,4145750.78216191
29690,3825035.95932857
29691,3647106.03941587
29692,4467494.58553333
29693,3315162.62760159
29694,4843757.29526667
29695,4082015.48326666
29696,4206024.04933333
29697,4145391.82769048
29698,3949164.93247143
29699,4085055.18684444
29700,3148387.26876667
29701,4291565.61093333
29702,3612808.45303333
29703,4823834.71739524
29704,4117013.30805714
29705,4993968.64773333
29706,4685283.5214
29707,4095421.26986667
29708,4505641.96203333
29709,4777258.08753333
29710,3667084.28354445
29711,4278817.60415238
29712,4626180.12873333
29713,4129255.3132
29714,3552039.0960381
29715,4982537.06696667
29716,4294144.52082381
29717,4266071.86303492
29718,4672411.19753333
29719,4806009.03476667
29720,4190087.61663333
29721,5041221.85866666
29722,3870865.1763
29723,3784317.94546667
29724,5014196.57576667
29725,4917821.91613333
29726,4516737.6705
29727,4666527.26006667
29728,5027879.9951
29729,5196946.14546667
29730,3688882.53362858
29731,4558548.02756667
29732,4819743.16536667
29733,4918496.3495
29734,4775495.15733333
29735,4989277.83076666
29736,4450253.61186667
29737,3992524.83211111
29738,4248854.88333333
29739,4221729.6269
29740,4177380.60616667
29741,4294048.15393334
29742,3270627.70503492
29743,4066847.34064762
29744,4874705.96443333
29745,3881531.58447143
29746,4309617.0053
29747,4779795.15943333
29748,4091101.85833333
29749,4995615.87066667
29750,4880049.91653333
29751,4590840.0312
29752,4749188.98154444
29753,5102642.189
29754,4218190.76236667
29755,4510779.59253333
29756,4557684.1431
29757,5389429.73348571
29758,4525884.22586667
29759,4379463.9371
29760,4661563.91523333
29761,4091385.52236667
29762,4462676.61186191
29763,4858082.15906666
29764,3819163.5332
29765,5493892.6735
29766,3211775.98197619
29767,4888565.73226667
29768,3182784.70103334
29769,4400609.5587
29770,4979649.98366667
29771,3628303.62026667
29772,4380027.70975238
29773,4494998.66325397
29774,4807369.29423333
29775,3993697.42992857
29776,4442501.5692
29777,4768113.29767778
29778,4566573.25759683
29779,2882402.97871905
29780,4990913.87826666
29781,4340890.0511
29782,4257162.09452857
29783,4687460.6668
29784,3542751.14536667
29785,4297690.513
29786,4881367.93399682
29787,4043543.4691
29788,4915865.70473333
29789,3402007.48682381
29790,4422578.5484
29791,3757106.90660953
29792,4865263.2792
29793,3884126.55134762
29794,4759084.9459
29795,4749669.0997492
29796,3848335.36833334
29797,3799610.91499048
29798,5005722.68512857
29799,3890231.11765873
29800,4424350.57675714
29801,5395594.6115
29802,3107437.63440952
29803,4037458.99756667
29804,3297629.07634286
29805,5023383.19826667
29806,3526581.93633334
29807,3837187.97831111
29808,4516279.70173333
29809,4563613.85296667
29810,3469493.44812381
29811,4839020.6964
29812,4985386.01437778
29813,4347477.03703333
29814,4072508.9178
29815,4841347.74969524
29816,4255897.19293333
29817,4261332.18556667
29818,4253020.12069524
29819,4403637.68733334
29820,4701437.77023333
29821,3575011.33802064
29822,3834547.55393333
29823,3565239.25123334
29824,3702417.71342857
29825,4267511.25034286
29826,3818315.22770159
29827,4392562.88854445
29828,4057808.45196667
29829,4057592.77533333
29830,4627641.31023334
29831,3360083.04522381
29832,4019017.20505714
29833,4519394.07436667
29834,4692011.07569048
29835,3694060.53240635
29836,4488894.16952857
29837,4770565.3498619
29838,4356118.14739524
29839,4057561.55245238
29840,4738241.87436667
29841,4399395.79164445
29842,4905441.2202
29843,3379130.99933333
29844,3737843.0387
29845,4544126.9817
29846,4740598.5293
29847,4074070.8251
29848,5226144.31873333
29849,3128431.02536667
29850,5186655.46326667
29851,3270136.9872
29852,3875322.24404762
29853,4187981.30309524
29854,3826309.12029207
29855,4520790.37106667
29856,5101710.88186666
29857,4078933.07449524
29858,3053029.7186
29859,3788718.0178
29860,3984502.8827
29861,4560751.3581
29862,4428946.88586667
29863,4051206.60063334
29864,3720533.13087778
29865,4234199.59406667
29866,3876453.52157143
29867,4654599.21903334
29868,2756257.33917143
29869,4203298.12576667
29870,4643792.5744
29871,4518173.34826667
29872,4932386.061
29873,4916352.9391
29874,4112911.3207
29875,4007418.62306667
29876,4486207.60266667
29877,3838854.93363333
29878,3839508.82543968
29879,3639995.64092857
29880,4691289.9276
29881,3283898.00737143
29882,4403092.30353333
29883,3592142.94266667
29884,3140426.26253334
29885,3979658.00745
29886,4101168.58023333
29887,4052823.64651111
29888,4226146.10937619
29889,4334180.39590952
29890,3452986.01090953
29891,4852290.36253333
29892,3219437.38033333
29893,4543577.05075238
29894,4350526.04756667
29895,4512203.9534
29896,4811488.94856666
29897,3804122.76857619
29898,3960959.17202857
29899,3191896.89616825
29900,2719973.05
29901,3873748.43301111
29902,4405854.56106666
29903,4758242.07986667
29904,5235824.82146667
29905,4912586.7915
29906,4838615.67403334
29907,2322653.33010159
29908,4589082.50283333
29909,4006768.59566667
29910,3404672.57743016
29911,4482456.38101428
29912,4430421.75542857
29913,4862665.99763333
29914,4603283.3187
29915,4323450.32906667
29916,4548011.71949524
29917,3284238.44410952
29918,5237444.0264
29919,3194072.2845
29920,4382041.6153
29921,4044228.6064
29922,4927255.8195619
29923,4750882.59836666
29924,3327433.75513016
29925,3425161.29246667
29926,4813481.3629
29927,4792217.72693333
29928,4312616.3632
29929,3752026.62872857
29930,5011579.396
29931,4400319.04441111
29932,3029858.75636825
29933,4978909.25168571
29934,3995302.11853334
29935,4013339.37073334
29936,4919604.6511
29937,3783472.50765873
29938,2541503.19861429
29939,4314743.9882
29940,5470023.64296667
29941,4311403.85436667
29942,4809752.3485
29943,4628175.15103333
29944,4002401.68155397
29945,4221404.9198
29946,5033058.0125
29947,4681705.43423809
29948,3658755.00396667
29949,2442191.69947143
29950,4302219.4765
29951,5073474.64486667
29952,4637218.77773333
29953,3129624.2501
29954,3279089.9061
29955,4729610.52373333
29956,4841108.23336667
29957,4604215.0442
29958,4281810.1719
29959,3997673.1792
29960,4320670.70936667
29961,4802266.57124762
29962,4567084.97624444
29963,4315573.94845397
29964,4405627.48547778
29965,5034781.5643
29966,3623637.33703333
29967,4141725.13131111
29968,4215151.44626667
29969,4681580.3203
29970,4630164.17876666
29971,3273568.42395397
29972,4783422.73063333
29973,4682835.96341904
29974,4973763.1705
29975,4042368.01296667
29976,3084598.1853
29977,4495194.92451905
29978,5073670.43953334
29979,4378337.69191905
29980,4580901.14543333
29981,4362414.24393333
29982,4775455.57463333
29983,5336765.58511905
29984,3682990.92057619
29985,3828841.1458
29986,3745572.88120953
29987,5079606.81771905
29988,5082245.05043333
29989,4134776.6696
29990,3740762.61026667
29991,5290214.42246667
29992,5159200.8635
29993,4426563.12793333
29994,3947192.98197778
29995,4198628.33774445
29996,5333818.75346666
29997,4116750.885
29998,4958954.87151905
29999,4974284.79695238
30000,3968215.66606667
30001,4436033.0958
30002,4363998.43024444
30003,4105939.90525238
30004,4086074.62897778
30005,3296789.27900159
30006,4588101.81343333
30007,3837804.43491111
30008,4906061.06636666
30009,4186905.76986667
30010,4768842.57326667
30011,4512280.26206667
30012,2972033.37602064
30013,4185946.95849524
30014,3969242.45662064
30015,4787560.38450476
30016,4740426.1248
30017,4249033.17226667
30018,4386291.5505
30019,3985484.15683333
30020,4495902.04299048
30021,4294040.4066
30022,4442883.01179048
30023,5490707.89496666
30024,4911070.90053333
30025,4259264.1234
30026,3401015.79863334
30027,5039701.56236667
30028,3788666.62171905
30029,4531947.87677778
30030,4657224.2622
30031,3829119.81313334
30032,4155279.77688571
30033,3732600.07065714
30034,4372908.17706667
30035,3007336.3289
30036,4784834.76547619
30037,4975649.37245238
30038,4152984.05673334
30039,4661350.13573333
30040,4799616.33526667
30041,5747824.53546667
30042,3118349.49717143
30043,5010461.70233333
30044,4812133.53616667
30045,2557377.7859
30046,5061993.9862
30047,3310877.71433333
30048,5224040.59283333
30049,4454144.71779524
30050,4203742.2039619
30051,4021820.55513333
30052,4006177.50976667
30053,4377680.40763333
30054,4484834.4751
30055,3877423.96096667
30056,4119979.52353333
30057,3402415.85413333
30058,4213800.82786667
30059,3513043.17446667
30060,4520008.30773333
30061,4561450.06416191
30062,4900146.96396666
30063,4342945.7581
30064,4889275.0503
30065,3334471.97963333
30066,4935715.91594762
30067,4609664.16440952
30068,4760306.93613333
30069,3706315.53820476
30070,4064542.61164286
30071,4393494.0597
30072,4111339.26091905
30073,4456980.8538
30074,3773878.5731
30075,4828560.87266666
30076,4696422.87653333
30077,4900815.04366667
30078,3794663.58245238
30079,4550516.9559
30080,4142164.18446667
30081,3541504.6768
30082,3983468.1104
30083,4250788.79167143
30084,4526869.4145
30085,4291167.91926667
30086,4277735.04007778
30087,3437314.28741428
30088,3415977.1128
30089,4145626.37754444
30090,4166492.0715
30091,4915260.63013333
30092,4940903.77983333
30093,4188153.53724445
30094,3614362.26096667
30095,4463213.39775238
30096,4363410.7247
30097,3672350.983
30098,4490289.29836667
30099,4123043.83566667
30100,3988797.35366667
30101,3833092.01936667
30102,4362011.82746667
30103,4327263.91266667
30104,4871093.86473333
30105,4221483.01810953
30106,3857584.90246191
30107,4588619.9868
30108,4543400.05998571
30109,3515509.2613
30110,5097377.74646667
30111,4205463.29656667
30112,4796932.6944
30113,3772168.71506191
30114,3878663.3315
30115,4024354.9587381
30116,4066146.49522381
30117,3903680.35358572
30118,4331386.3207
30119,4518479.90350952
30120,4867333.48988333
30121,4454752.23916667
30122,4395716.89793333
30123,4500846.39655238
30124,3777393.49776667
30125,5062180.2273
30126,3923019.1849
30127,3179720.57318095
30128,3545545.97451111
30129,3976990.87136667
30130,4588066.62026667
30131,5046413.5781
30132,5326665.92916667
30133,4303079.70976667
30134,3637363.4999
30135,3900321.20583333
30136,3647350.02085239
30137,4684969.57486667
30138,4545480.6243
30139,4675836.29033334
30140,4233888.9295
30141,3603923.61720476
30142,2832467.63043809
30143,4060746.3914
30144,4841186.2646
30145,4735410.66556667
30146,3335602.58423333
30147,4403856.66013334
30148,4262016.40499048
30149,3903973.21599683
30150,4072312.44253333
30151,4722168.5045619
30152,3830165.69384445
30153,5305019.42666666
30154,5056871.8597
30155,3917399.5499
30156,4741123.24824048
30157,4348938.3515
30158,4695123.3212
30159,4243782.52396667
30160,5007564.61263333
30161,4158684.04121111
30162,4721367.065
30163,5211522.31446667
30164,5036809.51046666
30165,3967794.84073333
30166,4031115.14002857
30167,4391228.58266191
30168,4984890.98370476
30169,4242076.90074444
30170,4632049.96373333
30171,2855555.78376825
30172,3248902.42576667
30173,4728034.89083333
30174,4320491.12431111
30175,3355046.55983333
30176,4801855.10123333
30177,5068264.45774285
30178,3376971.64747778
30179,3925338.25113334
30180,4084529.9393619
30181,4028004.41612857
30182,3618222.91593809
30183,4995434.74173333
30184,4485019.74646667
30185,3074952.57156349
30186,4705919.73164444
30187,3587515.15834445
30188,4158600.04813334
30189,3628010.72950953
30190,4036582.18094762
30191,5625214.22396667
30192,4444251.23220952
30193,3458935.24072381
30194,4433062.26553333
30195,4183107.40992857
30196,3870931.08935238
30197,4166800.9876
30198,4014677.39446667
30199,4569797.85646667
30200,3972765.54682857
30201,4433855.939
30202,4378798.97856667
30203,3317649.8874873
30204,3929578.2649
30205,4625744.98207619
30206,4629478.76396667
30207,4570975.0726
30208,5357328.79036667
30209,3935775.80745715
30210,3827520.73653333
30211,3558823.85573334
30212,5101737.5748
30213,5161089.09790953
30214,5051165.58176666
30215,4758739.74893333
30216,4545676.08906667
30217,4834367.47505714
30218,3990275.54474286
30219,4412516.60396666
30220,4695880.85063333
30221,5209240.22816666
30222,4819608.17376667
30223,4757383.31021905
30224,3762719.09379048
30225,4587799.83802857
30226,4556445.5032
30227,3948984.98203333
30228,4727302.54373334
30229,5053403.84753333
30230,3858156.07744286
30231,4853478.8833619
30232,4968981.2088
30233,3665480.19023334
30234,2409218.79337143
30235,5193351.34806667
30236,3505004.18486667
30237,4444981.5108
30238,3886261.55553333
30239,4421055.68097619
30240,4047279.89857619
30241,4316884.4436
30242,5422751.62436667
30243,4388058.29273333
30244,4088792.61303333
30245,4281345.13569048
30246,4806117.21849048
30247,4862014.83951111
30248,4683633.80756667
30249,4607930.76156667
30250,4335869.9211
30251,3865625.29871429
30252,4801482.49483334
30253,4328997.85651111
30254,3245924.61415397
30255,4850265.18533333
30256,3264684.13597778
30257,3734453.2044
30258,3214874.48004445
30259,3468532.21241111
30260,4078127.6661
30261,4805245.90993333
30262,4341437.21473333
30263,4532740.59132857
30264,4722269.2931
30265,4288334.04063333
30266,4379525.34859048
30267,4344661.42083333
30268,3868325.73492857
30269,4485752.35850952
30270,4488657.25026667
30271,5080656.1133
30272,4173824.37426667
30273,4234527.70884444
30274,4234181.1397
30275,4937232.66836667
30276,4729717.87431428
30277,4275552.04903333
30278,4446794.14386667
30279,3127332.18362381
30280,4399815.81066667
30281,4837138.85023334
30282,4675386.00076666
30283,4086100.53546667
30284,4506306.66473334
30285,4295990.15787619
30286,3807048.6827
30287,4405730.62926667
30288,5243171.26433334
30289,4621249.69820476
30290,4122289.53943333
30291,4091045.85219524
30292,4194758.21016667
30293,4285474.64883333
30294,4016994.12783333
30295,3421510.03110476
30296,5014320.80809524
30297,5036659.98693333
30298,4585395.57006667
30299,4120410.4033
30300,4196782.53693334
30301,4645474.12003809
30302,3952677.83206667
30303,4202336.2582
30304,4169900.37056667
30305,3964654.01357778
30306,4494799.53836667
30307,4954256.8895
30308,4081572.79461111
30309,4224723.20523333
30310,4058052.16563333
30311,4430891.08383333
30312,5099560.72364444
30313,4471114.88673333
30314,4299866.09613334
30315,3575959.75027143
30316,3330813.91899048
30317,4557719.02192857
30318,5024252.66945238
30319,4469596.1451
30320,5094665.8173
30321,4401562.9343
30322,4524731.31176667
30323,5112828.19913333
30324,4363170.40206667
30325,4815359.3114
30326,3719684.2303
30327,4949708.84873333
30328,3729753.51393333
30329,4437863.205
30330,4222713.65346667
30331,4666531.67206666
30332,3662013.28520476
30333,3708676.46980953
30334,3883928.98606667
30335,5140874.99006666
30336,4178927.05524444
30337,3951382.63636667
30338,4535721.0148
30339,3839012.63732857
30340,3107674.27317778
30341,4832333.93523333
30342,3818906.62981111
30343,4710261.3016
30344,4521531.75927619
30345,4176710.97113333
30346,3808927.38521429
30347,5078564.4871
30348,5086583.58435238
30349,3987474.05353333
30350,3427472.87437619
30351,3762583.77896667
30352,3502209.8312
30353,4517398.3789
30354,4072018.70162857
30355,5065968.26486667
30356,3918504.69763333
30357,4481367.6461619
30358,4790890.88166667
30359,3427472.87437619
30360,3389510.4752
30361,3640634.09004286
30362,5010484.2428
30363,4006892.07793334
30364,4303038.06373334
30365,3402873.8930873
30366,4022430.34743968
30367,4609498.868
30368,3939906.37073334
30369,4653699.88556667
30370,3674925.47159524
30371,4419913.2737
30372,3775922.04266667
30373,4749898.54996667
30374,4209973.9346
30375,4687976.83306667
30376,4183422.60048095
30377,4813097.5983
30378,5368652.84956667
30379,4198820.3823
30380,3521335.78704762
30381,4207920.07026667
30382,4719272.27723334
30383,4374664.99306667
30384,4060955.48806191
30385,4762990.59783333
30386,5034266.21516666
30387,4306735.22761905
30388,4530418.5832381
30389,5063608.75566666
30390,5023306.6407
30391,4835787.4821
30392,4006819.1326
30393,5379147.1868
30394,3897029.84806667
30395,4759943.44905238
30396,4199226.9631
30397,4059960.16565715
30398,3958379.69193333
30399,4025819.10008254
30400,3873251.35754286
30401,4215280.01606666
30402,4230665.50323333
30403,4933138.65663333
30404,4464744.17476667
30405,3220177.50133333
30406,5097948.8806
30407,4329464.86395238
30408,4382531.97451429
30409,3680713.75009048
30410,4187303.22044444
30411,4207255.06915714
30412,4371470.5562
30413,4470590.41396667
30414,4591883.75674285
30415,4771987.61863334
30416,4783555.03356667
30417,4524030.03696667
30418,4056184.06523333
30419,4365029.6601
30420,5020533.99583333
30421,4007503.53914445
30422,4065717.30596667
30423,5807630.36976667
30424,4248847.75253333
30425,4953227.9716
30426,4114332.79566667
30427,4277513.552
30428,4596985.1924
30429,5739735.69513333
30430,4987764.69563333
30431,5172957.14046666
30432,3836592.05144445
30433,4571990.80843333
30434,5531097.2871
30435,3391570.0092
30436,4521886.9932
30437,3719426.8769
30438,4197034.2984619
30439,4427536.9105
30440,4684083.3485619
30441,5316897.45353572
30442,4739358.04298571
30443,4474327.9973619
30444,3705616.2274
30445,4722588.11773333
30446,2621897.09590952
30447,4157751.1723619
30448,4672346.429
30449,4324384.78216667
30450,4027714.13913333
30451,4709234.2792
30452,4688822.0092
30453,3813881.4162
30454,4662705.41803333
30455,4742123.10913333
30456,4272787.43163333
30457,4442821.86803333
30458,4281685.6585
30459,4442934.01903334
30460,5136829.09346667
30461,4308028.27207302
30462,4378977.27546667
30463,4443075.8401
30464,4214029.13223333
30465,4182979.9822
30466,4610944.62517778
30467,3920857.77026667
30468,3292792.1362
30469,4315425.92293333
30470,5809506.83373333
30471,4073424.94613333
30472,4207613.48657778
30473,4716266.10796667
30474,4588059.28173333
30475,4799023.72653333
30476,4770830.4291
30477,4808074.30156667
30478,4177022.79
30479,2615381.27547619
30480,5249632.60526667
30481,3503526.15783334
30482,4636967.69705238
30483,4272782.7189
30484,2857922.18351111
30485,4486011.43281429
30486,4034624.21407778
30487,4220142.26684444
30488,3930205.1637
30489,4521933.77956666
30490,4418550.09129524
30491,4647175.9936
30492,4011769.52163334
30493,4812177.2182
30494,4971296.06316667
30495,4043219.85519524
30496,4101019.08123809
30497,4815531.88066667
30498,4444938.11336667
30499,4758967.7088
30500,4498020.9168
30501,5079298.1609
30502,3433994.2718
30503,5087879.1773
30504,4732380.21393333
30505,3027872.15894762
30506,4785240.22741905
30507,3610260.02005238
30508,3587722.52461429
30509,4878822.90726667
30510,3388106.77443333
30511,3808204.70737143
30512,3890480.1508
30513,3423176.30837143
30514,4498264.5287
30515,3996745.52303333
30516,4357259.55766667
30517,4303801.0099
30518,3141222.0540381
30519,2774783.09862857
30520,4160888.40086667
30521,4600439.82877619
30522,3913108.46963333
30523,4058989.35047619
30524,5030511.56953333
30525,4998446.92236666
30526,4597784.59714285
30527,4361751.86333333
30528,3902654.04441111
30529,3622335.68166667
30530,4579547.06975397
30531,4982395.92593333
30532,4335244.05999524
30533,4944792.15963333
30534,4016451.8499
30535,4057358.5273
30536,3478609.85150952
30537,3943426.34767619
30538,4622165.27953333
30539,4994340.88915238
30540,4388715.96360952
30541,4050947.11013333
30542,4675050.3938
30543,3624785.3035
30544,4616110.7793
30545,3586989.25823333
30546,4724988.12536666
30547,4086976.31336667
30548,3831432.9507
30549,5194072.4632
30550,3292369.34362857
30551,3807355.26257778
30552,3719845.4349
30553,3656708.54687619
30554,2588789.16433492
30555,4184911.9381992
30556,4351647.69032857
30557,4304608.7271
30558,4500734.07626667
30559,3688846.15314444
30560,4604759.697
30561,3938632.87225873
30562,3897714.31756349
30563,4309425.85463333
30564,3908631.13835397
30565,4406377.22491905
30566,4529141.20638571
30567,3945259.71766667
30568,4106318.30083334
30569,3977765.69613333
30570,3845010.18392857
30571,3950151.7742619
30572,4630954.3196
30573,4145173.98716667
30574,5445806.45053333
30575,4183432.70036667
30576,4668271.11233333
30577,4304426.15206667
30578,3346063.53881111
30579,5374718.38236667
30580,3623688.20226191
30581,4128785.17803334
30582,5461614.1443
30583,4324560.65583016
30584,3865808.23723333
30585,3946497.908
30586,3799416.85264444
30587,4141024.81756667
30588,4512875.09707778
30589,2897010.12779524
30590,3296287.60188095
30591,4516299.93135238
30592,5535359.98023333
30593,4427932.5625
30594,4533537.47827778
30595,4357227.92316667
30596,4380209.08463333
30597,3544131.93416667
30598,3428134.55401111
30599,5206038.414
30600,3975719.6007
30601,3776007.3181873
30602,3487057.36753333
30603,4926444.89583333
30604,4511226.43246667
30605,4245954.83531666
30606,4593308.2756
30607,4902140.5049
30608,4550121.81941905
30609,4089531.45896667
30610,3959446.58193333
30611,5002197.9355
30612,4055786.47033333
30613,5243023.7046
30614,5245198.1449
30615,5692693.2333
30616,4092419.81344444
30617,4839964.0955
30618,5229398.7006
30619,4044972.5825
30620,4073210.00606666
30621,5172259.24216667
30622,3817867.88857778
30623,4782577.91143333
30624,4389169.3645
30625,4067066.86241429
30626,4165473.06406667
30627,4867741.5872
30628,3717206.39850476
30629,4270124.43296667
30630,4759938.79345714
30631,4356450.95886667
30632,4673650.32955714
30633,3624768.57831111
30634,3619494.9094
30635,4325848.50396667
30636,3980175.13586667
30637,3664142.68333333
30638,4112942.3757
30639,4816113.47698333
30640,3745479.19824445
30641,3710178.50216191
30642,4767201.9098
30643,5641559.67553333
30644,4059655.44123333
30645,3814948.22466667
30646,5611522.83023333
30647,3487333.29146667
30648,5700094.74796667
30649,3650167.95570952
30650,5238498.54056667
30651,4083845.82996667
30652,4538656.6121
30653,4564468.1579619
30654,3534647.6971
30655,4543097.19686667
30656,4371259.2963
30657,4683887.2548
30658,5481360.46766667
30659,3547678.48953333
30660,3371535.70796667
30661,4930192.78443334
30662,3430678.103
30663,5520667.54946667
30664,4096660.18442857
30665,3190194.16980952
30666,4341752.04663333
30667,2899876.71052381
30668,4365658.98683334
30669,3163834.0356873
30670,4164463.79743333
30671,3426186.17329048
30672,4310945.17005238
30673,5146911.13066667
30674,5022485.22376667
30675,4226165.01256667
30676,4668485.35166667
30677,3778941.79580477
30678,4676059.72006666
30679,4211734.12726349
30680,4386404.10883333
30681,4664768.76643333
30682,3634858.7745
30683,3566027.88403333
30684,3738015.66023334
30685,4838719.46126667
30686,5397295.57506667
30687,4576069.06556667
30688,4963008.27263333
30689,3593276.02631905
30690,4151997.09924286
30691,4850166.8385
30692,4264995.17967143
30693,5085275.8557
30694,3442330.82383334
30695,4114624.13397778
30696,4203690.0871
30697,3684714.00331429
30698,5148206.47103333
30699,3215010.55020635
30700,3803833.28737778
30701,3956045.34623334
30702,3533174.20643333
30703,3902421.01426667
30704,4099165.48983334
30705,3719833.88133334
30706,4284439.2392
30707,4376030.687
30708,4660860.59335238
30709,4177002.01776667
30710,4073999.79783333
30711,4660562.77443333
30712,4895922.15996667
30713,3828215.14986666
30714,3538938.13298571
30715,4375580.84413334
30716,5076588.25152857
30717,4245901.42646667
30718,4514540.87223334
30719,4147704.25934286
30720,4857402.23
30721,3916101.2656
30722,4111360.04773333
30723,5036421.48456666
30724,5069155.06246667
30725,4601938.35406667
30726,3971597.6311
30727,4807949.03023333
30728,3849175.4729
30729,4053513.35771111
30730,4343094.13156667
30731,4488657.25026667
30732,4469083.33023334
30733,4314279.59437778
30734,4484567.933
30735,4253640.39933333
30736,5083277.34316667
30737,3285910.74557619
30738,4122468.35479524
30739,4979777.42066666
30740,4683248.56406667
30741,3978643.18323334
30742,4697553.82585238
30743,5029009.62693333
30744,3672703.86288095
30745,4747423.1574
30746,4388289.01732857
30747,4683488.3125
30748,4263491.8793
30749,3194417.78240952
30750,4721482.0197
30751,3986151.78961111
30752,3537673.30538095
30753,4249219.39253333
30754,4360791.82353333
30755,4886884.81133333
30756,3037465.10526667
30757,3829604.9854
30758,4996398.39943333
30759,4822205.6597
30760,4971579.68506667
30761,4162981.65053333
30762,4635219.34603333
30763,4643040.5577
30764,4724757.59144445
30765,3667130.14273333
30766,3603796.66025714
30767,3909178.03163333
30768,5280870.56306667
30769,4551722.60924762
30770,5148133.91206667
30771,4477534.65623333
30772,3941299.23153334
30773,4948987.58753333
30774,4680156.9991
30775,3696699.84277302
30776,3865986.35082857
30777,5328503.17446666
30778,3974592.02167619
30779,4488086.27766667
30780,4207749.96177301
30781,4005457.26933333
30782,4269598.18203333
30783,5009604.21716666
30784,4578231.9793619
30785,4347162.22363333
30786,4083446.7552
30787,3803216.78923333
30788,4574171.71511111
30789,4226882.82623333
30790,3191416.6073
30791,3968536.04194286
30792,4447306.48236191
30793,4177713.07036667
30794,3990021.89997619
30795,5564447.25033334
30796,4403619.97856667
30797,4198773.82203333
30798,2991749.44427619
30799,3890818.4811
30800,4761785.13753334
30801,4251872.81126667
30802,4567900.11723333
30803,4144048.04976667
30804,4474277.9486
30805,4658318.37423333
30806,4123669.13853333
30807,4882134.62402857
30808,4793582.56454286
30809,3805709.93023016
30810,4733462.05603333
30811,4935315.96586666
30812,4687990.24313333
30813,4821042.97681111
30814,3243880.85254286
30815,3805159.36853334
30816,4072265.6235
30817,4357724.2668
30818,4512761.04076667
30819,4513447.4145
30820,4839228.1799
30821,4783261.61849524
30822,5443046.09393333
30823,4336478.4313
30824,3383741.83637619
30825,4393440.00496667
30826,4253554.62716667
30827,3959483.32396667
30828,4426856.7489
30829,5094962.42673333
30830,4147972.87937619
30831,3638317.9028
30832,4576707.97591905
30833,3649720.1516
30834,5416906.9448
30835,5200775.09238572
30836,4781414.00766666
30837,4362409.40134762
30838,3707342.11893333
30839,4376363.41386667
30840,4138544.35786667
30841,3902858.06016191
30842,3485454.31588095
30843,5274688.86683333
30844,3231836.72592857
30845,4448622.02854444
30846,5735103.79703333
30847,4542572.01642857
30848,4061401.5626381
30849,4164835.6373
30850,4081997.85573333
30851,5009600.3821
30852,4516376.09256667
30853,4611553.8123619
30854,3846487.7911
30855,3574695.57983333
30856,3308273.07523334
30857,4407844.11306667
30858,3892331.88994444
30859,4032430.4118
30860,4365445.6364
30861,4050549.93303333
30862,3869454.92802064
30863,5181873.00353333
30864,4667102.594
30865,5119042.42613333
30866,5305114.52351905
30867,3272567.41424286
30868,2837699.69256667
30869,4220938.35823334
30870,4083739.26897778
30871,3782669.52579524
30872,4101189.42365238
30873,5037503.7366
30874,4439378.68816667
30875,4170457.7486
30876,4218819.82522063
30877,5026006.86735238
30878,4309338.58746667
30879,4238404.32713333
30880,4088811.3903619
30881,5220222.5042
30882,4469237.0616
30883,3886688.2444873
30884,4284412.68271111
30885,4093061.38723333
30886,4459553.05504286
30887,4146832.60113333
30888,4342637.46723333
30889,2861885.57326667
30890,4601078.36146667
30891,4032702.1938
30892,4031675.14290635
30893,4568384.66213333
30894,3034401.7750381
30895,4788178.93273334
30896,4808947.16876666
30897,4612371.942
30898,4676875.27246667
30899,4502730.59775238
30900,3936484.04714286
30901,3979501.3027
30902,4397224.77946667
30903,4573427.11290952
30904,4670455.23906667
30905,4324060.36583334
30906,4779653.77246667
30907,4513305.27976667
30908,4417476.93486666
30909,4089303.13683333
30910,4507423.5839
30911,4939885.80192857
30912,3945111.3653
30913,4119480.08794444
30914,4762290.60223333
30915,3582091.33697302
30916,2330323.81374286
30917,4246610.15013333
30918,4905740.5629
30919,4296582.4500381
30920,5477267.6681
30921,4497756.1809
30922,4727863.81416667
30923,4427265.19432857
30924,4281972.35736667
30925,4121274.42293334
30926,4045226.80736667
30927,4972910.67026667
30928,4064875.9554
30929,4886131.18773333
30930,4261230.18553333
30931,4269378.0996
30932,3933783.99219206
30933,4972978.04303333
30934,4565504.54139524
30935,4241172.1322
30936,4635539.3662
30937,3137249.90816667
30938,3968389.9749
30939,4377449.40319524
30940,4013006.03217143
30941,4024278.26846191
30942,3796736.46383333
30943,3366638.57509524
30944,3542609.84366667
30945,3944224.1577
30946,4683259.621
30947,5327952.70136667
30948,2454560.88434286
30949,4155615.22771905
30950,4064407.28083334
30951,4487482.53588334
30952,4599426.8179
30953,3951964.54424762
30954,4515936.4268
30955,4202445.48363334
30956,4179337.60686667
30957,3130253.06166667
30958,5007885.3484
30959,4673405.69186667
30960,4890022.56462857
30961,4752328.02313333
30962,4500812.88938571
30963,3432117.98886667
30964,4268472.9577
30965,4854974.2579
30966,3594368.27493333
30967,3910584.47846667
30968,3865760.80377778
30969,2404193.29339048
30970,5010859.6533
30971,4260341.46913334
30972,4232190.35111429
30973,4037332.26802857
30974,4322589.91162857
30975,4549889.84307143
30976,4427930.58906666
30977,4733563.74712857
30978,4225181.16966667
30979,4485560.78331667
30980,3964889.53946667
30981,4006701.16153333
30982,4988946.02576667
30983,4380942.7833
30984,5049967.18673333
30985,4667561.6964873
30986,3323307.4356873
30987,4232686.9287
30988,4360160.19524286
30989,4429160.70302857
30990,3343840.54433333
30991,4367741.62983333
30992,4678604.8861
30993,3756082.55586667
30994,4465336.11131905
30995,4691904.15537778
30996,4698962.95106667
30997,4652193.14592857
30998,3840082.22422381
30999,4840826.09873333
31000,3762195.16566667
31001,4204237.3489
31002,4757465.4884
31003,4413191.1563873
31004,5770134.21336667
31005,4515538.437
31006,4028582.40113333
31007,3899381.13597778
31008,3966895.19281111
31009,4127061.2375
31010,5049736.9005
31011,2970598.91583333
31012,4285757.57313334
31013,3805348.36846667
31014,4374180.87901429
31015,4921977.74919524
31016,3844735.80773334
31017,4617757.41853333
31018,4636123.71493333
31019,5093287.44979524
31020,3696628.27606667
31021,3803074.80082857
31022,4568641.51538095
31023,4396940.9843
31024,4148131.1471
31025,4754745.86915714
31026,5449695.54696667
31027,3845621.5142
31028,3780423.34906667
31029,4506169.02383333
31030,5615022.1131
31031,4507972.19793333
31032,4499273.62596667
31033,4463617.14443333
31034,4471107.3079
31035,3591848.78936349
31036,3996409.73773333
31037,3739454.27460952
31038,4279770.91593333
31039,2981956.22857778
31040,4018267.29263333
31041,4038025.4101
31042,4092356.70476667
31043,3918555.45044444
31044,4508319.86223333
31045,3914892.41229524
31046,3215010.55020635
31047,5174832.48316667
31048,4795162.83446666
31049,4610813.32943333
31050,5437043.84193334
31051,5346415.11077778
31052,5349430.79716667
31053,3748337.54196667
31054,4793228.78006666
31055,4203902.64846667
31056,4257744.44633333
31057,4571407.8389
31058,4049223.39342381
31059,4147145.21889683
31060,3291195.7412873
31061,3461279.02406667
31062,4612596.1986
31063,4434690.17366667
31064,2448036.56566825
31065,4825899.428
31066,4311016.9713
31067,3759485.1603
31068,3756516.9506873
31069,2879969.51861905
31070,4058052.16563333
31071,4527803.87152857
31072,3895629.22533334
31073,4782970.07873333
31074,4164795.6788
31075,3935047.63499048
31076,4380298.74476666
31077,3188659.61635238
31078,3856030.88576667
31079,4729956.87333333
31080,3676344.43234444
31081,3943997.54486191
31082,4679720.18203334
31083,4761366.69963334
31084,4125023.0903
31085,3909810.14244286
31086,4539405.412
31087,3850939.22266191
31088,3648387.24183333
31089,4076661.9843
31090,4322365.3825
31091,4730330.00034444
31092,4371673.81576349
31093,4189181.42997778
31094,5045412.23691904
31095,4803303.22553333
31096,4671033.20646667
31097,5289947.10603333
31098,3974566.0279
31099,3469493.44812381
31100,4195526.20283333
31101,4126946.52756667
31102,4330420.60723334
31103,3286170.15783333
31104,4796463.87266667
31105,3727987.35168095
31106,2846851.03224286
31107,4064977.97402857
31108,3609405.69806667
31109,3182814.14716191
31110,5151592.03233333
31111,3427472.87437619
31112,4203593.5535
31113,4165761.40405714
31114,5297377.01636667
31115,4647370.07157143
31116,4102184.20943334
31117,4523438.02785
31118,3857549.91482381
31119,4755797.2328
31120,3623523.67502381
31121,4874122.37335238
31122,4466410.54296667
31123,4749665.0248
31124,5162935.5797
31125,2944762.09577143
31126,3957680.46231111
31127,4728063.16264285
31128,2926117.37406349
31129,3938381.69672064
31130,3858001.99071111
31131,4795154.63763333
31132,3239690.28977778
31133,5505168.51203333
31134,4741489.22996666
31135,4572865.51286667
31136,4186444.38973333
31137,4661156.05993334
31138,4603734.5945
31139,4687605.12416667
31140,3873912.1574
31141,4773936.5911
31142,4265278.83486667
31143,4067454.4875
31144,4344393.3725619
31145,3450888.05820952
31146,3179308.7739
31147,3963690.24616191
31148,4479909.91386667
31149,4526860.05306666
31150,4249486.69406666
31151,4960195.86543333
31152,4666685.1727
31153,4177349.34633333
31154,4866396.8711
31155,4283114.73676666
31156,4473563.90983333
31157,3872032.03966667
31158,3249711.34961111
31159,4046123.5012
31160,4005085.49093809
31161,4118551.12156667
31162,4926260.9036
31163,4562033.72566667
31164,4207701.31090953
31165,4318347.99196667
31166,4606957.63046667
31167,4142709.49890952
31168,4919753.77503333
31169,3891662.89776667
31170,4298197.11026667
31171,3806173.2679
31172,4657916.3972
31173,4267853.3807
31174,4019252.43756667
31175,4404359.43375238
31176,4833335.9097
31177,5230533.5892
31178,4254648.62143333
31179,3615553.93094762
31180,5211724.80889999
31181,5059116.0871
31182,4808315.96543334
31183,4379595.7217
31184,4285416.71583333
31185,4340165.0615619
31186,4609469.19613334
31187,5675093.62833333
31188,4352120.06510476
31189,4267106.22316667
31190,4995917.68753333
31191,4655946.79306667
31192,4387420.04378571
31193,5128817.2553
31194,3057056.97377778
31195,4731501.20776667
31196,3481582.96133334
31197,4288624.74378254
31198,4065223.86787778
31199,5152921.16703334
31200,4222348.20266666
31201,4070604.17934444
31202,4579490.8753
31203,4543717.62386667
31204,3370588.82233333
31205,4807578.72283333
31206,4897629.44563334
31207,5201013.05576667
31208,4352111.33956667
31209,2780640.86993809
31210,4255821.04483334
31211,5087482.38633334
31212,5052205.74886667
31213,4824617.16943333
31214,4148146.47352064
31215,4313421.90122857
31216,3747613.8292
31217,3690340.37894444
31218,3260046.82166667
31219,4056702.47116667
31220,4576518.50913334
31221,5058139.967
31222,4559166.6978
31223,4909699.68346667
31224,5407997.20793333
31225,4979838.3388
31226,3778673.65364286
31227,2956978.18810952
31228,3560222.01195714
31229,3363865.2312
31230,3140963.54277619
31231,4197604.09346667
31232,3986251.5671
31233,3960672.57086191
31234,5068515.93655238
31235,4330910.12433333
31236,5533312.22906667
31237,4571626.0847
31238,4460961.04529286
31239,3927031.2727
31240,4437820.48528095
31241,4451817.888
31242,4479792.57157778
31243,4130612.0888
31244,4535912.48006666
31245,4418045.38276667
31246,5056417.8932
31247,3961950.9952
31248,4991506.0971
31249,4534533.60983333
31250,3723949.43582857
31251,4761289.13999524
31252,4564001.53653334
31253,3773074.09652381
31254,3490013.56494444
31255,4956845.57336666
31256,4334707.13483334
31257,4628936.92206667
31258,4754370.7885
31259,4160470.26733333
31260,4953711.1206
31261,3880631.73349524
31262,4734508.69786667
31263,3877554.47017302
31264,4655426.0145
31265,4043364.36316667
31266,3966672.91867143
31267,4890761.72743333
31268,4394298.602
31269,4147830.52100476
31270,4583921.465
31271,4118833.52533334
31272,4584063.34733333
31273,4773719.26853333
31274,4478652.68446191
31275,3821807.63206667
31276,3791250.48203334
31277,3742694.92880952
31278,4773427.57611905
31279,4708929.04353333
31280,3939400.23893334
31281,5067668.61813333
31282,4759085.12676667
31283,4273644.80117778
31284,4022075.55010952
31285,5080955.72727619
31286,4003540.48134286
31287,3800295.73516667
31288,4232295.20858095
31289,4186123.47379524
31290,4923373.92998571
31291,4835763.26476667
31292,5137075.04443333
31293,4348464.20613333
31294,4882219.54466667
31295,3855164.0158
31296,4180330.49656667
31297,4406719.00776667
31298,4829236.97716666
31299,4435641.35293333
31300,4831371.36035238
31301,4558327.45274762
31302,3798717.06476667
31303,5659064.68336666
31304,2984111.83994286
31305,5198083.60156666
31306,2967542.90434286
31307,4463403.32696667
31308,4396618.41203333
31309,4682181.9122
31310,4137507.75306667
31311,4888462.04324444
31312,4284507.07302857
31313,3628161.00813334
31314,3923927.86953333
31315,4686159.49153333
31316,4378373.5664
31317,4159876.97595238
31318,3935814.5099
31319,3965061.8522
31320,3705823.43947302
31321,4154897.40966667
31322,4250752.6498
31323,4246891.8342
31324,4182218.37817619
31325,4115003.3358
31326,5027597.3197
31327,3870058.16678254
31328,4360474.91003333
31329,3011533.75123333
31330,4688156.96883334
31331,4109940.17505714
31332,5516458.03426666
31333,3909704.07876667
31334,3253857.50793333
31335,4131774.94666667
31336,4533339.09423334
31337,4790192.28143334
31338,4570089.15246667
31339,4344975.24836667
31340,5225478.18551667
31341,4886874.87123333
31342,4433683.00949524
31343,5129895.1172
31344,3948254.66141111
31345,4361943.82356667
31346,3849271.97491587
31347,4293681.4724
31348,4355700.84501111
31349,4434318.6512
31350,3561653.35867778
31351,4326011.38033333
31352,4102290.0984
31353,5008120.85921111
31354,5047850.49943333
31355,4566543.44566667
31356,4459000.02483333
31357,3755433.03567619
31358,3780214.71021111
31359,3569231.07930953
31360,3332726.2869873
31361,3998658.05772857
31362,4460766.0845
31363,4324743.36783333
31364,5032247.14313333
31365,3646978.87736667
31366,4549842.60553333
31367,4477685.24163333
31368,4921373.0688
31369,3626111.82113333
31370,5363979.11306667
31371,4042039.33522857
31372,4837796.3476
31373,4038689.2863
31374,5100759.87146666
31375,4067588.13769524
31376,4024224.16296667
31377,4517134.91892857
31378,4337311.9707
31379,2510578.152
31380,4815789.57498571
31381,3946281.6597
31382,4110881.38796667
31383,3801694.54752857
31384,4421659.95916667
31385,4056140.64706667
31386,4750826.59736667
31387,5053281.58266191
31388,4088081.83246667
31389,5273034.88606667
31390,4414153.5891
31391,3980475.7963
31392,4999886.95216667
31393,5644861.18153333
31394,4869255.3976619
31395,3706914.6808
31396,3205456.30147619
31397,4742267.88333334
31398,5160428.04196667
31399,4313393.8768
31400,5069072.8613
31401,3874036.79153334
31402,4475860.00317619
31403,2878675.32290476
31404,3576624.24576667
31405,4672211.88676667
31406,6589324.38086667
31407,5458434.2558
31408,4454902.651
31409,4442082.50637142
31410,3278144.06416667
31411,3763762.5503
31412,4002442.12887143
31413,4229747.30440952
31414,4091550.11051111
31415,4016931.42893334
31416,3791751.68960159
31417,4390537.91191111
31418,3438388.8370873
31419,4292812.3108
31420,5020070.349
31421,4283441.84796667
31422,5762621.298
31423,3860079.43963333
31424,4278623.85993333
31425,3626615.59166667
31426,3863214.49163333
31427,4920334.02956667
31428,5245287.91626666
31429,4917326.95183333
31430,4379560.22443333
31431,4218532.43603333
31432,4655009.8596
31433,4209195.33887778
31434,4008117.48523333
31435,4887215.72873333
31436,5184810.87603333
31437,3105696.01579048
31438,3335843.15132063
31439,5476911.0574
31440,4473233.37173333
31441,3921536.42530953
31442,5344348.4334
31443,4191596.56143333
31444,4723496.0607
31445,4033878.0429
31446,3197278.97935238
31447,4052972.94029682
31448,5059168.57643333
31449,4918918.3853
31450,4063647.98186667
31451,4600452.98213333
31452,3914056.22906667
31453,4610309.20627778
31454,4367385.20956667
31455,4617390.70631666
31456,4659318.3688
31457,4358564.9699
31458,4211291.47431111
31459,3821428.02583333
31460,3788666.62171905
31461,5099427.81
31462,2756192.51607143
31463,4730949.92863333
31464,4939102.0621
31465,5074732.5424
31466,4565998.77013334
31467,4591253.94471111
31468,5240371.30616667
31469,4465351.95213333
31470,4825912.5945
31471,4341162.3581
31472,4788713.2932
31473,4836026.29657143
31474,4273093.01939048
31475,5500039.7892
31476,4548056.37876666
31477,3827427.7798
31478,4562368.03389524
31479,4273026.94816667
31480,4160255.17065238
31481,4084498.44633333
31482,3409910.1613
31483,4158449.5785
31484,3840155.08096667
31485,3538235.47463333
31486,4462162.13389524
31487,3529816.90872064
31488,3342228.9021
31489,3391067.3323
31490,4427818.09753333
31491,4957129.58953333
31492,3369004.77476667
31493,3897980.58636667
31494,4034463.52822857
31495,4601091.89726667
31496,4162991.81301111
31497,5302724.93499999
31498,4776173.39993333
31499,4280893.12679524
31500,3510651.4349
31501,4842873.44646667
31502,3010871.74594444
31503,5067235.98246667
31504,5041891.47101904
31505,4563982.253
31506,4139635.38336667
31507,4962291.4194
31508,4082609.94742539
31509,5014484.21473333
31510,3373075.79673333
31511,4785282.35198572
31512,4463336.79275
31513,4272913.49436667
31514,4614896.64706667
31515,4409746.91947778
31516,4533138.7244
31517,5244078.92263333
31518,4088321.20456667
31519,4646840.66243333
31520,3696802.89767778
31521,5244078.4964
31522,4889993.80756667
31523,5402056.52263334
31524,3637278.90063333
31525,4125578.15836667
31526,4108685.58091429
31527,4716693.1528
31528,4803584.81033333
31529,4836322.2887
31530,3065199.03257778
31531,4458841.3791
31532,4328481.52933333
31533,4745414.76003333
31534,4473132.2162619
31535,4455711.3893
31536,4035190.76
31537,5061458.689
31538,4060403.86529523
31539,4058035.57913334
31540,3802485.2495
31541,4068988.13092857
31542,2925840.74514444
31543,3512797.27186191
31544,5158189.89733334
31545,3928739.73576667
31546,4541226.66886667
31547,4263643.35120953
31548,4091229.88406667
31549,5510241.22453333
31550,4590606.24339524
31551,4189818.46513333
31552,3661763.70073333
31553,5009604.21716666
31554,5037107.8303
31555,4116502.47053333
31556,4541070.15343333
31557,4310618.21846667
31558,5076997.4869
31559,4461942.49846667
31560,5067079.4218
31561,4057143.2077
31562,4723680.9354
31563,3869219.37756667
31564,4666680.2909
31565,4027066.5121
31566,4469175.89826667
31567,4581604.71613333
31568,3432627.95264286
31569,4473946.37683333
31570,4616313.09536667
31571,4495773.03572857
31572,4778814.49075715
31573,3597081.0392
31574,4308614.0356
31575,4922197.53876667
31576,4605737.0693
31577,4326253.24133333
31578,4146870.3559
31579,4324051.01249524
31580,4771703.84123333
31581,3598867.01065238
31582,4793455.0556
31583,4115590.50387143
31584,3940555.45943333
31585,4443471.83556667
31586,4889547.53601904
31587,4534519.5205
31588,4694423.16751905
31589,4087402.1247
31590,5422708.13845238
31591,5084623.10113333
31592,4535961.69551111
31593,5162049.75142857
31594,5617684.34203333
31595,4629878.12006667
31596,3948390.12711111
31597,4111787.2115
31598,2866671.01106191
31599,4972046.71486666
31600,4184755.58773333
31601,3957117.969
31602,3297314.71883333
31603,3842543.88310953
31604,4694398.2239
31605,4056663.34263333
31606,4258115.2133
31607,4748912.58096667
31608,4960554.41284444
31609,3988678.83551111
31610,4482865.7768
31611,4152041.20913333
31612,4027862.44886667
31613,4591609.92092857
31614,4960191.33733333
31615,4115476.28063333
31616,5446593.75860001
31617,4979797.38633333
31618,5081050.38178571
31619,3947867.88592381
31620,3785878.83295397
31621,5123904.03218572
31622,4044732.49286667
31623,5454791.5756
31624,4296627.06972381
31625,4215173.88616667
31626,4546491.1886762
31627,4065299.04183334
31628,4347986.83326667
31629,4685698.48957778
31630,4000634.83246667
31631,4756877.3231
31632,4838022.67406667
31633,4699731.41522857
31634,4277142.20204445
31635,4052495.44046667
31636,3360396.28834286
31637,4639886.37002857
31638,5115975.55633333
31639,4790124.53717619
31640,5308642.80766667
31641,4440984.5122
31642,4150266.0494
31643,3125523.11720476
31644,4544866.8706
31645,4399091.07266667
31646,3540454.95329524
31647,4150731.39346667
31648,3756847.30205238
31649,4327655.81597143
31650,4805744.24558571
31651,4003903.25943333
31652,4629913.60376667
31653,4184870.08692381
31654,4433570.79669524
31655,4088495.03243333
31656,4049745.6337
31657,4389963.18045238
31658,4307233.1346
31659,4210600.24703333
31660,5923642.41109999
31661,4070233.48785238
31662,5758752.62243333
31663,4569124.02453334
31664,3474896.41760476
31665,4617274.3677
31666,4680628.82716667
31667,4420005.3262
31668,5081125.17083333
31669,4667541.39583333
31670,4955505.2199
31671,4577411.26596667
31672,4733549.05626667
31673,4185616.74383334
31674,5076805.02656667
31675,4448081.35593333
31676,4119513.14332064
31677,4484503.5469
31678,4262031.8283
31679,5057996.94576666
31680,4375158.24133334
31681,4472052.6186
31682,4135047.62873333
31683,4650868.68233334
31684,4198818.68760952
31685,3838234.9059
31686,4069200.1678619
31687,3536692.97942063
31688,5344422.19586667
31689,4178657.7335
31690,5171614.96523333
31691,4599327.08906667
31692,3855913.39711111
31693,4539280.24566667
31694,4680448.16166667
31695,3835535.67436667
31696,4987259.01642857
31697,3178744.76481429
31698,4342140.1108
31699,3488957.23233334
31700,4111102.81263333
31701,3598918.47433333
31702,4692218.93196667
31703,3562129.32790953
31704,4634567.17976667
31705,4964869.17363333
31706,5206503.02223333
31707,4456939.64056667
31708,5053853.0088
31709,3995160.46663333
31710,4047685.7881
31711,4694693.5027
31712,4474857.43812381
31713,3489091.47651587
31714,4343509.85519524
31715,4411319.21922857
31716,3874698.37314445
31717,3752727.45566667
31718,4729024.6849
31719,3828990.34281905
31720,4084037.34846667
31721,3944368.6734
31722,5070828.31939523
31723,4711711.31836667
31724,5187201.27596667
31725,4929452.4254
31726,4741476.15946667
31727,3988694.5858381
31728,4078973.02176667
31729,4488896.4691
31730,4724712.3406
31731,4135178.7900619
31732,5292184.4365
31733,4798971.65626667
31734,4431459.87333333
31735,4458002.1785
31736,4040818.18877777
31737,4097323.32136667
31738,4838455.71529999
31739,4741836.85306667
31740,4081936.2408
31741,4901787.4878
31742,4262707.93926667
31743,3993474.82273333
31744,4845906.6095
31745,3875833.35271905
31746,5091624.6372
31747,5003380.4509
31748,3887797.73829048
31749,4818297.88356667
31750,4536902.86266666
31751,4091535.69637619
31752,4651167.3842
31753,2389686.80780952
31754,4534551.90396667
31755,3719886.55811429
31756,4876479.00396666
31757,4482456.38101428
31758,3732283.23091429
31759,5010155.09296666
31760,5319151.77173333
31761,4097840.38396667
31762,4777918.02372857
31763,4634742.50606667
31764,4430092.41163333
31765,4144782.85170476
31766,3658923.44019524
31767,4587716.99297778
31768,4560129.17883333
31769,5234377.66203333
31770,4401719.86786667
31771,4079831.8237
31772,4036204.5545381
31773,5390895.36423333
31774,5043423.23210952
31775,3371700.84474286
31776,4155816.36666667
31777,3866346.85776667
31778,4757505.95753333
31779,4208526.07157778
31780,4594904.52146667
31781,4649989.9206
31782,4437128.91806667
31783,5334166.25768571
31784,4920342.7503619
31785,4370514.5999
31786,4984890.98370476
31787,5228981.2853
31788,4605759.8323
31789,4005374.86626667
31790,4171273.69697778
31791,5456964.4162
31792,4319860.2697
31793,4997358.7687
31794,4635049.11953333
31795,3176229.17023492
31796,5149408.22186667
31797,4316599.94426191
31798,4276311.355
31799,4686090.58523333
31800,3592451.23839524
31801,4950075.06183333
31802,3689098.26662064
31803,4510738.75116667
31804,4334429.74059524
31805,3710389.97827778
31806,5001458.3365
31807,4566915.71543333
31808,2925840.74514444
31809,4175194.12374445
31810,3532437.2610381
31811,4011551.3551254
31812,4688171.41706667
31813,4972150.76951905
31814,4922486.233
31815,3235282.8427873
31816,4551289.10276666
31817,4011682.6873
31818,4136987.43633334
31819,4479859.8982
31820,4660465.71456666
31821,4564996.25946667
31822,3821762.5652
31823,4794907.73477143
31824,4156227.87024444
31825,4489031.77286667
31826,3784017.51376667
31827,3396085.76990159
31828,4927149.72823333
31829,3696989.11800952
31830,4600730.5765
31831,3976117.09504445
31832,4310019.61033333
31833,3133531.291
31834,4774641.52706667
31835,4015167.443
31836,4411844.84225714
31837,4514677.36203333
31838,3718456.73706191
31839,3651013.55110953
31840,4092791.63916667
31841,5121337.47023333
31842,4424776.63790952
31843,4401285.81120001
31844,3696073.1521
31845,4412483.44113333
31846,4696206.08086667
31847,3757445.60403333
31848,4337918.5386
31849,4287477.5901
31850,3408908.2963381
31851,3690991.66620952
31852,4459959.77194444
31853,4673011.86706667
31854,4045348.48606667
31855,4489876.15276667
31856,4891018.28813334
31857,3530733.71866667
31858,3915806.71793333
31859,3822900.85714286
31860,4393103.8081
31861,5391696.03653333
31862,4399395.79164445
31863,5175347.04553333
31864,4619066.53353333
31865,3982115.0468
31866,4206049.65090953
31867,5150716.30626667
31868,4580979.3259
31869,4550162.91873333
31870,4264530.56520476
31871,4603551.34966667
31872,4738930.80916667
31873,4754621.91003333
31874,4809227.73009524
31875,4789722.89766667
31876,4288877.7823
31877,4965101.62833333
31878,4311228.67079048
31879,4044791.92776667
31880,3566606.15240952
31881,4975266.10236666
31882,4487262.53624444
31883,3897839.92126667
31884,4879138.43849286
31885,4156514.9006
31886,4401599.98123333
31887,4685155.5692
31888,4170847.53846667
31889,4822324.23393333
31890,4212326.20218572
31891,4950562.40943333
31892,4122361.58009524
31893,4700972.72842857
31894,4365838.38856667
31895,4010034.01573334
31896,3281801.77196667
31897,4785736.23713333
31898,4577246.329
31899,4949900.04876667
31900,3959983.12953968
31901,4201443.34950952
31902,4577497.89823334
31903,5323225.5778
31904,3440296.05809524
31905,4560269.66603333
31906,3366739.03456667
31907,4287824.44242381
31908,4651303.40681429
31909,4343328.79120953
31910,4216738.5294
31911,3586041.11227143
31912,4302772.7398
31913,2759981.8952
31914,4210607.55889524
31915,4275492.69097777
31916,4960053.02216666
31917,4445776.7002
31918,4678727.48276666
31919,3327710.93171429
31920,4251522.55776667
31921,5012922.63106667
31922,4658275.81884286
31923,4986411.8166
31924,3409510.4043873
31925,4632110.42685714
31926,3599319.96216667
31927,3843522.8485
31928,5279978.19706667
31929,4888923.52023333
31930,4281266.67263333
31931,3999846.86993334
31932,4615312.15556667
31933,4549771.2603
31934,4450215.88316667
31935,4018217.88236667
31936,4916891.0207
31937,4743819.47841429
31938,4262003.38014444
31939,4834166.43263333
31940,4761006.55226667
31941,5692448.84036667
31942,4534277.2509
31943,4488332.99901905
31944,4116512.53906667
31945,4930388.70013333
31946,4172335.15716667
31947,5134411.9382
31948,4569704.17933333
31949,3841755.89971429
31950,4294766.86100953
31951,4224488.01853333
31952,4337133.39663334
31953,4697505.965
31954,4115386.6935
31955,4192181.4605619
31956,4778688.36911905
31957,3507091.70695714
31958,3915884.62575714
31959,4721040.8284
31960,3781230.22776667
31961,5115868.9804
31962,4082975.79643333
31963,4920738.4282
31964,3739491.66484444
31965,3340173.87727619
31966,4302519.4141
31967,4711178.88093333
31968,4508327.04583333
31969,3817751.2639
31970,5053683.15356667
31971,4034905.57976667
31972,3993091.80270952
31973,3866972.47583334
31974,4543316.3516
31975,4090441.60176667
31976,4481526.68296667
31977,5088134.06285238
31978,3832039.89796667
31979,5151896.8438
31980,4429789.29753333
31981,4536198.9131
31982,3946949.06451587
31983,4286683.74440476
31984,3787042.39146191
31985,4779688.50906667
31986,4343575.68236667
31987,4516744.26596666
31988,4167302.31275714
31989,3791137.8482
31990,5228639.02853333
31991,4807804.19804445
31992,3910112.4948
31993,4836950.43376667
31994,4139809.36004444
31995,4855686.4081
31996,3516904.30622858
31997,4917835.43513809
31998,4437285.41436667
31999,4422624.82069524
32000,4219863.6442
32001,4748399.16213333
32002,4324843.06989524
32003,4130855.49547619
32004,5025197.52486667
32005,4305023.36496667
32006,4007503.53914445
32007,4362065.8962
32008,4456966.58222857
32009,4395446.05423333
32010,5127410.0592
32011,4312684.5369
32012,4112238.89544921
32013,5261895.85796667
32014,3828890.95549524
32015,4945606.1362
32016,3965082.33715873
32017,4440189.566
32018,4506559.67563333
32019,3410913.85267143
32020,4493615.62130952
32021,4228932.91753333
32022,4450832.02573333
32023,5052896.67523333
32024,4249796.9497873
32025,5382809.2345
32026,4629167.98177778
32027,3912869.70921111
32028,4406540.08443333
32029,4021005.36179524
32030,4367192.83797619
32031,4564708.5814
32032,3577659.15750953
32033,5127610.89063333
32034,2935351.10665397
32035,4056192.1142
32036,3832178.8058
32037,4138773.0657
32038,4036457.18471905
32039,3996648.38686667
32040,4865540.66773333
32041,5742137.05973334
32042,4606007.006
32043,4522101.93323333
32044,3792324.14636667
32045,3530919.81174444
32046,4322749.35006667
32047,4789632.35155714
32048,3708988.65394444
32049,3531488.19526667
32050,4190443.4828
32051,4600412.85996667
32052,4435335.6296
32053,4987528.25173333
32054,4347374.72594444
32055,4614167.61956667
32056,3435093.56546667
32057,3580269.13298095
32058,4815723.1919
32059,3732308.06320952
32060,4617430.32422857
32061,2838279.3525873
32062,4093693.79033333
32063,3629244.87750953
32064,3958716.26216191
32065,4601477.72244444
32066,2404193.29339048
32067,5695123.48933333
32068,4693717.20073333
32069,4013695.69076191
32070,3856515.17527778
32071,2953554.02508096
32072,3956739.73229206
32073,3966728.83282857
32074,2574464.89504286
32075,4124426.91444762
32076,4577848.59796667
32077,5208669.4726
32078,4338566.00073334
32079,5014514.1182619
32080,3400539.00120952
32081,4527979.13524286
32082,4289344.29786667
32083,4462644.77713333
32084,2984217.11206667
32085,4012099.1669619
32086,4202938.72613333
32087,3327710.93171429
32088,4701019.00308333
32089,4744336.64483333
32090,4186558.76226191
32091,4938271.48846666
32092,4900274.35563333
32093,2761173.50180476
32094,3941534.30750952
32095,4763806.83713333
32096,4901428.18353333
32097,4826575.57123333
32098,4620438.56824921
32099,5139205.0889
32100,4792103.54396666
32101,4495220.94909524
32102,4258068.55698571
32103,3283822.73933333
32104,5030686.65046667
32105,3773357.7386
32106,4408195.70616667
32107,3951493.98364444
32108,4419160.1799
32109,3176089.14395397
32110,4482456.38101428
32111,4319481.52423334
32112,3638782.91178095
32113,4101747.28083333
32114,4759390.48913333
32115,4159098.27663333
32116,4612720.4525
32117,3646670.40360952
32118,4257569.9016
32119,5080400.88943333
32120,4202349.06546667
32121,4166065.6615
32122,3662996.0349
32123,3798379.06623333
32124,4872349.2764
32125,4631902.2863
32126,4352896.37768571
32127,3869955.07246667
32128,3994649.20193333
32129,4866912.86506667
32130,3429507.81096667
32131,4195242.19656667
32132,3942020.0626
32133,4594480.78866667
32134,3662203.44403334
32135,4728577.10183333
32136,4732744.06181111
32137,4368349.30063333
32138,5250241.59046667
32139,4035315.03966667
32140,4282855.38236667
32141,4311558.3236
32142,4001599.48247619
32143,3326044.18360476
32144,3761972.2434
32145,4668986.97963333
32146,4435895.67016667
32147,4270852.34113333
32148,4351546.77141111
32149,4944500.96998095
32150,4318871.66943333
32151,4989442.65963333
32152,5290959.21726667
32153,4133961.36243333
32154,5008224.4083
32155,5468120.71146667
32156,4233674.9723
32157,3952177.6252
32158,3793260.96373333
32159,3579204.49857619
32160,4832657.54685714
32161,4062424.14232857
32162,3539328.47206667
32163,4237755.18143333
32164,3653701.84077143
32165,4382466.49413333
32166,4366098.86363333
32167,4791793.9449
32168,4535387.41073333
32169,4120576.96266667
32170,4440497.559
32171,4996122.3782
32172,4168966.38891111
32173,4590805.0701
32174,4351666.87954286
32175,4629248.55043333
32176,4263463.62886667
32177,3705730.1833
32178,4413619.1394
32179,3817900.92550953
32180,4441430.72449524
32181,4184550.64826667
32182,4931612.40226667
32183,4519146.9046
32184,3079535.55654286
32185,4653121.3888
32186,3677049.16911111
32187,5075244.53773333
32188,3443327.48123968
32189,4049242.19213333
32190,5385660.29526667
32191,3420144.6550254
32192,4994147.57896667
32193,3549510.0653
32194,4071401.3023
32195,4187565.21766667
32196,4415083.20743334
32197,3963343.2794
32198,3765161.55777619
32199,5695123.48933333
32200,4738816.44923333
32201,4386526.8775
32202,3754124.73735397
32203,4458339.7378
32204,5136523.64726666
32205,3759493.46283333
32206,3947871.84983492
32207,3029672.77737619
32208,4557186.21996667
32209,3790502.5725
32210,3769786.8375
32211,3269899.09781428
32212,4173332.75296667
32213,5047472.63010952
32214,3939679.13186667
32215,5032324.29415238
32216,3811371.03503333
32217,4267773.7915
32218,3993015.56566667
32219,3990397.73333333
32220,5091496.56946667
32221,4085908.83993333
32222,5153946.1839
32223,4927339.80216666
32224,4328412.10143334
32225,4188538.02583333
32226,4273442.12733333
32227,4168786.49326667
32228,4809802.16573333
32229,5388270.22433333
32230,4185917.0907
32231,4642428.50842857
32232,5109921.83953334
32233,4449622.11946667
32234,2675118.32322857
32235,4719974.23674286
32236,4440041.00696667
32237,3112186.1382
32238,5808496.76576667
32239,4895428.4882619
32240,4572671.33367143
32241,3651244.58294286
32242,5459334.26753333
32243,4165482.99066667
32244,4166637.78193334
32245,4698653.30053809
32246,4037179.65036667
32247,3561999.26644286
32248,4370568.21625714
32249,4369638.75102857
32250,5070582.17131905
32251,2676427.74361111
32252,4139827.65123334
32253,4484276.88886666
32254,4272640.12473334
32255,2734288.14214286
32256,4655249.42498571
32257,4144058.84046667
32258,4337210.72656667
32259,4281067.02034445
32260,4268162.76043333
32261,3872299.78065397
32262,4787846.92693333
32263,5384094.71551905
32264,4544008.3176
32265,3617482.3794873
32266,4966706.53118571
32267,4011454.6451
32268,3513998.49462064
32269,4409874.71651905
32270,4439789.4522
32271,4543501.90173333
32272,3748242.79367778
32273,4254807.65043333
32274,4332093.8389
32275,4111934.11591111
32276,4662528.892
32277,4913636.7973
32278,4550508.50902857
32279,4761406.84913334
32280,4458252.9602
32281,5038169.34163333
32282,4448502.40906191
32283,5007659.51583333
32284,4913691.3789
32285,4807034.4636
32286,4514776.07806667
32287,4556678.34853333
32288,4469156.0387
32289,3167593.41038095
32290,3369944.83373492
32291,4597939.17376667
32292,4537746.5505
32293,4200654.7938
32294,3712008.82183333
32295,4879583.48783333
32296,4204056.66456667
32297,4053604.61916667
32298,4223476.37337778
32299,4476547.1712
32300,4077425.59492857
32301,4904449.41833333
32302,4620668.313
32303,5094648.6435
32304,5037167.12593333
32305,3962584.79906667
32306,4376540.49926667
32307,4351196.68973333
32308,4660476.5995
32309,4813550.68248571
32310,4691053.16536191
32311,4428440.02956667
32312,3596760.27859683
32313,4137250.19840476
32314,4674789.70979523
32315,4812699.8347
32316,4896941.84163333
32317,3418517.84770952
32318,4380163.43516667
32319,4771783.1687
32320,3721586.95041905
32321,3890268.84353334
32322,5032858.22256667
32323,4840928.15426667
32324,4332168.8901
32325,4409952.61696667
32326,4052581.02647778
32327,3823226.7519
32328,4099223.506
32329,4105665.98353333
32330,4212593.99667778
32331,4988056.14752857
32332,4316582.60326667
32333,3940321.68143334
32334,4248346.3635
32335,4097828.17406667
32336,3937136.48896667
32337,4555472.02565714
32338,4104183.0214
32339,4392209.77322857
32340,4526736.0061
32341,4596163.23
32342,4101054.3316
32343,4187474.37136191
32344,5191301.79326667
32345,4880202.97016667
32346,4437808.26241111
32347,4273315.55637302
32348,4287793.96116667
32349,4132047.29813809
32350,2934315.59873333
32351,2835562.53966349
32352,3817365.78972858
32353,4442716.7319
32354,3726747.7228
32355,4406067.6009
32356,4078378.22286667
32357,4225364.42193333
32358,4165934.93966667
32359,4132158.32863333
32360,4216250.0994
32361,3635685.6903381
32362,4282843.1711
32363,4957814.11386666
32364,3734675.86026349
32365,5025476.9879
32366,4757161.09906667
32367,4228052.46976667
32368,5184587.4598
32369,3528370.15377619
32370,4444901.11688571
32371,3867174.66939524
32372,4612167.33333333
32373,5831510.01553333
32374,4696452.35227778
32375,3549969.68720635
32376,4038643.11343333
32377,3223129.1849
32378,4395675.91446667
32379,4760306.93613333
32380,4015661.06716667
32381,3998019.3137
32382,4280867.10433333
32383,3704348.38703334
32384,4089085.85216667
32385,4693901.4212619
32386,5366927.96436667
32387,3584324.4779381
32388,4519128.71403333
32389,4952370.18303334
32390,4914272.52123333
32391,4848707.6335
32392,3998000.2093619
32393,4840566.9604
32394,3900701.9149
32395,3618705.01350476
32396,4739507.94053333
32397,3772178.92181111
32398,5103458.32843333
32399,4151172.65281905
32400,3666769.5326
32401,3688590.13577143
32402,3980988.48529524
32403,4674671.00366667
32404,3674062.98522857
32405,3347589.9973
32406,4206582.16763333
32407,3825125.4941
32408,4881386.94113333
32409,3710695.4343873
32410,3394385.30246667
32411,5909043.54503333
32412,4730648.6931
32413,3738202.10106191
32414,3731751.03879524
32415,3373187.16392857
32416,4665089.67346667
32417,3775413.03170952
32418,3990614.4495
32419,3415626.58396667
32420,3686737.54035238
32421,3619947.61443968
32422,4881103.54093333
32423,4924628.98289524
32424,4102101.86415714
32425,4238881.32256667
32426,3956761.2416
32427,4459850.10076667
32428,4491192.3519
32429,3436312.33032064
32430,3519721.9184
32431,4256170.67886667
32432,4211419.72763334
32433,3898225.8754
32434,4994054.4353
32435,4599657.37156666
32436,5322890.0323
32437,4379795.05448571
32438,3771770.89204445
32439,3296450.11674286
32440,3288984.23513333
32441,3827520.80609683
32442,4366346.58526666
32443,3931460.9912
32444,3881703.88901587
32445,3982782.24953333
32446,3937848.84613333
32447,4048670.42765
32448,4702584.72969048
32449,3979293.74633333
32450,4814953.4766
32451,2721605.56569683
32452,4427659.35571111
32453,5071948.1394
32454,4673415.14216667
32455,4021266.9349
32456,4758552.98600952
32457,3667825.33013968
32458,5209085.2276
32459,5182559.20426666
32460,4050977.16203333
32461,4149198.14631111
32462,3956133.60139524
32463,4629848.8306
32464,3889030.28706667
32465,4969747.47336666
32466,4135685.06276349
32467,4933294.7573
32468,3718292.30536667
32469,5057776.2146619
32470,4752717.74053334
32471,4232546.8004
32472,4128395.08691429
32473,4217803.74201111
32474,4158135.2303
32475,4756610.47143333
32476,4236484.87897301
32477,4083294.93493334
32478,4414279.91963333
32479,3264810.55835714
32480,3239896.67957619
32481,4347249.92606667
32482,3379519.56077143
32483,4102008.1748
32484,4460402.22063333
32485,4492503.30613333
32486,4201756.13846667
32487,4242029.73024444
32488,4588537.11451428
32489,4228788.44402857
32490,4931361.21826191
32491,5103040.7948
32492,3692553.39746667
32493,4416577.2677
32494,3837862.28353968
32495,5072727.96743333
32496,4520561.34446667
32497,5202369.87633334
32498,4168258.13093334
32499,4638590.7325
32500,2988549.51373333
32501,3805434.56748571
32502,4161624.46126667
32503,5902055.63068571
32504,4258664.1128
32505,2681494.99737619
32506,3540068.94417778
32507,4887744.6534
32508,3920499.5500619
32509,3385541.6151381
32510,3950220.8047
32511,4434106.31926667
32512,4501144.86016667
32513,3792281.24623333
32514,4538656.6121
32515,4796119.0752
32516,4360424.35412063
32517,4350125.63693333
32518,4906510.48106666
32519,3832553.68016667
32520,4796411.60583333
32521,4934256.97233333
32522,4519146.9046
32523,3208601.29460952
32524,4556437.6369
32525,4107652.80616667
32526,4086716.4594
32527,4163100.836
32528,3313309.57514762
32529,4687294.2427
32530,4910449.58163333
32531,4221036.30249524
32532,3885821.77583334
32533,5088293.2273
32534,4114595.68706667
32535,5131686.37986667
32536,4195338.57633333
32537,4687315.2554
32538,3907890.28971111
32539,4698849.62753333
32540,2928979.82756825
32541,3603373.98595714
32542,3509008.7705619
32543,4553166.27135238
32544,5247137.48593333
32545,3956499.1966
32546,4769931.3704
32547,4000636.10141111
32548,4678233.7605
32549,4047739.38966667
32550,4483147.1946
32551,3947310.2062873
32552,3814385.10802857
32553,3592470.98554444
32554,4617942.2014
32555,4386882.17346667
32556,5511983.91293333
32557,4397568.50020952
32558,3665410.94243334
32559,3647932.7045
32560,3281285.13874444
32561,4337696.9746
32562,4075742.5218
32563,4317353.6701
32564,3752280.22123333
32565,4150904.7486
32566,3991457.00928571
32567,4520424.14026667
32568,3346756.98826667
32569,5083847.19803333
32570,4049757.13549524
32571,4195282.1696
32572,4280106.08486667
32573,4046593.22460953
32574,3369946.88253333
32575,4509525.70723333
32576,5088000.69263333
32577,4974624.33176667
32578,4650134.98276666
32579,4625347.05896667
32580,5315981.96366666
32581,4729024.6849
32582,3620437.42530952
32583,2745153.7435
32584,4965219.87006667
32585,4249619.65797778
32586,4523745.70753333
32587,3831275.74283334
32588,3918296.50412381
32589,3977515.2135254
32590,4291207.03766667
32591,4374215.13476667
32592,4704430.58223333
32593,4711793.30333333
32594,4622980.18693333
32595,5454287.89954444
32596,3535147.62013333
32597,4571120.0859
32598,3756109.68784445
32599,4712639.6645
32600,5535911.49606666
32601,4953356.13833333
32602,5324391.46883333
32603,3749572.47886667
32604,4214724.63242857
32605,4449669.59576667
32606,4058699.48898572
32607,4239539.51497302
32608,4224146.28793333
32609,4309098.49233333
32610,3904878.79130476
32611,3831199.13704762
32612,4607857.66256667
32613,4314919.49536667
32614,3828637.69123334
32615,5081673.41263334
32616,3998022.05724286
32617,4041444.5801
32618,4343521.14263333
32619,5084387.68193333
32620,3759344.22384762
32621,4137885.61058095
32622,4843757.29526667
32623,5476694.02676667
32624,4429230.08186666
32625,4830651.97005238
32626,5106148.68766666
32627,3638957.96570952
32628,3379756.75139524
32629,4725457.98066667
32630,6196614.45276666
32631,4500347.12276667
32632,4903793.62076667
32633,4721980.8771
32634,3869607.52994762
32635,4545172.08105238
32636,4633268.15347777
32637,4143489.71564445
32638,4376417.5324
32639,4013998.92761667
32640,4554129.0314
32641,5171813.84385238
32642,4670529.28643333
32643,4347543.98713334
32644,4832187.40031904
32645,4519319.4016
32646,3886846.96103333
32647,5395914.9318
32648,4686163.8923
32649,4888354.0908
32650,4574950.66907778
32651,4533671.57513333
32652,4659528.89376667
32653,3640832.83685714
32654,5223583.7067
32655,3120144.38175397
32656,3070381.75327143
32657,4708951.9376
32658,4711089.96433334
32659,4063690.26716667
32660,4788206.19413334
32661,3718980.76768095
32662,4214838.74079524
32663,3286883.61611429
32664,4366992.02303333
32665,4871393.7463
32666,5197185.08406666
32667,4638318.1297
32668,4260445.1467
32669,4333338.9602
32670,4159365.21382857
32671,4090299.57933333
32672,4608779.76091428
32673,3951509.52763333
32674,4667881.87123333
32675,4504967.96930635
32676,4140031.70137778
32677,4717504.11497143
32678,4872792.07503333
32679,4844876.16056666
32680,4770284.2001
32681,3426365.41143333
32682,4720994.54181905
32683,4050466.14013333
32684,4749779.87213333
32685,4489646.94713334
32686,5270005.68893333
32687,4141189.26943333
32688,4921266.2968
32689,3661366.99826667
32690,4605802.73573333
32691,5113554.94666667
32692,4689187.90983333
32693,4816942.81686667
32694,3944805.29713334
32695,4490229.96223333
32696,3985615.73183334
32697,4284867.88020159
32698,3928693.8135
32699,4855991.33923334
32700,3763900.80181111
32701,4613555.42342857
32702,3787171.68111111
32703,3462908.71674286
32704,5754083.506
32705,4607718.6206
32706,4828173.30166666
32707,5451274.46193334
32708,4565747.70393333
32709,3693278.81236667
32710,4393478.96203333
32711,4828073.64993333
32712,4056331.48656667
32713,3945208.60978095
32714,3951065.5381
32715,4534103.89856191
32716,4811021.70056191
32717,3818607.87370952
32718,4398758.7959
32719,4125324.69103333
32720,4910519.54523333
32721,3881621.59523333
32722,4276252.73406667
32723,4291197.80593333
32724,4643343.49166667
32725,4302112.75096191
32726,3816509.8058
32727,4516285.9700619
32728,4774943.094
32729,3590980.78210476
32730,4553778.48413333
32731,4579506.34043333
32732,3363010.19272381
32733,4967157.78606667
32734,3897426.61539524
32735,3740051.33213333
32736,4338873.80179047
32737,5059886.3936
32738,4906687.67289524
32739,3327437.1995
32740,4603101.88706667
32741,5112208.88136667
32742,4836430.20886191
32743,4303139.29100952
32744,5054572.59945714
32745,4458276.38716667
32746,4907347.21286666
32747,4750352.6825
32748,4334707.13483334
32749,3916461.6088
32750,3372325.76117778
32751,3867103.61107778
32752,4415630.5969
32753,4699321.40233333
32754,4113356.5162
32755,4124114.4161
32756,4668506.51103334
32757,4253956.60802381
32758,4339392.51765714
32759,4713458.2006
32760,5200853.65838095
32761,4985645.21693333
32762,3718785.29586667
32763,4195598.1094
32764,2947514.45380952
32765,5151658.18633333
32766,3678186.10457778
32767,4866145.80256667
32768,3919994.76859206
32769,4705919.81466667
32770,3526607.5449
32771,4250648.01170952
32772,4158268.41916666
32773,3614467.39189524
32774,4440063.24143334
32775,4210077.49583333
32776,4629704.74336667
32777,3634049.44424286
32778,4528855.3005
32779,4894770.22425238
32780,5166254.49462857
32781,4261769.32895238
32782,4198453.77236667
32783,4530367.40442857
32784,3494243.46596667
32785,3802789.53166667
32786,5095844.8993
32787,4685462.15523333
32788,5051868.07536666
32789,4085587.93394444
32790,4442331.49997778
32791,5133442.25324444
32792,4310516.33206667
32793,3996881.12723333
32794,4477831.2548
32795,3463714.52893333
32796,4849326.03146667
32797,4799399.13946666
32798,4247276.73428095
32799,4276183.40075238
32800,4163724.01236667
32801,4412287.74011111
32802,4153711.98696667
32803,4686181.3537
32804,4808428.14783334
32805,3334523.90855397
32806,3283003.1295619
32807,5047400.2265
32808,3943340.62953333
32809,4179241.34178095
32810,3969300.41447619
32811,4131016.77996667
32812,4574869.31963333
32813,3985004.76362857
32814,4837106.90586667
32815,4406633.7769
32816,3821937.31056667
32817,4163411.1593
32818,4921204.98753333
32819,4314000.56636667
32820,3351714.9522381
32821,4321911.59055714
32822,4805739.35229047
32823,4447493.1519
32824,3530806.15696667
32825,3770185.57783334
32826,4206298.24680952
32827,4840420.85833968
32828,4428399.61363334
32829,3863052.91471111
32830,3619055.85082857
32831,3330302.40003333
32832,4058837.73214444
32833,5089592.02156667
32834,4919837.61886666
32835,3710277.78766667
32836,4913498.85173333
32837,3578346.59626667
32838,3634307.44645238
32839,4653227.49836667
32840,3623095.92799524
32841,5059910.63774286
32842,4217047.8443254
32843,4327842.96356667
32844,4702284.94483334
32845,4318771.16061905
32846,4108833.7092
32847,4575877.6161
32848,4679176.9541
32849,4702107.02593333
32850,5029112.28063333
32851,3891552.67091111
32852,3445904.91154762
32853,4876920.6427
32854,3412757.03796667
32855,3624092.43934445
32856,4818852.5984
32857,2872898.07293334
32858,5043239.54733333
32859,4454443.29354445
32860,3935449.85527143
32861,3189053.1412873
32862,3693190.4504
32863,4499868.55926667
32864,4430826.00593333
32865,5028809.46553333
32866,4617868.5663
32867,3425292.46166191
32868,5096770.15143333
32869,3716846.49627778
32870,4387253.76956667
32871,3070600.6892873
32872,3823384.59948572
32873,4600199.0647
32874,4013716.5047
32875,4601178.09923333
32876,4789896.6685
32877,4149247.94367619
32878,4664603.3714
32879,3553331.26426667
32880,5106985.1447
32881,4477042.77221429
32882,2845831.85351429
32883,3535898.60744445
32884,4123268.6159
32885,4664664.67016667
32886,4146635.53213333
32887,4718844.955
32888,3206432.29116191
32889,4555370.0844619
32890,4643366.05823333
32891,4478517.32763333
32892,4209563.40006666
32893,4020964.21611111
32894,4307286.4804
32895,4288642.47753333
32896,4421396.48546191
32897,4735502.89575715
32898,4572018.02196666
32899,4886489.8815
32900,4141011.0562119
32901,4621653.0154
32902,4504517.47856667
32903,4464900.47983333
32904,4701672.47813333
32905,4599564.5612
32906,4646548.1552
32907,3826475.4747
32908,5577308.35473333
32909,4756775.4576
32910,4473832.48306667
32911,5024206.19976666
32912,4646802.5405
32913,4657264.9802
32914,3721424.435
32915,5124182.02388254
32916,4314825.6805
32917,4807347.76373333
32918,4396071.57376667
32919,4103612.42934286
32920,3713347.30547778
32921,3577340.83362381
32922,4389843.9805
32923,4700090.8885
32924,4499221.99913334
32925,4692273.5484
32926,5330476.07793333
32927,4561594.5454
32928,4228029.69733333
32929,4968967.95833333
32930,4113019.23896667
32931,4059520.26684286
32932,3601122.99893334
32933,4520999.76276667
32934,4258136.5416
32935,4394844.98703334
32936,3988719.3908
32937,4764696.8434619
32938,4379557.70923333
32939,4189690.77353333
32940,4322966.1711
32941,4674096.1183
32942,4565637.4246
32943,3901389.65463334
32944,4644170.62493333
32945,4291545.34813333
32946,3495693.54933334
32947,4728445.72966667
32948,4438409.17126667
32949,5360585.0158
32950,3633271.5581
32951,4201095.22969047
32952,4705564.80167143
32953,4730140.2811
32954,3544473.76520953
32955,4758334.99806667
32956,4974349.69113333
32957,3984086.7297
32958,4307788.03624762
32959,5042411.05433333
32960,4004374.27546667
32961,3354249.08184286
32962,5015833.9518
32963,4614272.3901
32964,3583563.72693333
32965,4686486.11812857
32966,4636479.46676667
32967,4225683.12603333
32968,4198433.72373334
32969,4696966.00056667
32970,3766839.27940953
32971,4371443.1975
32972,3869872.41374445
32973,3983863.37923333
32974,4658709.77383333
32975,4085463.55029524
32976,4951193.45895
32977,4146098.54606667
32978,3210282.16309524
32979,4686378.6417
32980,4076643.0444
32981,4568127.11498095
32982,3083427.16747619
32983,3586733.42743333
32984,4458800.40433333
32985,4143381.0706
32986,3946602.67286667
32987,4647260.09523333
32988,4073019.4338
32989,4708843.85356667
32990,3867082.20043333
32991,4052645.52036825
32992,4352511.00026667
32993,4349917.9594
32994,4598989.9532
32995,3666643.95870476
32996,4156951.26953334
32997,3931353.22279524
32998,4688773.52463334
32999,4118698.3324
33000,4321263.44883333
33001,3861051.0135
33002,4135181.81413333
33003,3953206.18501111
33004,4211295.59667619
33005,4543669.9644
33006,4304639.91633333
33007,4176992.80166666
33008,4531875.42943334
33009,4620674.02071111
33010,4354020.96738572
33011,4713283.24873334
33012,4357723.127
33013,4421148.33826666
33014,4354662.04433333
33015,4017908.79186667
33016,4567736.9751
33017,3682446.15993333
33018,4470807.58853333
33019,4448259.54422857
33020,4174547.13643333
33021,3911462.44146667
33022,4911907.22093333
33023,4778026.41730476
33024,4465079.14305238
33025,3715237.97046825
33026,4212224.50013333
33027,4437821.3049
33028,4699770.86716667
33029,3833053.4214
33030,5204032.72316667
33031,3399636.15288095
33032,4142269.8957
33033,3772147.37769524
33034,2539077.05603333
33035,5049000.6286
33036,4620867.98553333
33037,3194920.23383334
33038,4711479.25956667
33039,4016048.57281429
33040,4700950.12323333
33041,3691276.01156667
33042,4508743.86693333
33043,4731180.028
33044,4911866.2628
33045,5006609.60836667
33046,4014657.65893333
33047,4601411.31883334
33048,4354976.85923334
33049,4123618.42389524
33050,4185798.03667857
33051,4320990.40293333
33052,3044837.21576667
33053,4376742.02375715
33054,4454423.82126666
33055,4209430.85392381
33056,4257525.78
33057,4954604.49111111
33058,4505058.93913333
33059,3966786.36167302
33060,4612495.62716667
33061,4497829.32066191
33062,5086420.5262
33063,3957767.18150476
33064,4369904.07066667
33065,5088227.97137778
33066,4113945.36621429
33067,3026841.40743333
33068,4011745.356
33069,5162900.51693333
33070,4080798.9912
33071,2989036.07347619
33072,4339064.41326667
33073,4134236.9787
33074,3787123.60263334
33075,4470407.70609524
33076,4225506.5864
33077,3854701.51803333
33078,4608589.41693334
33079,3990445.88274762
33080,3235782.60497778
33081,5363458.2463
33082,4785381.23496667
33083,4667473.34543334
33084,3944373.68596191
33085,3306434.34394444
33086,4405673.42613333
33087,4728185.3876
33088,3874012.21142857
33089,4957617.13066667
33090,4345680.3364
33091,4884334.71626667
33092,3843941.54383333
33093,4410586.7603
33094,4385247.5639
33095,4678889.72403333
33096,4642119.34696667
33097,4343647.04676667
33098,4641819.6654
33099,4856968.09536667
33100,3981007.24446667
33101,4263992.11576667
33102,3301959.60053333
33103,4313594.69241111
33104,3874520.672
33105,4588374.33087619
33106,2960988.52993809
33107,4232057.05376667
33108,3335293.04206667
33109,3788666.62171905
33110,4509816.24224444
33111,4950464.37936667
33112,5019934.61986667
33113,4224959.92451905
33114,4835496.7452
33115,4031981.22306667
33116,3383559.51967143
33117,4935717.15001904
33118,3436312.33032064
33119,4543960.3836
33120,3391432.75732857
33121,3879564.9025
33122,4676252.11646667
33123,4104574.23446826
33124,4347011.4086
33125,4696972.7106
33126,4652292.0825619
33127,4773898.68886666
33128,4649639.7617
33129,4370188.63236667
33130,3308967.89221905
33131,4312475.9860619
33132,4536094.7194
33133,4251319.0993
33134,5125525.20236667
33135,5303090.67486667
33136,4812432.74326666
33137,3779895.2029
33138,4492503.30613333
33139,4389530.05266666
33140,4903132.4518
33141,3811412.10562857
33142,4667417.81103333
33143,4701397.05683334
33144,4087616.18586667
33145,5053601.48136667
33146,4138932.44396667
33147,4644795.67626667
33148,4455512.09556667
33149,3752216.79464286
33150,5060149.37573333
33151,3583413.6266381
33152,4926908.22308571
33153,4133746.94613333
33154,4966148.1219
33155,4503635.65273333
33156,5060737.06086667
33157,4922411.44156666
33158,3929092.07666667
33159,3762012.84136667
33160,4141319.22853333
33161,4018301.12662857
33162,4647653.79236667
33163,4415660.3853
33164,3871193.29153333
33165,4717307.79576667
33166,3303180.45199683
33167,4741212.1627
33168,4503932.29863333
33169,4315607.0045
33170,5001212.95744762
33171,4853544.03146667
33172,3358268.06277619
33173,4166042.87
33174,4588592.51843333
33175,3961037.01667619
33176,4394048.33950953
33177,2695160.61041111
33178,4449800.7254
33179,3222153.60740953
33180,4832825.94793333
33181,4516912.07897778
33182,4115071.01863333
33183,3707118.37346667
33184,3530991.60774286
33185,3851034.57723334
33186,4177367.12021111
33187,5123634.86336667
33188,4305340.97956666
33189,4297643.58323016
33190,3893408.07733334
33191,4259353.2342
33192,3024917.08044444
33193,5155880.44303333
33194,4278007.8944
33195,4048093.1117
33196,3457857.79611111
33197,5094112.3429
33198,4642784.46576667
33199,3874483.17446667
33200,4236683.16816667
33201,4114246.70466667
33202,4904560.14580476
33203,3919883.93126667
33204,4634502.2939
33205,4990095.37236666
33206,4652870.69483809
33207,3872388.64543334
33208,4619719.7664619
33209,4792931.7721
33210,5048380.49106667
33211,3928925.80106349
33212,4814862.2722
33213,4345993.98433333
33214,4082092.55559524
33215,4568588.33614762
33216,4334931.43979683
33217,5163806.17136191
33218,4761722.82493333
33219,4551582.2931
33220,4478528.50686667
33221,4877115.46912857
33222,4311841.55074286
33223,4040382.35653333
33224,3415690.22413333
33225,5273534.27311905
33226,3888628.53586667
33227,4542724.6401
33228,2895565.96684286
33229,5376126.45156667
33230,4170345.7092
33231,4693659.63713333
33232,4347990.10606667
33233,4680657.70893333
33234,3124265.97805397
33235,4433922.64856667
33236,4409572.81273333
33237,2505807.43571429
33238,3825124.61163334
33239,5762072.6007
33240,4378720.6728
33241,3921751.24266667
33242,4288599.31993334
33243,4212271.07083333
33244,4332219.74666667
33245,4135729.37486667
33246,4356361.06566667
33247,4545351.74426667
33248,4436414.53772381
33249,4886613.7962
33250,4659455.94283333
33251,4274176.52153333
33252,3948505.90213333
33253,3472981.17347143
33254,4167196.77649524
33255,4108102.06914286
33256,4615302.75511905
33257,4681524.97383333
33258,3285269.48415238
33259,4482271.88906667
33260,4023957.02676667
33261,4467413.69763333
33262,4214556.39796666
33263,4559120.66113333
33264,4771404.95543333
33265,4691333.66011111
33266,5090666.496
33267,3784557.90096667
33268,4166583.66826666
33269,4111633.7211
33270,4097411.6564
33271,5280384.80303333
33272,3725486.70976667
33273,4018903.78727619
33274,3436516.54091905
33275,4570879.34358571
33276,4905092.9962
33277,3894405.83796667
33278,3797333.12977778
33279,4129205.66973333
33280,5079352.6455
33281,4976294.308
33282,4889165.1783
33283,3982609.59923334
33284,4423143.59786666
33285,4171372.18446667
33286,4349818.84726667
33287,3369978.81216667
33288,4980387.77017778
33289,3968059.6313
33290,5148385.72643333
33291,4823838.9073
33292,4143764.2153
33293,4426179.55263333
33294,4679454.1677
33295,3288567.34972064
33296,4134832.28353333
33297,4110997.83081905
33298,4412568.36725238
33299,3469493.44812381
33300,4509047.66986667
33301,3346320.49723333
33302,4884033.98843333
33303,3634701.87066667
33304,4211152.2135
33305,3867177.94386191
33306,3134547.5233
33307,4096458.70706667
33308,4299591.64643333
33309,3858331.33466667
33310,4262576.9493
33311,3388958.14016667
33312,3842661.81127619
33313,4803799.68228571
33314,4693203.15609524
33315,3692618.62283333
33316,5193177.58253333
33317,4458056.70723333
33318,4250486.32296667
33319,4443874.84639524
33320,4085330.93314444
33321,3760606.3983
33322,5328815.13926666
33323,4796994.461
33324,3489332.29487778
33325,5190043.287
33326,4602726.45256667
33327,4963625.3669
33328,3852606.1253
33329,5282679.58923334
33330,4829344.247
33331,4093674.77586667
33332,4535982.99753333
33333,4381334.66093334
33334,4873492.87866667
33335,3419190.40623333
33336,4312861.11759524
33337,4464010.17153333
33338,4502232.4515
33339,5192915.4966
33340,3710246.0453
33341,4603698.6642
33342,4579054.50312381
33343,4099240.2733
33344,3034677.9708254
33345,4153039.8558381
33346,3705697.37866667
33347,4150990.77917143
33348,4066726.71697143
33349,3533257.66356191
33350,4928996.11573333
33351,2559550.28424286
33352,4743919.47483333
33353,4243685.86904445
33354,4666703.33262857
33355,3702822.59757778
33356,3673185.7891381
33357,4655406.03889682
33358,4188378.21481111
33359,3937900.05412064
33360,3670244.42670476
33361,4698740.77762381
33362,5008403.8261
33363,4330240.58026667
33364,2955572.65866191
33365,4554405.4165
33366,4717137.69537143
33367,4720287.94116667
33368,4226931.1001
33369,4679498.577
33370,4846992.7223
33371,4301171.3083
33372,4653042.90653333
33373,4195134.77311111
33374,4949011.8056
33375,3482509.62630953
33376,4038082.73216667
33377,4228664.47793334
33378,3978161.6728
33379,4684359.8625
33380,2556725.83254762
33381,4669802.6402
33382,4208023.53982857
33383,4539688.58187778
33384,5304538.73576666
33385,4475001.854
33386,4196201.75516666
33387,4106037.33073333
33388,4902350.58092857
33389,4597282.13976667
33390,4582727.20143809
33391,2710549.22170476
33392,5007439.1224
33393,3975981.20203333
33394,4131197.09329048
33395,4660697.09995238
33396,3880960.43825714
33397,4400974.20936667
33398,4295007.2503
33399,4107047.32073016
33400,3868058.35923333
33401,4572915.54846666
33402,4414317.88103333
33403,4863904.5692
33404,4537526.31823333
33405,3197168.53723333
33406,3678922.02383334
33407,3162134.71776667
33408,3537364.2302254
33409,4321292.17226667
33410,4435100.69059524
33411,4516028.07153333
33412,3927657.33963333
33413,4622981.18183333
33414,3921816.13122857
33415,4218064.4114
33416,4515612.9512
33417,3871049.46326667
33418,4978370.9069
33419,3930318.62456667
33420,5095047.9551
33421,4398722.37449524
33422,4225681.96652064
33423,5790022.69008571
33424,3418194.88023333
33425,4167727.35283333
33426,3942299.4447
33427,3593504.97992063
33428,3327710.93171429
33429,5034804.26633333
33430,4322762.71527778
33431,4468496.78006666
33432,4359887.87053333
33433,4241380.7555
33434,4769570.16413333
33435,4165830.4114
33436,4532351.96565238
33437,4257423.4033619
33438,4679562.82863333
33439,4192726.35057143
33440,3319422.89664445
33441,4893544.77139524
33442,4539507.1574
33443,4859451.7983
33444,4445170.63103333
33445,4374609.69503334
33446,3186884.71809206
33447,3315116.1614873
33448,3083415.24833333
33449,4163930.09196667
33450,4731286.74156667
33451,4312908.2711
33452,5321445.51756667
33453,4124462.3015
33454,4886291.8728
33455,4713326.03046667
33456,4092835.0348
33457,3842517.20792857
33458,4751618.54943333
33459,3812172.37323334
33460,4257725.36497143
33461,3622719.72124286
33462,3971387.11633333
33463,3725194.8224
33464,5299060.89543333
33465,4263781.442
33466,4486308.26502857
33467,3679244.45650635
33468,3207977.93672857
33469,4060097.8883
33470,3638234.12818254
33471,4250173.67656667
33472,3290090.05644444
33473,4925375.95527143
33474,4228899.25636667
33475,4972140.43373333
33476,4019820.7844
33477,3431886.84123333
33478,4643110.94566667
33479,4568209.00313333
33480,4066191.97100952
33481,3872480.56796667
33482,3620544.59873333
33483,3921693.05070952
33484,3601490.26391588
33485,4261412.2088
33486,4085245.4428
33487,4799621.95856667
33488,5156556.6642
33489,4439604.99056667
33490,3792514.29460952
33491,3894220.29826667
33492,4796598.36139524
33493,3586237.67252857
33494,5062300.0454
33495,3173428.32421111
33496,4252931.80205714
33497,4308160.98414445
33498,4600896.63249524
33499,4788841.94535238
33500,4469014.82966667
33501,4737228.5079
33502,5510451.8579
33503,4316804.74336667
33504,3651566.7465381
33505,4122557.78973333
33506,4105209.88573333
33507,4400996.76468095
33508,4726365.89506666
33509,3454535.41728571
33510,4847317.8452
33511,4513687.0411
33512,4760489.58792381
33513,3221155.33526667
33514,3973909.84306667
33515,4054175.63551905
33516,3978780.33723333
33517,3180128.0787
33518,4639683.03743333
33519,4159139.46326667
33520,4212090.46624762
33521,4829634.6067619
33522,4232142.2884
33523,4811938.837
33524,3999238.3908
33525,4211981.63806667
33526,4243746.82173333
33527,4128613.74346666
33528,5256870.1753
33529,4234448.35629048
33530,4362934.0025
33531,3870590.76119524
33532,4466186.8694
33533,4111177.97643333
33534,3983294.3147
33535,2434016.56926826
33536,4790160.02398571
33537,4082822.75175714
33538,3448849.04269524
33539,4351228.7171
33540,4298501.5686
33541,2967300.04443334
33542,4375424.06015
33543,4025430.34033334
33544,3766499.99336667
33545,3425776.45694762
33546,2777762.58293333
33547,2529744.91408095
33548,3963853.7351
33549,3862518.46886191
33550,4215272.7204
33551,4623468.85223333
33552,4410023.79624762
33553,4353878.15433334
33554,3367569.78037619
33555,4453853.0289
33556,3746478.91421111
33557,4252377.73510635
33558,3947294.1703
33559,4712159.8284
33560,4311824.20852857
33561,5246501.12068571
33562,4256750.57267778
33563,3034928.22226667
33564,4715151.26063334
33565,4130729.61746667
33566,4241195.74871111
33567,2958889.8306
33568,2555514.60264286
33569,3429407.98426667
33570,3070600.6892873
33571,3968312.1003
33572,4156812.60037619
33573,4372605.9124
33574,5031763.6491
33575,4196001.00480952
33576,3563179.09640952
33577,5052930.77283333
33578,4016992.66046667
33579,4648306.3715619
33580,5459361.24396667
33581,3745416.78446667
33582,4694042.31436667
33583,4679706.52083334
33584,4377378.64631428
33585,3585685.8494
33586,4054439.96872381
33587,3582138.14384444
33588,4147174.37586191
33589,4178700.76573333
33590,4650576.41146667
33591,4775331.63461667
33592,4058395.1996
33593,5417896.86031905
33594,4152448.39351905
33595,4996602.7958
33596,3879797.1439
33597,3866294.52705397
33598,4708476.0533
33599,5283976.52106667
33600,4432367.73643334
33601,5078773.5715
33602,4165836.5097
33603,4914874.4528
33604,4174978.5466
33605,4086399.43756667
33606,4904075.33676667
33607,4351620.3632619
33608,5041274.0927
33609,4556008.76586667
33610,2978641.08570952
33611,5052611.41
33612,3748950.79491429
33613,4075750.78916667
33614,4219205.19186667
33615,4229447.07806667
33616,3484959.44870476
33617,3244223.33826667
33618,4230710.04863333
33619,3032403.01154286
33620,4534022.7614
33621,4080086.46063333
33622,3375384.06523016
33623,4158579.9678
33624,4553232.60734444
33625,3866180.55085
33626,5028224.5354
33627,4202128.83028333
33628,4206658.78079524
33629,3093420.51001429
33630,4607516.8086
33631,6031557.90696666
33632,4036090.596
33633,4841415.825
33634,4861244.90746666
33635,3892248.23520476
33636,6188232.34396666
33637,3485338.81213333
33638,4315938.4752
33639,4330555.5488
33640,4477688.57303333
33641,3855192.06717143
33642,4068432.08363333
33643,3903097.09434444
33644,4121168.7345619
33645,4130693.82943333
33646,3993877.8274
33647,4368168.1433
33648,4466064.65410476
33649,3973707.06778095
33650,4316703.59186191
33651,4613878.51336667
33652,3465560.48669206
33653,3846437.137
33654,4277438.78461111
33655,3886157.64864286
33656,4449409.45063333
33657,4410939.98303333
33658,3500230.6596
33659,4696669.47433333
33660,4503283.97436666
33661,3788666.62171905
33662,4548532.88186666
33663,4797681.0786
33664,4547946.82226667
33665,4228047.14613333
33666,3212423.3248619
33667,4363692.0464
33668,4549868.39193968
33669,4922692.941
33670,5119502.43450476
33671,5081834.86653333
33672,5005871.8496
33673,4382592.52356667
33674,4214380.15396667
33675,4490173.83616667
33676,3060538.48954444
33677,4504871.1438
33678,3491393.0273
33679,3461982.81703333
33680,4139385.2534
33681,3958851.30853334
33682,4030916.6976
33683,5055447.33703334
33684,5569399.6532
33685,3800887.8104
33686,4351482.59037778
33687,4869849.49586666
33688,2860797.72033809
33689,5601690.2884
33690,4143390.32257778
33691,4332744.0293
33692,4779593.99553333
33693,4774634.6202
33694,4218947.4947
33695,4510303.5973
33696,4506275.17976666
33697,4017538.1318
33698,4430478.07475238
33699,3373791.72817619
33700,5231047.3336
33701,5324247.96213333
33702,4528421.26243333
33703,4729460.81563333
33704,3764000.9058
33705,4403803.91533809
33706,3656391.61433333
33707,4065516.55395238
33708,4731159.0585
33709,3759512.7753
33710,4646530.0106
33711,4443593.1234
33712,4728678.77998571
33713,5367040.4064
33714,4279734.23633333
33715,4305640.56403334
33716,3893256.44717778
33717,4599159.99667778
33718,5522974.23383333
33719,4378835.39213333
33720,4781375.3831
33721,4372642.6134
33722,3811519.82573333
33723,3727774.3344
33724,4322989.69466667
33725,3856155.1758
33726,4805136.8031
33727,4050948.67846667
33728,4539585.52313333
33729,3200378.31406191
33730,4312660.16515238
33731,3015712.12752857
33732,5570651.56166666
33733,3651182.1092873
33734,3923771.01287619
33735,4065044.28836667
33736,4450991.7339
33737,4669124.2017
33738,4545140.7067
33739,4183881.38160476
33740,3732087.47143333
33741,4081492.78653334
33742,4572769.20973333
33743,4483172.33306667
33744,4704782.10506667
33745,3109998.92511588
33746,4201016.25413334
33747,4713714.41753333
33748,3622201.11214445
33749,4177108.97266667
33750,3697465.8468381
33751,4497542.83816191
33752,4338736.86843333
33753,4157819.52406666
33754,4366676.08316667
33755,4455090.7845
33756,4466874.39813333
33757,4060363.28292381
33758,4290059.43296667
33759,3734743.20926667
33760,4522375.55343333
33761,4656304.00819048
33762,4832189.15386667
33763,4173854.76467619
33764,4779767.88633333
33765,5007901.96781905
33766,4175443.48210953
33767,4031493.93786667
33768,4175684.78725714
33769,4382117.40143333
33770,3987885.5597
33771,4100151.24926191
33772,5227681.88553333
33773,3940184.10746191
33774,3896375.19726667
33775,5438803.11213334
33776,4588287.50451904
33777,3900047.23543334
33778,3970919.80271111
33779,4405043.50853333
33780,4907042.03796666
33781,3658633.96823333
33782,4378149.78906667
33783,4146852.01816667
33784,4759895.45433333
33785,4223230.21796349
33786,4109621.63177778
33787,4159448.56996667
33788,3929338.00856667
33789,5371628.9673
33790,4059237.73883333
33791,3105309.04970476
33792,4807001.9629
33793,4836545.45566667
33794,4789217.45763333
33795,2958002.10223333
33796,4495990.62396666
33797,3818898.39972381
33798,4098554.67833333
33799,4625546.34026666
33800,4242183.18242381
33801,4391157.06583333
33802,5361886.53653333
33803,4212272.66533809
33804,4230076.252
33805,4999964.18176667
33806,2740112.37417619
33807,2896523.53864762
33808,4228653.555
33809,3970462.65739048
33810,3548849.84025714
33811,4361617.05066667
33812,4447793.2732
33813,4273911.95156667
33814,4043461.00008572
33815,4275724.35356667
33816,4944497.09513333
33817,3461584.59667778
33818,5037293.79936667
33819,3837392.22163333
33820,5038146.61693333
33821,3178215.13953333
33822,3901863.58502857
33823,4903570.86045
33824,4197093.51837143
33825,4039126.12942857
33826,3944480.03037619
33827,3985784.48863333
33828,4877926.1653
33829,4011660.21125714
33830,4177611.94293333
33831,4360235.48294285
33832,4611709.1912
33833,4416819.1419
33834,4784959.38786667
33835,2911423.79763333
33836,2408685.6752381
33837,4311484.02936667
33838,4692103.58916667
33839,4695856.57466666
33840,4819999.3263
33841,5179437.69406667
33842,3056517.22684762
33843,2968222.4204873
33844,5245673.18303333
33845,3411092.06027143
33846,4321257.20243333
33847,4490038.26546666
33848,3930183.2748
33849,3642109.69042064
33850,4052570.9698
33851,4449090.83266667
33852,4647943.76093333
33853,4118333.61316667
33854,3692749.07572064
33855,4293501.41965714
33856,3913855.28766667
33857,5104425.33906667
33858,4579994.32186667
33859,4891879.78836667
33860,4195401.74354444
33861,4445171.74163333
33862,3746958.41135238
33863,5050492.52343333
33864,4915842.52053333
33865,4300434.95383333
33866,4598970.38157778
33867,4231717.16936667
33868,4701614.76846667
33869,5131467.58018095
33870,4693128.61900952
33871,3146147.38710476
33872,5254339.48289524
33873,4481893.20656667
33874,3974566.0279
33875,3366092.01542063
33876,3891502.28906667
33877,4580488.516
33878,5358416.37605238
33879,5023577.36016667
33880,4773344.88706667
33881,4078204.83523333
33882,4459134.91143333
33883,4324360.66147143
33884,4729033.60312857
33885,4448128.5572
33886,3535898.60744445
33887,5150893.33054762
33888,4638476.22886667
33889,5434434.39251905
33890,4689423.7652
33891,3465362.98396667
33892,4433771.63934444
33893,4050536.57061905
33894,4215427.5803
33895,3984947.7073
33896,5103809.08213333
33897,4961914.02906666
33898,4353564.80103333
33899,3510516.32680476
33900,4986529.6946
33901,4182230.63664445
33902,3850698.54057143
33903,3437984.16397619
33904,4250118.79750952
33905,5434716.79873333
33906,4055829.17716667
33907,4216371.0934
33908,2989465.58433333
33909,4006777.36261111
33910,4275026.39135714
33911,5041387.00986667
33912,5280306.98883334
33913,2937056.3714381
33914,4535317.69296667
33915,4131461.6828
33916,5186051.96398571
33917,4157108.0061
33918,4058052.16563333
33919,4724538.3591
33920,4788487.9176
33921,4890369.55723333
33922,4266111.65416667
33923,4341267.60943333
33924,4437242.152
33925,4881983.81073334
33926,4614134.0781
33927,4493909.97404444
33928,4356780.52866666
33929,4174295.88091111
33930,4278182.4681
33931,3516827.08694762
33932,4348831.51083333
33933,4108385.76816667
33934,4572398.58423333
33935,3888439.13950953
33936,4728521.71866667
33937,5257248.57933334
33938,4742881.21303333
33939,3421304.881
33940,3317209.7474
33941,3920439.89523333
33942,3934452.51194286
33943,3201218.07080476
33944,4374318.67966667
33945,4844894.77716667
33946,4438021.72662857
33947,4644863.07376667
33948,4228199.11586667
33949,4176957.33340476
33950,3872885.81418095
33951,4051529.55446667
33952,4225001.4971
33953,4052267.8172
33954,4596865.64713334
33955,3680025.02899682
33956,4383232.45791905
33957,4455336.59026667
33958,4200522.31831111
33959,4950075.06183333
33960,3876210.06441111
33961,2567621.33699048
33962,5017134.61766667
33963,4937156.08656666
33964,3195615.30632063
33965,4102132.29393333
33966,4205336.30676191
33967,4723302.003
33968,3793732.43203333
33969,4074784.32013333
33970,3984400.62156667
33971,5050405.39738571
33972,4154631.09886667
33973,4517312.7262
33974,4592793.0523
33975,3789598.23640476
33976,4558751.6804
33977,4914587.8336
33978,5058623.61866666
33979,4491525.70303333
33980,4622064.4086
33981,3128519.62352064
33982,4513626.1122381
33983,4457961.24242857
33984,4136334.39909048
33985,4057853.66686667
33986,3867451.55896667
33987,5179302.02206667
33988,4769555.72633333
33989,3446082.8577
33990,4759344.72056667
33991,3758564.30716667
33992,4141323.93676667
33993,4255259.72246667
33994,5411658.0576
33995,4730712.07323333
33996,4134464.17446667
33997,3658622.17814444
33998,4070662.44804444
33999,4346729.26163016
34000,4029300.29492381
34001,4897373.6893
34002,4147425.5113619
34003,4887748.35963333
34004,4309409.19613333
34005,4225934.22315714
34006,4287974.75385238
34007,3734525.43757778
34008,4788658.31043333
34009,4587304.94929524
34010,4438104.71777778
34011,4877947.3408619
34012,4810973.00706667
34013,3877624.3352
34014,4292763.33093333
34015,3991076.56066667
34016,4053652.2824
34017,4444718.15964762
34018,3672509.0212
34019,4067375.08162857
34020,4203845.9318
34021,3650789.62403334
34022,3857187.03633333
34023,5294974.5382
34024,4336854.67483333
34025,3208570.89614286
34026,4379888.5957
34027,2665562.84720476
34028,4842329.56363333
34029,4439117.80896667
34030,4470570.02936667
34031,4441263.90497778
34032,5147510.12309524
34033,3900277.72881111
34034,4596758.79453333
34035,4570975.0726
34036,4906596.18253333
34037,4638553.4318
34038,4465373.13416666
34039,3936442.6644
34040,3611551.08616191
34041,4368063.24923333
34042,4392352.62033334
34043,4739165.48343333
34044,4029712.1036
34045,3940370.64363333
34046,2415588.73964286
34047,2750764.47061429
34048,3745606.11074286
34049,4477117.81277619
34050,3833058.62853333
34051,4023118.48629524
34052,5012584.21726667
34053,4261829.48496667
34054,3606970.6628873
34055,4407892.69908333
34056,4840492.5655
34057,2651287.34441429
34058,4042941.04510397
34059,4803554.62676191
34060,2684548.30610952
34061,4978698.49556667
34062,4593156.79553334
34063,4883845.36303333
34064,5472537.37943333
34065,4251582.65468572
34066,4384321.3823
34067,4386938.86706667
34068,4539283.69921111
34069,4261025.36314921
34070,3671467.82056667
34071,4631552.92026191
34072,2944115.52757619
34073,4205203.4229381
34074,4379481.78508095
34075,4276425.45596667
34076,4348551.23584762
34077,4252754.80906667
34078,4077337.59221905
34079,4307866.36713334
34080,3871368.70787778
34081,3915702.4513
34082,4568691.41863334
34083,5150842.40455238
34084,4678091.9779
34085,3898491.5688
34086,4179761.2633
34087,5138504.74743334
34088,4693482.80486667
34089,4858707.53571428
34090,4766846.68157778
34091,3219437.38033333
34092,3924884.92144286
34093,3704286.6089
34094,3421295.5869
34095,4569597.7099
34096,4090382.85853334
34097,4572544.7126
34098,5218941.0975
34099,3925048.34531111
34100,4490579.34053809
34101,4494695.93823333
34102,4823264.86033333
34103,3079702.6542
34104,5675784.17843333
34105,5770193.04956666
34106,3950418.3695
34107,3291436.53506667
34108,3697146.47114444
34109,4843285.86826667
34110,4620518.3099
34111,4521666.56969524
34112,4798445.38103333
34113,4223516.17323333
34114,3769950.74059048
34115,3968353.2474
34116,3998019.3137
34117,3980243.00616667
34118,3607766.5720381
34119,4645821.6255
34120,3455097.18737619
34121,4672433.6258
34122,3973159.87953333
34123,5269722.637
34124,5053816.0117
34125,4493078.92276666
34126,4252450.70346667
34127,4143175.10943333
34128,4708239.31381111
34129,4449313.07884444
34130,4680779.91596667
34131,4594456.16466667
34132,3872791.5269
34133,3382004.30115873
34134,5375329.15736667
34135,3938600.17707619
34136,4367009.60601111
34137,4959553.0627
34138,4157779.3332
34139,3777801.94330476
34140,5538642.01033334
34141,4672913.1744
34142,3834391.21892381
34143,4314842.90061587
34144,3880361.93075873
34145,4857572.241
34146,4239668.6431
34147,3358654.81713333
34148,3439489.57369048
34149,5447503.52843333
34150,4066949.96566667
34151,5314962.85843334
34152,4117410.54373333
34153,3691207.2212381
34154,4127242.03823334
34155,3192750.07634762
34156,3715241.60571587
34157,3902899.4284
34158,3913088.94246667
34159,4698360.9813
34160,4610336.92053333
34161,4240497.69665714
34162,4364538.98133333
34163,3942644.8713
34164,3499486.70573968
34165,4750036.61999524
34166,4095483.64797619
34167,3861508.13136667
34168,4128306.0687
34169,3664068.4821
34170,4840896.92516666
34171,4855035.0654
34172,3698080.90108572
34173,4258981.0993
34174,2685652.78527143
34175,4796461.08325238
34176,4650812.91673333
34177,4278547.49831429
34178,3072013.96716191
34179,4302808.09136667
34180,4247326.4628
34181,4250992.03743334
34182,3332788.8177873
34183,3588226.39634445
34184,5013411.69290952
34185,3458364.87222381
34186,3255148.82600476
34187,4135141.48684762
34188,4846424.43106667
34189,3807567.74446191
34190,4026769.40996667
34191,4836190.6739
34192,3983563.34916667
34193,4226816.82803333
34194,3297611.60052381
34195,4642790.14506667
34196,4585883.3615
34197,4783295.5058
34198,4600011.20546667
34199,5049765.38423333
34200,3132526.93856667
34201,3934648.69583334
34202,4449665.3748
34203,4855486.515
34204,4456238.08186666
34205,4495228.41746667
34206,4375580.84413334
34207,5446490.19049523
34208,4172131.8984
34209,4981587.2917
34210,3755850.67246667
34211,3857117.43856667
34212,4256050.2884
34213,3806373.53373334
34214,4253878.75313333
34215,4848591.1264
34216,3622351.24410476
34217,4268698.93656667
34218,4975841.3807
34219,3873541.28763492
34220,4135157.43523333
34221,4398735.4694619
34222,3995886.63056667
34223,4026309.52159524
34224,4499260.49353334
34225,4314796.3342
34226,3898906.7738
34227,4991011.06336667
34228,3792504.55992857
34229,4193309.85453333
34230,4092929.32343333
34231,3743710.70570952
34232,3178316.6432
34233,4236772.24804286
34234,4808075.03686191
34235,3085920.66407143
34236,3526166.26217143
34237,4616699.70136667
34238,4698200.18782857
34239,4446544.13903333
34240,4676455.46366667
34241,5984179.8545
34242,4573765.9606
34243,4890100.12781111
34244,4972410.82886667
34245,4677500.50529524
34246,3908207.7469
34247,4219524.4338
34248,4049151.90413334
34249,5326266.68763333
34250,2509408.18381429
34251,4893282.07443334
34252,3857362.30167778
34253,4274088.6662
34254,4446696.98523333
34255,4153513.63513333
34256,2619749.47405873
34257,3596281.00322063
34258,4244638.0602
34259,4094704.3931
34260,3557952.99936667
34261,4337000.50849524
34262,5062814.6534
34263,4274798.56583333
34264,4324924.23466667
34265,4729436.54466667
34266,4530685.90516666
34267,4532215.03105238
34268,4359566.87811429
34269,4442812.52613333
34270,4578495.99933334
34271,5381903.6099
34272,3656975.88280159
34273,4110662.22031111
34274,4701368.402
34275,5146942.9878
34276,3985844.86746667
34277,4517860.2478
34278,5510241.22453333
34279,3011795.8458381
34280,4826512.7585
34281,2715561.12586191
34282,4810683.61853333
34283,3890599.97153333
34284,4934792.36023333
34285,5180026.59746667
34286,4682145.26606667
34287,3803752.02643333
34288,4088123.04733333
34289,4728414.70906666
34290,4687561.51216667
34291,4462966.41096667
34292,4266356.30017778
34293,4120304.20536667
34294,4318551.5433
34295,4448838.115
34296,4661822.81418571
34297,4784939.2087
34298,4873997.26853333
34299,4374804.5977
34300,3620539.57747778
34301,5079587.59036667
34302,4456108.5653
34303,4204453.6226
34304,4055853.4633
34305,4356459.27093333
34306,4866354.7815
34307,3753771.89641111
34308,4821329.05503333
34309,4203568.11216667
34310,3587526.28439524
34311,5209254.94696667
34312,3905059.12104762
34313,4997940.2173
34314,3808862.14313333
34315,4369699.18446667
34316,2921088.07523333
34317,4530819.09873333
34318,3907720.54336667
34319,4604848.3383
34320,4536638.69679524
34321,4376160.77366666
34322,4936221.4648
34323,4246857.98033333
34324,3829937.23936667
34325,4195290.46743333
34326,3846487.7911
34327,4763592.35241111
34328,4531375.60161905
34329,4958555.23126666
34330,3496292.0458
34331,3974058.00721111
34332,4154855.50895238
34333,4759605.65743333
34334,5623072.14696666
34335,5046491.2716
34336,3845005.39896191
34337,4836780.82436667
34338,4803484.18526667
34339,3322316.74093333
34340,3925500.95861191
34341,3642246.67023333
34342,4222948.25634286
34343,4021722.67244762
34344,4298442.95213334
34345,4666132.33936666
34346,4504273.68906667
34347,3538879.46057619
34348,4035190.76
34349,5342503.3878
34350,4644357.4822
34351,4880085.23256666
34352,5234884.27023333
34353,3924899.98851111
34354,3098402.03536667
34355,5481466.64233333
34356,4311804.11673333
34357,4703110.69932857
34358,4435351.89792857
34359,3811313.9556
34360,4609780.83086666
34361,4647101.73173334
34362,3501618.87125714
34363,4306517.60139524
34364,4247137.34203333
34365,4647558.5897
34366,3786960.72339524
34367,3626166.27496667
34368,4420213.3934
34369,5294805.68163333
34370,3793130.6129
34371,4816718.64303334
34372,4319266.19946667
34373,3879316.73205714
34374,4918570.31173333
34375,4080936.99903333
34376,3381214.53060953
34377,5508504.36121904
34378,3654777.61537143
34379,5164912.00685238
34380,5160988.93838571
34381,4424150.28496667
34382,5317771.62506667
34383,3804869.75186667
34384,3755863.20040952
34385,4477876.47423333
34386,4018132.47743333
34387,4189041.10956667
34388,3926182.79569048
34389,4010100.0466
34390,4763488.876
34391,4756830.78869524
34392,4594419.48606667
34393,4392815.3382
34394,4249682.07393333
34395,4118708.52936667
34396,3994735.16746667
34397,3145429.1042
34398,4284590.0026
34399,4330976.6138
34400,4964566.2487
34401,4228809.47019524
34402,4916070.94856667
34403,4291285.81506667
34404,5162736.11398572
34405,4743367.28526667
34406,3403100.98960476
34407,5299062.91176667
34408,4232521.0239
34409,5030300.05876667
34410,4418581.83289524
34411,4046676.4936
34412,4315276.07213333
34413,3706914.6808
34414,4968048.4325
34415,4049561.66893334
34416,5196137.9926
34417,4336841.04975714
34418,3899264.49446191
34419,4567437.26517778
34420,4536356.01166667
34421,5019638.6123
34422,6046151.74066666
34423,3439695.51782381
34424,5030223.57506667
34425,4738842.85804285
34426,5176255.25234286
34427,4634460.02099524
34428,5366981.40576667
34429,3807621.3075
34430,5415068.4294
34431,3457523.6555254
34432,4683248.56406667
34433,3767620.05753333
34434,4160810.5245
34435,3683500.10960953
34436,4311843.01503333
34437,2949906.09356825
34438,3799682.12223333
34439,2542089.31214762
34440,4345516.23533333
34441,4078438.57013333
34442,3518319.31768095
34443,4859175.3946
34444,4414460.00236667
34445,4032914.81513334
34446,4539608.6254
34447,4573428.91366667
34448,4861222.7085
34449,5947184.42806667
34450,4630378.99836667
34451,4447597.42196667
34452,4736938.23553334
34453,3921776.6732
34454,3632517.02446667
34455,4442396.92673334
34456,4773240.64686667
34457,4696028.77496667
34458,5349757.24111667
34459,4774911.1871
34460,4280899.26137619
34461,4450733.05513333
34462,5446157.3139
34463,4325891.01723333
34464,3910024.29557778
34465,4362849.75573333
34466,4368769.5499
34467,3897638.9413
34468,4497273.8897
34469,3848129.57143333
34470,2873353.24931587
34471,3966895.02813333
34472,3927083.43240953
34473,4448739.80342063
34474,4722632.44893333
34475,3508416.4245
34476,3947374.23614444
34477,4108782.9435619
34478,4329269.97813333
34479,4038942.42213334
34480,4496043.78597619
34481,4372580.5481
34482,4166291.45636667
34483,3477100.27560952
34484,4627035.85027143
34485,4430071.62246667
34486,3847956.08759048
34487,3164300.44736667
34488,4763401.53296667
34489,4586102.79013333
34490,3740708.71826667
34491,4979763.59503333
34492,4560674.29656667
34493,4083123.69406667
34494,4071414.28649524
34495,4935600.73943333
34496,3992534.0959
34497,4121086.69476666
34498,2781900.8070381
34499,5220440.3014
34500,4702034.97383333
34501,4131139.7031
34502,3686778.03444286
34503,5135345.80802857
34504,3800369.18773333
34505,3833969.58262857
34506,4280150.46186667
34507,3436238.94135397
34508,4888725.13617778
34509,4581608.38215238
34510,4069751.6484
34511,4950216.32576667
34512,4297954.0455
34513,3370878.08701111
34514,4226222.85356667
34515,4108631.95296667
34516,3553340.66468571
34517,3905247.54173334
34518,4873091.69073334
34519,3959668.30096666
34520,3489114.60756191
34521,3403754.34061111
34522,4280030.5403
34523,4891327.60318572
34524,3550908.91516667
34525,4116304.9171
34526,3862380.06060952
34527,4452890.9551
34528,4588682.73416667
34529,4274533.3448
34530,5321840.15033333
34531,5119330.08816667
34532,5694825.92596667
34533,3034703.46035397
34534,4639075.54466666
34535,4002402.46973334
34536,4527409.86513333
34537,4690966.62736666
34538,4024923.54494286
34539,4763128.02103334
34540,3449463.28296667
34541,4489605.2258
34542,4261520.63828096
34543,4869709.14836666
34544,5286418.71766667
34545,4403086.30953333
34546,4498541.1032
34547,3941326.71721588
34548,4773348.64766667
34549,4455911.53939524
34550,2927195.40237778
34551,4434165.2468
34552,4249092.69786667
34553,2920218.94969206
34554,5110886.0959
34555,4543303.32766667
34556,4590547.859
34557,3591712.59981429
34558,3780936.66407778
34559,4894292.67843333
34560,3316144.99613334
34561,4923465.86906666
34562,4417957.06856667
34563,4620535.91873333
34564,3837397.85700952
34565,4844276.0117
34566,4408086.5769
34567,4330496.18806667
34568,4363681.64106667
34569,3887767.1556
34570,4502707.5283
34571,3922230.64196667
34572,5658484.07263333
34573,4868735.2674
34574,4795034.71956667
34575,4977600.81104444
34576,3631032.23696191
34577,4718210.2825
34578,5224125.95006666
34579,4929819.81256667
34580,4594989.0313
34581,5025494.05626667
34582,4952906.75961111
34583,4344075.44379524
34584,3902422.96510953
34585,4820316.35103333
34586,5038057.83023334
34587,4441886.4515
34588,4396505.98919524
34589,3111593.17007619
34590,4247838.87357619
34591,4804999.57848571
34592,4284632.1141
34593,4609370.0633
34594,3438583.87676666
34595,4624455.49766667
34596,4936742.96403333
34597,4301545.51011111
34598,3564365.2397
34599,3945625.06001587
34600,4099389.35913334
34601,4466316.54406667
34602,5547529.3857
34603,4584889.55573333
34604,4189555.93369524
34605,4053048.82816667
34606,4034097.93296667
34607,4153258.70790952
34608,4357292.04269206
34609,4520634.47170952
34610,4334112.22963334
34611,4941238.45003334
34612,4311126.70346666
34613,4843757.29526667
34614,4617641.34343333
34615,5064955.11903333
34616,5259169.1707
34617,4113604.72296667
34618,3041059.22702857
34619,4438171.34623333
34620,3275683.97517143
34621,4164818.60013333
34622,3159488.19058095
34623,4069949.77080635
34624,4327568.27711111
34625,4550762.89706667
34626,5100602.06053333
34627,4000643.0587
34628,4974749.47582857
34629,3835505.31033333
34630,4081772.45636667
34631,4973887.09026667
34632,4602028.82126667
34633,3154796.13731429
34634,4252700.44966667
34635,4649970.5461
34636,3021903.0439
34637,3864698.48239048
34638,4576751.47326667
34639,4047902.71384445
34640,3970155.5258
34641,5277943.83891905
34642,3761976.86476191
34643,4957300.02649999
34644,4077111.34216666
34645,4332912.07356666
34646,5587214.4171
34647,5022917.64125238
34648,3850416.27936667
34649,4103264.6189
34650,3302543.4664
34651,4412148.54686666
34652,4222087.98626667
34653,4571615.94575238
34654,3974277.6184
34655,3959860.05366667
34656,4174224.32323809
34657,3917243.3721
34658,4874056.71852857
34659,3681446.37027143
34660,4454220.7552
34661,4765807.3383
34662,3872992.2592
34663,3744763.28045873
34664,4689469.78483333
34665,3807335.52931111
34666,3259340.91503334
34667,4153040.80200952
34668,3925755.55876825
34669,3924939.2903
34670,4612732.75503333
34671,4354366.66101429
34672,3666667.26058095
34673,4419440.5114
34674,4713906.5058
34675,3862239.09634445
34676,4242347.07643333
34677,4181302.80476667
34678,4846422.88753333
34679,3595187.90893333
34680,5414917.92643333
34681,4222807.57082857
34682,3229108.1215
34683,4591215.1318
34684,4425912.40708571
34685,3840034.32032381
34686,4835274.1190619
34687,4494353.16696667
34688,3919470.60256666
34689,4053642.38281111
34690,4504998.6217
34691,5562503.11283334
34692,4427358.3651
34693,5017236.47523333
34694,4280479.99920952
34695,4289348.33436667
34696,3809428.35319524
34697,3699480.87163334
34698,4287240.27979048
34699,4362811.3406381
34700,5286804.05353334
34701,3710533.02353333
34702,4223053.03863333
34703,3162134.71776667
34704,3286700.06209524
34705,3931055.97712857
34706,4579264.31326667
34707,4509321.37956667
34708,4251195.1453
34709,4145264.1963
34710,4246351.6471
34711,4293813.54583334
34712,3979838.76928095
34713,4918447.50576666
34714,4299891.04166667
34715,4772445.29676667
34716,5562553.90343334
34717,3869412.98402857
34718,4693588.011
34719,4330257.07283333
34720,4841296.86166667
34721,4174729.19921667
34722,4064991.32389524
34723,4880321.67996667
34724,4553602.0677
34725,4364136.84983334
34726,4709175.54406667
34727,2849915.59
34728,4096579.32230953
34729,4320355.79176667
34730,3483273.9291
34731,4892179.56043333
34732,4331677.2036
34733,5128113.30058571
34734,4470378.20527778
34735,4334721.06806667
34736,5542732.47586191
34737,4158177.89443333
34738,4713368.3518
34739,4539220.29057143
34740,3367441.81512064
34741,4635803.4593
34742,3665115.79443333
34743,4953405.65323333
34744,4426315.29866667
34745,4178768.90943333
34746,4072740.2336
34747,4687638.11063334
34748,4190177.81555238
34749,4050957.16256667
34750,4335514.05819682
34751,4319974.3909
34752,5258842.69803334
34753,4338532.8015
34754,4856851.2325
34755,3882093.55675715
34756,4560044.38546667
34757,4371847.08326667
34758,4769418.45163333
34759,4316507.67246667
34760,4188158.57763334
34761,4526417.5428
34762,5074732.5424
34763,4495782.9645
34764,4611282.21446667
34765,4552684.2938
34766,4447589.42586667
34767,4764163.1589
34768,3558315.98237619
34769,4437390.15587619
34770,4441097.8307
34771,3871060.52112381
34772,4245021.47827778
34773,5146672.73716667
34774,4477024.22406666
34775,3843906.52736667
34776,3707402.58510477
34777,3627297.8021
34778,4874573.56336667
34779,5249869.01576667
34780,4013630.08951429
34781,3768355.61066667
34782,4726648.93643333
34783,3034147.74431111
34784,4138061.99804444
34785,4274504.0734
34786,3265084.10177619
34787,3818025.07007619
34788,4285942.24798095
34789,4390992.19226667
34790,4465585.69183333
34791,4963472.10966667
34792,4745651.34553333
34793,4720332.2949
34794,3482093.16319524
34795,4547979.68685
34796,4376591.09776667
34797,4101872.99313333
34798,3110765.30762063
34799,4374887.22617301
34800,4535427.42756667
34801,4674207.0812
34802,4462989.28636667
34803,3777515.59666191
34804,4331421.59815397
34805,4324612.08423333
34806,4711462.48666667
34807,5094665.8173
34808,3071704.09272064
34809,3924570.0102
34810,4522311.60376667
34811,4864352.499
34812,4269764.87811429
34813,3875196.40676667
34814,3999355.89753333
34815,4882145.47700953
34816,4471910.26343333
34817,3808024.24
34818,4450560.9852
34819,3097140.61942064
34820,4976656.77143333
34821,3999162.41734444
34822,3521197.16113333
34823,3768203.16293333
34824,5119181.66546667
34825,4657497.60247778
34826,4487787.0101
34827,4353222.47173334
34828,4722520.42956667
34829,4972262.54313333
34830,4351778.88766667
34831,3964226.45936667
34832,4352756.79156666
34833,4894821.39558572
34834,5053103.81071904
34835,4418849.22593333
34836,3948074.37859524
34837,4744479.87096666
34838,3586553.61796667
34839,4196523.69931666
34840,4227653.79646667
34841,5146001.14406666
34842,3907761.2349873
34843,4116976.82940952
34844,5129224.77306667
34845,4488717.08883334
34846,3592258.7669
34847,4555281.833
34848,4783101.33573333
34849,5656179.2639
34850,3574872.31647143
34851,4356937.9621
34852,4917312.2921
34853,5095789.36922857
34854,4060433.77264445
34855,3384224.44037619
34856,4558370.04843016
34857,5218969.29396667
34858,4415482.15476667
34859,4457132.86866667
34860,4047817.53666667
34861,4484129.25266667
34862,3077351.41304286
34863,4516629.1565
34864,4620056.8977619
34865,4077964.73696667
34866,4494708.95149682
34867,4526487.63926666
34868,4765593.65673333
34869,4990687.89670952
34870,4129868.2037
34871,3503133.95063333
34872,3735809.06136667
34873,4440328.22343333
34874,3524396.15114286
34875,3189874.25143333
34876,4786831.51106667
34877,3016248.10833333
34878,3322068.40182063
34879,4374118.84894286
34880,5271760.84993333
34881,4196453.78176667
34882,4099919.25673334
34883,4859109.90436666
34884,4913063.97303333
34885,4998855.85476666
34886,3290729.30013333
34887,3964615.8454
34888,4126078.99133968
34889,4778716.04436667
34890,4945220.70823333
34891,3728426.01426667
34892,4382582.84765714
34893,3080617.8104
34894,4658343.53572381
34895,3160693.80574445
34896,4923522.9939
34897,4191686.76186667
34898,4213388.85151667
34899,4676365.66766667
34900,4244663.96218572
34901,3421066.61959524
34902,3873951.23860476
34903,3195838.80531428
34904,4435706.01229524
34905,4028606.18720953
34906,4790110.50483333
34907,4511970.39443333
34908,4629687.58420635
34909,3721993.1301
34910,4168161.50417143
34911,2601702.39607619
34912,3605449.56029683
34913,4681035.2889
34914,4292615.83363334
34915,4869285.77989524
34916,3440592.90703334
34917,4839926.80071905
34918,3884756.85423333
34919,4526928.4659
34920,4901707.50516667
34921,4352760.36756667
34922,4850594.9906
34923,4926290.71173333
34924,5177791.27656667
34925,4716550.18022857
34926,4878873.74636667
34927,2927070.4325381
34928,4700957.00103333
34929,4285764.478
34930,4609910.4097
34931,3999895.72647778
34932,4957520.19424445
34933,4853252.5186
34934,4513820.29419524
34935,5204067.3725
34936,4973690.9603
34937,4757115.17806667
34938,5028414.47725238
34939,4210247.09508571
34940,4572551.16459524
34941,4231699.7359
34942,3515901.30275397
34943,3926182.79569048
34944,3543923.13833333
34945,4186249.93386667
34946,3361870.86676191
34947,3026640.28110476
34948,4578082.6922
34949,4965650.44751905
34950,3732348.88561111
34951,3212171.60506667
34952,5290959.21726667
34953,3648690.9262873
34954,4230761.15457619
34955,2921568.67331905
34956,4329693.60903334
34957,4548543.91714444
34958,4570781.06646666
34959,4721919.26556667
34960,5231493.34773333
34961,4603836.91693333
34962,3975514.72533333
34963,3309613.77536191
34964,4405733.12683333
34965,4939535.19756667
34966,3246387.8481
34967,4542330.0652
34968,5406265.53003333
34969,4647201.13363333
34970,4484637.0513
34971,4946116.7215
34972,4375813.8887
34973,4496407.86606666
34974,4473096.82503333
34975,4657932.3219
34976,3729090.88537619
34977,4461466.32996667
34978,3933545.82253334
34979,3842683.28794444
34980,3588282.72016667
34981,3866396.05373334
34982,5954734.84383333
34983,4757438.6662
34984,4149784.07459524
34985,4077251.28016667
34986,5295274.46409048
34987,4594466.2101
34988,4669200.97073333
34989,4690027.53766667
34990,4917753.37373333
34991,4383145.04783333
34992,3678197.83283333
34993,5352665.68536667
34994,4023735.4486
34995,4341350.43673334
34996,4496624.2628
34997,5032124.58818571
34998,3187759.54825714
34999,4335145.5519
35000,4470311.01033333
35001,4733015.467
35002,3413719.03736667
35003,3588865.12766667
35004,4715604.8518
35005,4688778.41273333
35006,4103915.51918571
35007,4162424.18483333
35008,4908974.0175
35009,4311100.3395
35010,3886212.84886666
35011,5051771.9199
35012,3802497.39923016
35013,3603252.01346667
35014,3399125.96183333
35015,4973989.32526667
35016,4618561.26556667
35017,4911975.89908333
35018,3596894.39688572
35019,4534812.65456666
35020,3674003.76685397
35021,4673653.0468
35022,4079733.43884445
35023,3005675.16962381
35024,5058390.65218571
35025,3637314.98221905
35026,4430360.56536666
35027,5001595.8801
35028,4007228.85306667
35029,4350370.71466667
35030,3989519.54103333
35031,4381541.10596667
35032,3985566.28950476
35033,4013666.9472
35034,3649877.4781
35035,4495366.15223333
35036,3395014.16157302
35037,4913421.78523333
35038,4252925.59291905
35039,5619226.43255237
35040,3912754.61376667
35041,4732214.33443334
35042,4896231.206
35043,5020792.44716666
35044,3313088.5244
35045,3734127.93431112
35046,4085941.91706667
35047,4928513.31163333
35048,5088665.59483333
35049,4243466.71283333
35050,4071521.19116667
35051,4329554.35146667
35052,4875932.21933333
35053,4159862.03216667
35054,4064161.48286349
35055,4910483.71766667
35056,4854402.4932
35057,4416709.44326667
35058,5101133.2174
35059,4838991.86796667
35060,4678325.39333333
35061,4688131.99244762
35062,5061141.1623
35063,3831593.93173333
35064,4405726.4448
35065,4773159.0904
35066,4774519.58149048
35067,3957956.2669
35068,3501037.96290952
35069,4524309.15574444
35070,4628757.76823333
35071,3229457.7486254
35072,4290767.50553333
35073,3845645.01121905
35074,4615843.54353333
35075,4022489.36366667
35076,4326969.0926
35077,4788761.9896
35078,4907901.2423
35079,4714509.83267777
35080,4739020.32053333
35081,4881222.46954445
35082,4332245.90356667
35083,3921042.86174445
35084,4748798.89683333
35085,4876711.8522
35086,4122302.4556
35087,3793728.57621111
35088,2819668.85677619
35089,4743529.0644
35090,4354525.73569524
35091,4968628.9756
35092,4534761.86893333
35093,4031492.65585873
35094,4495410.75856666
35095,3130643.8884
35096,5692884.71789999
35097,4404837.48813333
35098,4013915.84784445
35099,3650559.25733333
35100,3704954.2538
35101,4365929.44079524
35102,4725670.91396666
35103,3954477.31903334
35104,2529744.91408095
35105,5114650.35146667
35106,4276001.142
35107,3826169.47547778
35108,4496293.43330952
35109,4377907.4483619
35110,3947038.38540476
35111,3870485.99376667
35112,4660498.5864
35113,4511017.30146666
35114,4463172.4462
35115,4701233.61126667
35116,4833839.17233333
35117,5148460.9606
35118,4513488.71341905
35119,5423500.25893334
35120,4587210.16846666
35121,3858584.22129048
35122,4660138.80256191
35123,3767220.1606
35124,3643803.16962064
35125,4985475.45056666
35126,4372813.7638
35127,4605737.0693
35128,3968170.09343492
35129,4767008.65073333
35130,5304957.73069999
35131,4839063.68164921
35132,4700149.0738
35133,3970808.42174286
35134,4185507.8134
35135,5275253.56956666
35136,4080696.5631
35137,4821136.63963333
35138,4674199.66286667
35139,5515760.49676667
35140,3296698.19007143
35141,3116340.48538095
35142,3961498.58496667
35143,4833695.66153333
35144,3885503.40756667
35145,4385229.49733334
35146,3797458.10943334
35147,4590043.9766
35148,4727984.66076191
35149,2817761.3039873
35150,3614821.63446667
35151,4282699.2559
35152,4588534.60953333
35153,3730996.36034921
35154,5293670.83353333
35155,4902429.12343333
35156,4585605.87866667
35157,5155428.5223
35158,4525446.05736666
35159,4456694.7837
35160,4104025.17496667
35161,4446663.86126667
35162,4608060.6991
35163,4480781.24906666
35164,4043388.8658
35165,4252138.643
35166,3918391.9106
35167,4823739.39245238
35168,3923648.10216667
35169,4775786.1916
35170,3773074.09652381
35171,4837567.7579
35172,3549200.34993333
35173,5200613.50683333
35174,3680328.36944286
35175,3658086.2559
35176,4330754.0057
35177,3566237.95133333
35178,4638748.93024286
35179,4780340.7974
35180,4007527.6122
35181,4911393.0285
35182,3106742.40654286
35183,4061126.34576667
35184,3290792.0397381
35185,3970004.4770619
35186,4439818.2772
35187,3852282.56039047
35188,4350109.71179524
35189,3577238.97687619
35190,4754047.01981904
35191,4666392.62516666
35192,5553995.7944
35193,4326282.22515714
35194,4580902.87956666
35195,4373410.99726667
35196,4237700.9896
35197,4890022.56462857
35198,3739130.59176667
35199,4165080.79226667
35200,3614088.15689524
35201,3409030.83014762
35202,4232500.61366666
35203,3599209.66236667
35204,4334597.20123333
35205,3618846.96401428
35206,4804284.94536667
35207,4361417.39056667
35208,4772648.14786666
35209,4155344.9813
35210,4382379.0539
35211,5123341.99006667
35212,3912357.1367
35213,4824073.49476666
35214,4322213.52003333
35215,4529139.63193016
35216,4810936.3069
35217,4497955.59146191
35218,4538039.7158
35219,4620675.76373333
35220,5213627.3197
35221,4742244.186
35222,4395535.52796666
35223,4084045.90846667
35224,4114504.92685238
35225,3770720.35594445
35226,4155227.7895
35227,4071603.10823333
35228,4666392.62516666
35229,4745547.78857778
35230,3576592.86243333
35231,4011039.9671
35232,4476673.63086667
35233,4920515.82426667
35234,3215010.55020635
35235,4485989.52666667
35236,4226956.44581111
35237,3924690.3535
35238,4104230.8837
35239,3414109.07006667
35240,3366184.6529
35241,3652444.8469873
35242,4380177.98756667
35243,4740271.6022619
35244,4783802.4559
35245,3925755.55876825
35246,4239837.67578571
35247,4941949.85339524
35248,4715930.3328
35249,3801268.38396667
35250,4858695.46176667
35251,4509016.21986667
35252,4642938.4641
35253,4557960.00032857
35254,4463912.89046667
35255,3474400.75614444
35256,4374977.63887778
35257,3768685.87976667
35258,4248373.21642857
35259,4610033.80129524
35260,4484486.82443333
35261,5501149.98193333
35262,4718073.47333333
35263,4864850.57293333
35264,3208810.523
35265,3756707.11715238
35266,2938372.54863492
35267,4473899.7799
35268,4272796.98883333
35269,3981954.22378571
35270,5334284.55976667
35271,3471389.72096825
35272,4074640.81206667
35273,4941471.83369999
35274,3254976.92696666
35275,4378010.53630952
35276,5042899.04053334
35277,4050682.5147
35278,4653418.57333333
35279,3929867.59236667
35280,3751741.80737778
35281,4638141.04006667
35282,4512358.3601
35283,4915634.82673333
35284,4462636.7825
35285,4128770.4066
35286,5596363.22293333
35287,3688668.6217
35288,5109748.1943
35289,4735708.12526667
35290,5428527.0748
35291,3108997.05362857
35292,4635687.83756667
35293,4914434.92263333
35294,4045552.14276667
35295,3983562.34996667
35296,4541435.31166666
35297,4460270.0525
35298,4301142.6524
35299,4209197.2887
35300,5241736.2218
35301,3810143.8775
35302,3782969.08263333
35303,3936358.3323
35304,4086035.51436667
35305,4126078.99133968
35306,3970546.15786667
35307,5264691.61773333
35308,4632682.84893333
35309,4375178.7813619
35310,3094208.73717778
35311,2987795.96995397
35312,4549360.6335
35313,5312284.37927778
35314,2648123.92281111
35315,4326219.69786667
35316,4466087.11166666
35317,4117800.64316667
35318,3501618.87125714
35319,5230320.73882857
35320,4846966.47573333
35321,4231552.04123334
35322,4357077.19156667
35323,3635427.46306667
35324,5053898.1079
35325,4710760.4387
35326,4475626.94863333
35327,4480111.01177778
35328,4066213.66634444
35329,4870244.42236667
35330,4038074.4116
35331,4019620.98373334
35332,4170207.5503
35333,4394847.25722857
35334,4799948.07486667
35335,3915565.83496349
35336,5226261.42493333
35337,3701512.05386667
35338,4870632.61993334
35339,5879985.65358571
35340,4430950.16336667
35341,3470758.57974444
35342,4447428.84753333
35343,4559636.81778571
35344,3891199.22730952
35345,4307087.4953
35346,3645113.7794
35347,4901001.16603333
35348,5315878.73396667
35349,3644877.75566667
35350,4282051.99833333
35351,5008129.4436
35352,4532078.5261
35353,4679004.78703333
35354,4296324.60874445
35355,5081166.4231
35356,5043984.4408
35357,3977791.40893333
35358,4150665.27093334
35359,4081646.77550476
35360,3772283.10171429
35361,4635596.45476667
35362,4650219.81924444
35363,4637689.088
35364,4350768.69816667
35365,4734138.1068
35366,3999994.08476667
35367,4344752.14236667
35368,4568225.8456
35369,4253828.37983333
35370,4030062.58083334
35371,4831240.36896667
35372,5030819.15163333
35373,5293858.55041428
35374,6255225.41123333
35375,3861489.4112
35376,4651276.26593333
35377,4009095.3066
35378,3143041.22824286
35379,4005117.12200001
35380,4891601.91726666
35381,4826874.93086667
35382,4441736.89306667
35383,4668425.84456667
35384,3803868.30343334
35385,4379433.4484
35386,3560809.16297143
35387,4383227.75593333
35388,5369206.81599524
35389,3905739.33462381
35390,4693583.58916667
35391,4210325.17516667
35392,4642682.15606667
35393,4928189.30466667
35394,4640992.27627778
35395,4418553.16133333
35396,4779865.95386667
35397,4660487.80346667
35398,4640694.04736667
35399,3987266.57626667
35400,4297695.3893
35401,4868713.4813
35402,4442616.8100873
35403,4103290.54782857
35404,4013045.04670477
35405,3883326.25586667
35406,4352514.11426667
35407,4087568.2516
35408,5279793.37186667
35409,4099368.55019524
35410,4105987.19537619
35411,4891081.56713333
35412,4569362.74693333
35413,4496673.39917778
35414,4414342.83941905
35415,4869510.85266666
35416,4168078.18773333
35417,3504433.5253
35418,3835014.10833334
35419,4659428.47723333
35420,4485071.61527778
35421,4784395.73812857
35422,4299446.88954286
35423,5608208.25786667
35424,4765815.30223333
35425,4548326.75593333
35426,3773306.03935873
35427,5303872.79936666
35428,3760194.49413333
35429,4483550.1585
35430,4569933.97976667
35431,4478692.32396667
35432,4557565.822
35433,4257199.5348
35434,4738243.73816667
35435,4433994.4525
35436,4366911.17813333
35437,4301087.08956667
35438,3642922.01864444
35439,4684068.7722
35440,4557687.5693
35441,3976155.24953333
35442,4044638.14844286
35443,4649595.3533
35444,4742233.08223333
35445,4067738.44995238
35446,4105389.11649524
35447,4751147.77003333
35448,4399798.8302
35449,4793724.88306667
35450,5349133.36886667
35451,4512426.55156666
35452,3009151.23754762
35453,4070718.77221111
35454,4379111.00143333
35455,4732582.40103333
35456,4207665.40243333
35457,4637209.9843
35458,4671563.1044
35459,3189082.79336667
35460,4342037.578
35461,4142749.26299524
35462,4349188.65602381
35463,4153548.65720873
35464,4153517.92296667
35465,4222064.4035
35466,3396298.51782063
35467,4587276.9861
35468,3997071.23780952
35469,3140290.60572857
35470,4332189.7395
35471,3572788.24393333
35472,4848008.0981
35473,5151647.04566667
35474,4904160.4562
35475,4787942.82864444
35476,4129160.86386667
35477,4155478.85141905
35478,4307047.73856667
35479,4613123.42093809
35480,4137682.14586667
35481,3904589.99915238
35482,4802580.48933333
35483,4763025.00706667
35484,4364335.52843333
35485,5764431.03636666
35486,4839386.18626667
35487,3856882.72868095
35488,4080041.19916667
35489,3932076.09224286
35490,4498849.78176667
35491,3811776.9311
35492,4111479.9253
35493,4329627.57455714
35494,3103635.68397619
35495,4072818.04492857
35496,4302026.09383333
35497,5008843.76693333
35498,4432282.76003333
35499,4217941.0099873
35500,4508744.0029
35501,4171224.6984
35502,3279822.02912064
35503,4405131.81923334
35504,4192364.32422857
35505,4933620.31722857
35506,4501105.94393333
35507,3654347.88182857
35508,3013286.2542
35509,4435547.77680635
35510,4455463.4364
35511,4671599.09852857
35512,4521678.51071111
35513,4320349.47176667
35514,4631766.14442381
35515,3940668.0965
35516,4627294.19618333
35517,4593927.5484
35518,4092590.2652
35519,3751427.35057143
35520,4059907.72293333
35521,3851879.9692
35522,5033354.15056667
35523,5967985.39763333
35524,4867165.79253333
35525,4193303.57451667
35526,5786119.04608571
35527,3885445.5278
35528,4693448.80083333
35529,4747860.71413333
35530,4027374.52917302
35531,3766212.44359048
35532,5108730.2166
35533,3877249.23729524
35534,4516721.17453333
35535,3345853.02807143
35536,4466541.96716667
35537,5124775.4859
35538,4329021.35173333
35539,3739841.95146667
35540,4681478.02606667
35541,3719012.20529048
35542,4041850.8658
35543,4604087.157
35544,4986141.7069
35545,4593535.69410953
35546,5311627.19791905
35547,4700375.64086667
35548,4141885.31567778
35549,4602232.78427619
35550,3905458.0338
35551,4366987.7648
35552,4340042.54820001
35553,3336524.06507143
35554,3727901.29877619
35555,5084896.58905238
35556,5678097.019
35557,4044241.35486667
35558,4414588.10243333
35559,3871748.24046191
35560,3126603.64204445
35561,3487069.82952857
35562,3867731.06628571
35563,3447581.91943333
35564,4238921.97802381
35565,4572713.37722857
35566,4458929.813
35567,3763339.90043492
35568,4413185.61126667
35569,4365462.6759
35570,4613210.5938
35571,3679097.201
35572,4449275.2679
35573,4372265.29747778
35574,5068353.05386666
35575,3513873.81057778
35576,3316511.9747
35577,3835341.46183334
35578,4252039.37914445
35579,3820520.76006667
35580,3434553.64256667
35581,4251545.63822857
35582,5069236.135
35583,5406467.08586667
35584,4299410.64026667
35585,4165643.1596
35586,4246326.87196667
35587,3999509.39384286
35588,4256350.29890476
35589,3846658.45809524
35590,4253870.01843333
35591,3596134.44895397
35592,4697156.2332
35593,4428336.8903
35594,4800538.2248
35595,4266662.75303333
35596,4231960.2267
35597,4269997.47846667
35598,4147663.15716667
35599,4318968.9307
35600,3279199.1339
35601,3825275.84730952
35602,3640772.35473334
35603,4832281.46666666
35604,5533271.29536667
35605,3599810.13353333
35606,5662609.73423333
35607,4216733.0322
35608,3766442.43704921
35609,4000157.76750159
35610,5524534.63863333
35611,4610440.04283333
35612,3540868.67175397
35613,4282326.22949524
35614,4738672.1509
35615,3721060.33356667
35616,4605440.5653619
35617,4880772.38243333
35618,4197868.05686667
35619,4521731.99021429
35620,3872408.8821
35621,5127071.75856667
35622,4235995.4448
35623,3812022.65123333
35624,4355747.3891
35625,4230202.05601429
35626,3760622.28977778
35627,2333726.62351429
35628,3845209.7668
35629,3989619.60507619
35630,4099663.22745239
35631,4380004.10486667
35632,4562221.07463333
35633,3360690.11430476
35634,3995972.74993334
35635,4232574.536
35636,2734122.98054286
35637,4097605.1748
35638,4493942.8881
35639,4149168.70839048
35640,4757196.19303333
35641,4605875.12033334
35642,3953350.21313333
35643,4925095.81623333
35644,4247566.3351
35645,4222802.48733333
35646,4012003.1462
35647,3622710.39851111
35648,5058667.6453
35649,4332240.45096667
35650,4984434.5018
35651,2351821.31620952
35652,5021854.34036667
35653,4644111.19456667
35654,3762861.871
35655,4359164.29567778
35656,3445730.09006191
35657,4603525.45716667
35658,5784981.80636666
35659,3212423.3248619
35660,5360575.59968571
35661,4473909.24546667
35662,4259965.31616191
35663,3307003.955
35664,5252230.1362
35665,4377573.50314445
35666,3842591.8625
35667,3963819.53916667
35668,4391396.4369
35669,5316046.81363333
35670,5109636.56866667
35671,4439760.28132857
35672,4669147.17766667
35673,4727883.43573333
35674,4124285.17356667
35675,4745439.14757143
35676,4432290.71510476
35677,4938155.36533333
35678,4045691.6687
35679,4147006.31748571
35680,3396809.96259524
35681,3988901.24759048
35682,4320866.81046667
35683,5271423.13282857
35684,4379576.54989048
35685,4929668.2732
35686,4331670.58051429
35687,5558069.8817
35688,3732529.1353
35689,4994990.96745238
35690,3623638.5875
35691,4617341.41103333
35692,4839441.46343334
35693,4729024.6849
35694,4705597.3719381
35695,3730448.24239762
35696,3659700.91319524
35697,4197240.95383333
35698,2768476.60193492
35699,4009365.41144286
35700,3140695.0709
35701,4930193.99096666
35702,5406667.78966667
35703,5292077.01086667
35704,4163591.6393
35705,4681439.59816667
35706,5101620.7881
35707,4483648.69353333
35708,5024273.46423333
35709,2844919.1251
35710,4101850.74147619
35711,4392054.6875619
35712,5262923.48676667
35713,3378916.61206667
35714,4432713.50746667
35715,4495258.74333333
35716,4640865.66853333
35717,3817284.48870952
35718,3974277.6184
35719,3624171.53278095
35720,4175866.93963333
35721,4482456.38101428
35722,5394507.95273333
35723,4906644.0711
35724,4760306.93613333
35725,4804583.61346667
35726,4238186.70476666
35727,4737273.94236667
35728,4438583.54556667
35729,4451805.38873333
35730,4661736.5454
35731,3906743.68826667
35732,3830540.03366191
35733,4652722.246
35734,4491921.98083333
35735,3684358.05501111
35736,5162604.0064
35737,4314781.59876667
35738,4642042.11722857
35739,3805602.7823381
35740,4545043.7904
35741,4491807.53963333
35742,4227790.17450476
35743,4301456.8604
35744,3994569.03557778
35745,4738270.69403333
35746,4264039.86836667
35747,4283682.53519524
35748,4480508.8715
35749,4463933.50663333
35750,3874563.69396667
35751,3964285.5319619
35752,4478607.24436667
35753,4789211.14953333
35754,5080615.7801
35755,4883341.70168333
35756,4942519.32933334
35757,4107445.01223334
35758,6219638.43446666
35759,4737707.27986667
35760,4510107.34126667
35761,4453753.93891905
35762,4153715.9893
35763,3981857.7557
35764,4209007.2315
35765,4240647.2089
35766,4865006.98051667
35767,3980065.51306667
35768,3025081.6064381
35769,3541019.20821111
35770,4617642.85636191
35771,4320255.5848
35772,4692553.92383333
35773,4146201.5836
35774,3658274.49655397
35775,3579218.69270476
35776,4297451.74038572
35777,4714482.30813333
35778,4917438.40226667
35779,4298277.99375238
35780,3701877.91669047
35781,3501342.64866191
35782,4217472.4958
35783,4707233.05856666
35784,4537300.6386
35785,4353247.00296666
35786,3493014.39996667
35787,4579964.73226667
35788,3192122.8903381
35789,4629984.1818
35790,4683234.38361111
35791,3525770.17045714
35792,4202843.27072381
35793,5015180.62596666
35794,3974047.0544
35795,4746389.7681
35796,4832970.6267
35797,4470717.41533333
35798,3316736.19130952
35799,4018281.75196667
35800,4327812.46673333
35801,4017160.82016667
35802,4075796.20161111
35803,4700575.1205
35804,4763535.7289
35805,4948236.62866667
35806,3658297.1808
35807,4028966.21443333
35808,4793594.01166667
35809,4933133.68
35810,4000975.3776
35811,4768890.18443333
35812,4602826.271
35813,4898218.79396666
35814,5237183.50493333
35815,4368864.46486667
35816,4698200.18782857
35817,4660462.69636667
35818,3487532.27523492
35819,4837989.27593333
35820,5729086.4917
35821,4857570.17876667
35822,3501512.1901
35823,4627009.02513333
35824,3974950.48673333
35825,4492449.2463
35826,4542744.0148
35827,4314654.49956667
35828,4305413.447
35829,4259849.17492857
35830,4852817.32036667
35831,4672474.6081
35832,4467417.22623334
35833,5055910.73486667
35834,4581651.85726667
35835,5521922.23193334
35836,4235467.04152381
35837,4161542.2496
35838,3961205.61062857
35839,4247999.4034
35840,4148276.68923333
35841,4793366.97091111
35842,3727485.20673333
35843,4923148.93363333
35844,4050710.98257778
35845,5072860.69523333
35846,4503722.99513334
35847,4691265.14463333
35848,6069351.76123334
35849,4519948.6521
35850,3070600.6892873
35851,5011800.5016
35852,4780931.32346667
35853,4683552.11593333
35854,4271943.4845
35855,4274945.72185397
35856,4193619.28351429
35857,4013413.85486667
35858,3525847.48954444
35859,5126677.4958
35860,4709523.75846667
35861,4127938.76678095
35862,4264955.62424286
35863,4006701.16153333
35864,3817796.36526666
35865,4257099.8984
35866,3558081.19813334
35867,3725151.00127619
35868,2611118.01348572
35869,4211146.14712857
35870,3178744.76481429
35871,4685956.15542778
35872,4212077.26926667
35873,4631450.8081
35874,5425231.5157
35875,4367087.04813333
35876,4496762.2013
35877,4310465.7127
35878,4698490.65283333
35879,4349604.15666667
35880,3979850.29446667
35881,4129866.1098
35882,3811980.29766667
35883,4915474.8385619
35884,4321148.16884444
35885,4234246.9493
35886,5308277.92926667
35887,4613900.15610952
35888,4792960.62339048
35889,5298882.58913334
35890,4411479.15083333
35891,3875759.93338095
35892,4443115.321
35893,4179498.83165239
35894,3940732.05123333
35895,4216147.78823333
35896,3753015.81074286
35897,4819836.19109524
35898,3696121.54703334
35899,3831682.26216667
35900,3666240.27867143
35901,4919143.94243333
35902,4330195.845
35903,4739728.02906667
35904,5519185.59723334
35905,4729024.6849
35906,4377271.61176667
35907,3231549.38547778
35908,3739899.29099048
35909,4733983.1734
35910,4518736.64443333
35911,3522077.30290952
35912,4793346.7591619
35913,4193468.65043333
35914,4449008.5767
35915,4207421.85103334
35916,3845526.09104444
35917,2832434.65590952
35918,4728110.17646667
35919,4346461.2514
35920,4080343.06488571
35921,4398634.09879048
35922,5100632.58153333
35923,4707686.53756666
35924,2932371.84567778
35925,2832792.29506667
35926,4670919.13143333
35927,4298529.21936349
35928,4694680.76943333
35929,3269631.77455714
35930,4094162.70386667
35931,3393990.45509683
35932,4643445.44173333
35933,4464414.63411111
35934,4667387.37141111
35935,5656944.56006667
35936,4425859.01717778
35937,4216114.86311905
35938,4145551.1696
35939,5517155.77266667
35940,3918711.46565238
35941,3274712.07676667
35942,3167150.92272857
35943,4199513.6066
35944,4695137.98176667
35945,4724406.9505
35946,3543929.83470952
35947,4270510.2892
35948,4851075.5278
35949,3998073.43566667
35950,4362825.12726667
35951,3840553.33607778
35952,5037198.50739524
35953,4757568.20526667
35954,4402433.35757778
35955,4505099.31296667
35956,4274037.90436667
35957,4761308.16053334
35958,4323655.53402381
35959,4264955.62424286
35960,4210306.22543333
35961,3823832.55600476
35962,4389091.72623333
35963,4745203.6968
35964,3666540.47152858
35965,4393650.4408
35966,5122983.64751111
35967,4838097.32395238
35968,2954029.09358095
35969,4265723.7991
35970,4399342.91292857
35971,3528971.75763333
35972,4916219.04146667
35973,3614179.8582
35974,4069239.1746
35975,4522425.26293333
35976,4106851.48936667
35977,5527756.20268571
35978,4298023.59806667
35979,4164249.84519524
35980,4907528.3432
35981,4019085.76316667
35982,5092448.38283333
35983,3947171.52469048
35984,3723377.69364286
35985,4352311.5906
35986,3606201.53214762
35987,3830257.64885714
35988,2846223.68812857
35989,4228176.03871905
35990,5210844.0415
35991,3840621.15547619
35992,5293988.22263333
35993,4365389.83373333
35994,3925755.55876825
35995,4903845.9976619
35996,4686221.8744
35997,4127683.01106667
35998,3870547.93983333
35999,5080165.23453333
36000,3936481.90663333
36001,4632692.21681905
36002,4566643.7645
36003,4261262.85081111
36004,5509289.56526666
36005,4475025.19843333
36006,4127789.76805714
36007,5138128.2206619
36008,3673684.18591587
36009,4737636.04553333
36010,5063347.75946666
36011,4913694.11886667
36012,3310152.8265
36013,5265341.622
36014,4448752.44296667
36015,3534953.97323334
36016,2925840.74514444
36017,4041120.15736667
36018,3783289.54353334
36019,5124582.36300476
36020,3667076.43586667
36021,4059918.88146667
36022,4842389.66983333
36023,3856290.4123
36024,4192974.37152857
36025,5090863.61616666
36026,4627215.33466666
36027,4215776.3381
36028,3446592.7916
36029,4500391.70012381
36030,5101167.398
36031,4768346.34606666
36032,3999031.88315715
36033,4863677.0356
36034,4070505.6109
36035,4820952.058
36036,4452976.31864444
36037,4882849.70939999
36038,4343642.14923333
36039,5994757.7048
36040,3864565.6886
36041,3135363.8309
36042,3570314.70919286
36043,3671467.82056667
36044,4803318.7377
36045,3971742.66383333
36046,4465203.1724
36047,4445177.3875
36048,4180752.5203
36049,4227755.61853333
36050,3897677.3564
36051,3688138.20665238
36052,3464712.3560381
36053,4706967.52406667
36054,4020200.14856191
36055,3552049.91764286
36056,5746861.82546667
36057,4030194.92584286
36058,4453157.53588572
36059,4460858.55143333
36060,4513334.69432857
36061,4669291.63701111
36062,2747098.65514762
36063,4445096.49883333
36064,4303334.50496667
36065,4306947.98696667
36066,3451093.92871111
36067,4517873.34996666
36068,4446747.24773333
36069,4784532.28202857
36070,4516298.7421
36071,4126294.8214
36072,4114293.88943334
36073,4297147.61334286
36074,4644706.56556191
36075,3472510.52182064
36076,3891751.97626667
36077,4503906.01476667
36078,4533542.5273
36079,4932022.3711
36080,3862380.06060952
36081,4895155.06666667
36082,4413846.7475619
36083,4741279.08736667
36084,4748236.13873333
36085,4370246.77936667
36086,4817924.57313334
36087,4594477.28636666
36088,3859985.75046667
36089,4701255.11703333
36090,4709555.99663333
36091,4163794.53623333
36092,4606008.22753333
36093,3579734.27873333
36094,3385835.32540953
36095,4030586.46443333
36096,4630667.00953333
36097,3774784.24821111
36098,3485545.61025714
36099,5366658.95506667
36100,3650980.14480953
36101,3466693.90654286
36102,4317161.8517
36103,4172204.08736666
36104,3525836.5477
36105,4408689.35717143
36106,4341562.34883333
36107,3709610.9960873
36108,4003150.68676667
36109,5135231.65553333
36110,3949000.11483333
36111,4079515.0187
36112,3760443.6568619
36113,4940132.25133333
36114,4903227.66243333
36115,4473630.69310952
36116,4857683.59706191
36117,4104230.8837
36118,4854031.76586667
36119,4646876.32601111
36120,5061635.74383333
36121,4440881.9184
36122,3883849.04124444
36123,4335643.04641905
36124,4749161.49046667
36125,5192225.55026667
36126,4198764.69934445
36127,4686350.85296667
36128,4514819.81756667
36129,5043827.8042
36130,4695633.15929524
36131,4465461.57313334
36132,3946436.02322857
36133,5052603.72293333
36134,4353684.96077778
36135,5002883.41093334
36136,4000963.31793333
36137,3892855.04686667
36138,4488847.55213333
36139,3730575.86938095
36140,4389639.46606667
36141,4058824.6554
36142,4521174.2255381
36143,3639813.1435
36144,4768256.03656667
36145,4121635.2884
36146,4520580.67653334
36147,5011947.29636667
36148,3718508.45017619
36149,4891343.9928
36150,4250210.09876667
36151,4927804.43483333
36152,5028414.47725238
36153,4006825.56346667
36154,3913216.55878095
36155,4515011.48508095
36156,4539498.84493333
36157,4328092.05363333
36158,3298903.67851111
36159,3950123.1453
36160,4236746.06186667
36161,3654466.84379524
36162,3994013.655
36163,5060195.14139999
36164,3924150.9897
36165,3899860.46919683
36166,4333040.27166667
36167,4780089.58129524
36168,3860098.53436667
36169,4192754.53962857
36170,5111133.0652
36171,3569336.98065714
36172,4306163.56564444
36173,4494313.1624
36174,4593071.87886349
36175,4658860.1644
36176,3911747.69793334
36177,4395929.76356667
36178,4813333.73533334
36179,4894181.1363
36180,3291860.1659
36181,4689631.62283333
36182,4605634.26956191
36183,3672563.7881
36184,3727358.33589524
36185,4899655.66046666
36186,2697672.40894762
36187,4887155.9623
36188,3405079.14513333
36189,4100811.2871
36190,5141054.0697
36191,4342554.22196667
36192,4055629.21607619
36193,4767448.90813334
36194,3125025.4997
36195,3305104.80366667
36196,4167363.45211111
36197,4902049.04766667
36198,4988856.13926667
36199,3249401.73122381
36200,4383759.18225397
36201,4092484.00643333
36202,4301585.30965714
36203,2567652.05377619
36204,4085326.1392381
36205,4203326.4629
36206,3307093.05597778
36207,4385392.3475
36208,5053518.6619
36209,3041465.72123334
36210,4528036.47813333
36211,4164705.6901
36212,5024393.3757
36213,4217544.96366667
36214,4998327.8849
36215,3293029.7776
36216,4665214.51323333
36217,4188712.42186667
36218,4003531.2475
36219,5408826.20486667
36220,4496598.9864
36221,4428665.43128254
36222,4512056.47163333
36223,4188455.867
36224,4337305.96143334
36225,3877542.05913333
36226,4520442.08473333
36227,4728884.8528
36228,4922344.89166667
36229,4766215.20716667
36230,4538656.871
36231,4216025.51726667
36232,4647100.8306
36233,4083581.4394
36234,4648703.69666667
36235,4195824.28533333
36236,4327933.98123333
36237,5547080.9224619
36238,4550489.9835
36239,5152658.65340476
36240,4307807.27633333
36241,3720126.90987778
36242,3893275.22473334
36243,4900827.43229523
36244,4394002.5896
36245,4090076.39994286
36246,4480508.67733333
36247,4385540.6723
36248,4503906.01476667
36249,3585346.79657619
36250,4117962.4728119
36251,4228614.1513
36252,5110246.67469999
36253,4635154.88556667
36254,4463111.09076191
36255,3436618.5852873
36256,4647035.76989286
36257,4220922.38332381
36258,4057888.00549524
36259,4485906.17213333
36260,5458941.2392
36261,4129693.16796667
36262,4315425.92293333
36263,4450143.62322381
36264,4441994.07303809
36265,4259949.54661429
36266,4745229.17566667
36267,4302251.01573333
36268,5433947.01513333
36269,5450453.81266667
36270,3925925.0049
36271,3915027.24830159
36272,3849860.52063333
36273,4896849.90202857
36274,4168561.67366667
36275,4554550.5876
36276,4498439.48423333
36277,4544308.48201111
36278,4121469.5184619
36279,5136530.94568572
36280,3244995.5043381
36281,4425337.65566191
36282,4706247.23727143
36283,4633408.22491111
36284,4650038.9947
36285,5133022.7636
36286,5029133.28448571
36287,4300582.49142539
36288,3668113.01736667
36289,4458378.11596667
36290,4303119.9918
36291,4894682.9607
36292,4470477.56326667
36293,4233730.94596666
36294,4740726.21906667
36295,3394786.68692064
36296,4434412.31253333
36297,4214810.0917
36298,3790428.5393
36299,3078886.35084762
36300,4046212.58179524
36301,4732192.5362
36302,4448027.8647
36303,4291710.43436667
36304,3523322.97613492
36305,4995854.40146666
36306,3863309.05173333
36307,4333653.03149524
36308,5043198.91486667
36309,4118494.77241111
36310,4004364.64438095
36311,4996998.37225238
36312,5463903.612
36313,3994819.73381111
36314,3947087.77666667
36315,4479839.17933333
36316,2874128.27980953
36317,4710071.4863
36318,5241623.83836191
36319,4964307.2919
36320,4126144.48613333
36321,4663238.40588095
36322,4232300.7908
36323,4568270.98536667
36324,4166005.4331
36325,4243818.11821111
36326,3948217.22415714
36327,4520686.32757778
36328,3430205.75023333
36329,4821773.57536667
36330,5233796.38226667
36331,3887895.61301111
36332,5602327.8588
36333,3812101.41044921
36334,4420492.32533333
36335,4556834.17746667
36336,3440567.19560635
36337,4518791.94193333
36338,4791328.5568
36339,4492968.7738
36340,5117631.2548
36341,4852229.16738571
36342,4298052.65432857
36343,4949044.3079
36344,4745712.53456666
36345,5393098.7538
36346,3822631.35750952
36347,4931767.9271
36348,4340776.60281111
36349,5052991.44126666
36350,4043534.02153334
36351,4581594.6432
36352,5043712.52683333
36353,4182574.01563333
36354,4689195.61293333
36355,3872107.00986667
36356,2922558.86330953
36357,4067434.24658572
36358,4458013.4632
36359,4406892.37316349
36360,4584942.5408
36361,4192201.42013809
36362,4785972.78953333
36363,4722061.00266666
36364,3311407.98762063
36365,4174070.50253333
36366,4527054.21422381
36367,4691399.16212857
36368,4239376.87497778
36369,4308506.27683334
36370,5188004.85266666
36371,3259576.04704762
36372,4706537.75296667
36373,4618155.80606667
36374,4399696.2767
36375,4812746.4685
36376,4360189.79843333
36377,4156678.52986666
36378,4661283.48133333
36379,4111265.5433
36380,3938310.8497
36381,5257691.0709
36382,5288135.79806667
36383,4570928.42236667
36384,4974579.85958571
36385,2655580.7187873
36386,4250486.0735
36387,3868674.65813333
36388,3949209.26041111
36389,4694158.85446667
36390,4725886.99796666
36391,4281040.26697619
36392,4689356.24606667
36393,4023173.58792064
36394,3935046.68376667
36395,5179799.65466191
36396,3938945.79226667
36397,4319977.33893334
36398,4984816.28876666
36399,3812109.98987778
36400,4524966.6139
36401,4487638.92741667
36402,4088805.89757143
36403,4567126.50037778
36404,4150197.23836667
36405,4042897.13570952
36406,4287941.9336
36407,5074277.1362
36408,4446797.08122857
36409,3424886.63879524
36410,4169717.55166667
36411,4237988.57773333
36412,5440043.56423333
36413,3917709.29636667
36414,4761319.96473334
36415,4096452.73590952
36416,3975124.85963333
36417,4219504.88853095
36418,3585350.55945714
36419,4312106.068
36420,5056094.70923333
36421,4637597.8555
36422,3968329.59147778
36423,4839911.9478
36424,3776236.31954445
36425,5082713.72035
36426,3903581.11280635
36427,4679850.1654
36428,3407829.48886667
36429,4293671.68316667
36430,4495149.40604444
36431,4690535.7085
36432,4596861.78233333
36433,4616222.97523334
36434,5250528.36033333
36435,4782216.35073333
36436,5007933.89173334
36437,4505066.24223333
36438,5844377.11456667
36439,4862163.04696667
36440,4530347.4058
36441,3465519.58024444
36442,5129323.62403333
36443,3818668.96253333
36444,4177628.42143333
36445,4021614.54356191
36446,4661757.5811
36447,3777497.9483
36448,3523019.05590159
36449,4670498.66066667
36450,4422847.82939524
36451,3157022.59288095
36452,4125721.27127619
36453,3680528.34119524
36454,3918166.60214444
36455,3877364.15936667
36456,4285913.3693
36457,3824148.5441381
36458,4669868.01726667
36459,4383953.6856
36460,4737102.22556667
36461,4358633.99793333
36462,5658868.49113334
36463,3403866.1005873
36464,4925232.10713333
36465,3876730.85893333
36466,3882997.82886667
36467,4430946.35063333
36468,4996518.00608095
36469,3723451.23665397
36470,3372422.30873016
36471,4035787.07012063
36472,4392438.94126667
36473,4501127.0070873
36474,4363157.3564
36475,4046216.77606667
36476,5138143.66556667
36477,4662581.69404286
36478,4114760.9111
36479,4389475.668
36480,2925840.74514444
36481,3810605.46023333
36482,4712435.0403
36483,4688645.9011
36484,3638548.90423334
36485,4597131.18443333
36486,3858103.04093334
36487,4708924.69147778
36488,3425903.8319
36489,3496907.08299524
36490,3982869.41024286
36491,5624389.1679
36492,5316667.60886667
36493,5193475.41936667
36494,4697858.115
36495,5120378.42733333
36496,3948556.19076191
36497,4440472.28393333
36498,4892054.9014
36499,5014416.58125238
36500,4861262.3579
36501,3465022.74804444
36502,5205441.85373333
36503,3361576.89720953
36504,5048274.11733333
36505,3821052.14206667
36506,4157443.52451428
36507,4237050.87241429
36508,3789764.73831111
36509,4507184.40076667
36510,3335293.04206667
36511,4508107.02393333
36512,4176800.91790476
36513,3776191.87834286
36514,4458222.76905238
36515,2988299.46224286
36516,3796276.58993334
36517,4532782.93733333
36518,3897697.25621428
36519,5339371.45428572
36520,5094580.02471904
36521,5198126.54883333
36522,4362714.93936667
36523,3687402.76816667
36524,4884403.77933333
36525,4843362.74206667
36526,4529436.45823333
36527,3179165.87423968
36528,4212715.1757
36529,4103591.93473333
36530,4255975.02983334
36531,3887672.496
36532,4029107.16183334
36533,4472748.59904444
36534,3434000.43547619
36535,3666019.39133334
36536,4461563.6119
36537,3523537.13383333
36538,4015225.60726667
36539,4496067.43076667
36540,3224585.70383333
36541,4850244.98793333
36542,4904694.7384
36543,4328875.52733333
36544,4198943.30663333
36545,3746942.94233492
36546,4684899.5829
36547,4722649.37829524
36548,3820387.4082
36549,3777749.3610381
36550,5173762.15478572
36551,4320530.83904445
36552,3930543.72892857
36553,4617291.70053333
36554,3937140.90363333
36555,4836511.0125
36556,2971833.29022857
36557,3269702.04176667
36558,4275860.1921
36559,5003865.5262
36560,5379928.77136667
36561,4390986.14543333
36562,5653235.93033334
36563,5359605.58703334
36564,4803584.81033333
36565,3691808.48733334
36566,4460089.60596667
36567,4759084.9459
36568,5012439.49556667
36569,2295330.70620952
36570,3869607.52994762
36571,3599369.97927302
36572,5107607.01076667
36573,4062175.55251111
36574,4387877.5463
36575,4057762.11498095
36576,4462762.15966667
36577,4772210.50753334
36578,4312574.9825
36579,4761620.64663333
36580,3514862.70492381
36581,2861684.42743333
36582,4590922.30563333
36583,3345252.02766667
36584,4419142.42886667
36585,4067980.52816191
36586,3681030.70841667
36587,4126203.49296667
36588,4132851.72934444
36589,4457527.9227
36590,4547289.73487143
36591,4207549.48446667
36592,4391061.10993334
36593,4288364.3219
36594,2874128.27980953
36595,2937302.25212857
36596,4815662.02283333
36597,3660854.26136667
36598,4672291.1742
36599,4876223.1242
36600,4042103.49221111
36601,4003273.7409
36602,4727720.0746
36603,4132362.1276
36604,4543298.58603333
36605,3640525.55916667
36606,3702248.98266667
36607,4525495.88646666
36608,4762777.36473333
36609,4488162.08811111
36610,4085550.23460476
36611,4588076.96283333
36612,4497988.45091191
36613,4536509.19141429
36614,5391816.9902
36615,4832197.21753334
36616,4440370.64253333
36617,4180359.20846191
36618,4434223.5736
36619,4706044.70182857
36620,3578473.63536667
36621,4218192.90412381
36622,3891552.67091111
36623,3964765.6941
36624,5160157.60723333
36625,4780115.844
36626,4828263.30826667
36627,4521933.97813333
36628,4245001.00581587
36629,4076631.95026667
36630,5096128.99286667
36631,3744479.1660254
36632,3525007.94139683
36633,3842912.08266667
36634,4534830.9374
36635,3722233.3831
36636,4321970.9307
36637,2925840.74514444
36638,4473139.42894444
36639,3453320.7337619
36640,4751120.68173333
36641,5242947.48436667
36642,4961854.98393333
36643,4643137.73626667
36644,4256338.35685714
36645,4363740.28158571
36646,4618231.54144762
36647,4339089.13053333
36648,4305271.1624635
36649,4075978.37403333
36650,4598212.58993333
36651,4621162.01346349
36652,4202993.99404762
36653,3436312.33032064
36654,2854313.1448
36655,4820779.00083333
36656,5205872.51606667
36657,4623111.0841
36658,4776502.69553333
36659,4505037.1301
36660,3680366.3194
36661,4612338.46917143
36662,3350936.13940476
36663,2953412.49816667
36664,4307233.1346
36665,4681942.03223333
36666,4180594.08314286
36667,4161519.66965714
36668,5232301.187
36669,4135263.12503333
36670,3813741.59494286
36671,5168179.48845714
36672,3781943.88549524
36673,3884760.6206
36674,4266979.3246
36675,4515178.89003333
36676,4356647.8977
36677,4332726.54001111
36678,4764455.42136666
36679,3994790.34877778
36680,3620803.65790953
36681,4103593.42983333
36682,4356560.03720952
36683,4269230.921
36684,4598263.63206667
36685,4656166.95691904
36686,4551273.86373333
36687,4786727.54976667
36688,4450424.6
36689,5369510.28076666
36690,4857995.40316666
36691,4910256.16616667
36692,4340255.31603333
36693,4421556.38906667
36694,3261913.25428095
36695,5213581.0325
36696,4457700.8878
36697,5394774.4036
36698,4168711.69673333
36699,4273150.52143333
36700,4545000.966
36701,6021085.79936667
36702,3967128.6934492
36703,4346453.39677619
36704,4690486.3327
36705,4014697.91940953
36706,3096668.28283334
36707,4920800.70226667
36708,4048699.60426667
36709,4372854.11488333
36710,4496327.2404
36711,3337632.87086667
36712,4764813.8992
36713,2770064.60283334
36714,4536505.89173333
36715,4212522.16576667
36716,4643063.6709
36717,4464226.8445
36718,4780319.21783333
36719,4028952.06263334
36720,4329601.27196667
36721,4266337.7161
36722,4027678.70123334
36723,4294426.11537619
36724,3395564.27321111
36725,4975428.50353333
36726,4278072.76719206
36727,4326916.50250952
36728,3881386.2186
36729,3602616.53187619
36730,4783432.33491428
36731,3664594.23626667
36732,5309293.90163333
36733,3696510.38047778
36734,4661183.52556667
36735,4404883.56293333
36736,4246076.70946667
36737,4136051.21226667
36738,4201772.70753333
36739,5069697.00503334
36740,4689907.33946191
36741,4746673.4655
36742,4133369.06133492
36743,4417385.4067
36744,4529624.86683333
36745,4748067.73406667
36746,4271270.34456667
36747,4522908.70500953
36748,4839888.72773333
36749,2846124.22110953
36750,4666308.50553333
36751,5305278.65323333
36752,3564843.48308254
36753,4189296.96915397
36754,4206082.71316667
36755,4567693.53056667
36756,4149768.48298095
36757,4393623.5173
36758,4857265.52935
36759,4220848.52098572
36760,4130711.39636191
36761,5431508.76176667
36762,5166517.98443333
36763,4645383.7032
36764,4192455.56219524
36765,5470293.9925
36766,5682881.29493333
36767,4077875.85035238
36768,4729922.1261
36769,4440776.0589
36770,4323531.10103334
36771,3869194.64507778
36772,4943400.28353333
36773,5307655.43446667
36774,3215010.55020635
36775,3503032.78032857
36776,2492235.76130476
36777,4986316.8217
36778,4230379.26546667
36779,3759815.22187143
36780,3609128.93786667
36781,4703862.61733333
36782,4189045.7187
36783,4116908.90449524
36784,3771446.31183333
36785,4633655.0222
36786,4772577.71493333
36787,4929760.6743
36788,4051807.40060952
36789,4773347.8527
36790,3653936.38187619
36791,4039292.31081111
36792,3947552.8283
36793,3764626.66896667
36794,4531647.57212539
36795,4644246.2052
36796,4622571.64103333
36797,5385633.33993334
36798,5057847.34726667
36799,4286417.7723
36800,4269212.95599048
36801,5237155.57356666
36802,4060610.60109048
36803,4436818.97474445
36804,4628848.24806667
36805,5161044.73333333
36806,4126211.45356667
36807,3813535.0298381
36808,3396182.74053333
36809,4519021.40458333
36810,4141189.01146667
36811,3719158.26479683
36812,5019223.2723619
36813,4103299.06007778
36814,4279203.68416667
36815,2870396.33363333
36816,5085939.25601111
36817,4203041.60586667
36818,2908435.3728
36819,4557614.38282857
36820,4144377.23796667
36821,4022385.2317
36822,2882271.5431
36823,4197385.04903334
36824,4165406.2386
36825,4113017.11650952
36826,4331137.81346667
36827,4480792.2612381
36828,5571915.31866666
36829,3656843.19386667
36830,4123107.25341111
36831,4927590.5693
36832,4188328.52031111
36833,3978022.03200953
36834,4114492.94893333
36835,4494352.87365714
36836,4311599.45471111
36837,4437560.89531111
36838,4026590.27127778
36839,3888364.04243334
36840,4242000.40576667
36841,4198609.86306667
36842,4123850.22133334
36843,5068483.54403333
36844,3580426.91023334
36845,3580213.79503334
36846,4785347.4615
36847,4549002.47003333
36848,4243825.98901905
36849,3473535.84706667
36850,3776074.81677143
36851,4986041.26859524
36852,4371652.55156667
36853,4839175.61383333
36854,3248865.01861905
36855,4767151.31106667
36856,3701562.83416667
36857,4041142.58541429
36858,4311755.57723334
36859,4908536.81276191
36860,4227895.3167
36861,5047403.19028333
36862,2831781.3784
36863,4718763.73106667
36864,3864551.41142857
36865,4815547.75681111
36866,4018974.85653334
36867,4937758.67221904
36868,4301120.60371111
36869,5081093.78987778
36870,4261237.59747778
36871,4159997.12935397
36872,4240320.21007143
36873,4086500.91236666
36874,3933072.3815873
36875,4559038.60363333
36876,4250478.95123333
36877,3717194.28014762
36878,4776419.53269524
36879,3743417.59443333
36880,3957490.27614286
36881,4925369.65713333
36882,3551116.3686
36883,4060076.76406667
36884,4521474.60167143
36885,4763597.60763809
36886,4826158.23949524
36887,4495011.6267
36888,4076754.8814
36889,4913866.5217
36890,3701118.1248
36891,4859015.17166667
36892,4575436.7713
36893,3983003.72896191
36894,4292787.33506667
36895,4362844.66996666
36896,4523364.87761905
36897,3791163.86193333
36898,3955920.18968572
36899,4278729.89237619
36900,3699052.01991429
36901,4636435.1879
36902,4479716.69563333
36903,4555034.5576
36904,4737154.35782857
36905,4120063.52296667
36906,4890761.72743333
36907,3945829.8704
36908,4405839.9385
36909,3966787.3509619
36910,4178472.11323333
36911,4058300.0347
36912,4196134.17686667
36913,5008289.44706667
36914,4509525.70723333
36915,4269781.18826667
36916,4307089.21136667
36917,3890606.94373334
36918,4295613.3753
36919,3999366.9477
36920,5055333.07266667
36921,5143053.56786667
36922,4172181.7253
36923,4206952.20533333
36924,4649639.6839
36925,3839430.18483333
36926,4272339.81146667
36927,4475092.70266667
36928,4428297.30554444
36929,4869429.4946
36930,5276966.19711905
36931,4160324.54426667
36932,4424405.23323333
36933,4959907.66413333
36934,4211145.36303334
36935,5073345.3846
36936,3927186.76866667
36937,4795469.88233333
36938,5542452.81176667
36939,3023641.98416667
36940,4306150.6105
36941,4214972.68202857
36942,4256091.25373333
36943,4198209.66413333
36944,3581864.34056667
36945,3295542.24023333
36946,4558368.13879048
36947,4286541.10210635
36948,2871752.77634286
36949,4532076.12716349
36950,4105765.1348
36951,4532656.96686667
36952,4388536.55051111
36953,4428328.41306667
36954,3055466.41550953
36955,5201383.866
36956,4256748.54746667
36957,3391826.28803333
36958,4266742.58465714
36959,4030664.12781905
36960,4486034.50942381
36961,4112300.39850476
36962,3631886.0403
36963,3318254.70706667
36964,4312916.46230952
36965,3634869.02000476
36966,3773071.51093333
36967,4040396.22826667
36968,4729021.61653333
36969,5359867.45726667
36970,4528879.0593
36971,4285614.42863333
36972,5056510.06526667
36973,5391708.8524
36974,4619160.5066
36975,4656917.10969048
36976,4023503.49877778
36977,3825683.13313333
36978,4363166.16466666
36979,4858919.2341
36980,4863671.75326666
36981,5173743.72433333
36982,3497258.76199048
36983,4066191.97100952
36984,4345364.88403333
36985,4533028.07402857
36986,5830395.38213333
36987,4009219.9019
36988,5278792.69456191
36989,4492561.31866667
36990,4590547.859
36991,2925840.74514444
36992,4314615.66856667
36993,4620896.756
36994,3313355.49563333
36995,4844743.95672857
36996,3971385.29326667
36997,4634524.96893334
36998,4437120.96446666
36999,3707590.76714762
37000,6171407.73948571
37001,3630573.61000952
37002,5093575.6722
37003,2862124.59642381
37004,5015623.95629524
37005,4358770.75793333
37006,4398868.14421111
37007,3093831.0465381
37008,3002470.11559048
37009,3991876.94808572
37010,3855895.60307778
37011,2997043.35830476
37012,3459311.35179524
37013,3961251.13296667
37014,4759583.63946667
37015,3718336.87831111
37016,5047389.01243333
37017,4948780.94383333
37018,3106212.53411587
37019,4052699.67413333
37020,4245971.95723333
37021,4821915.76443333
37022,3749489.2637
37023,5275710.42536667
37024,3990146.84646667
37025,4909323.09683334
37026,3094532.4237
37027,4168927.63516667
37028,4512566.96016667
37029,5355442.83683333
37030,4678603.43062381
37031,4531016.09911111
37032,4507028.61111667
37033,3343736.78187143
37034,3757159.76619524
37035,4719736.7502
37036,4350578.6521
37037,4870119.23073333
37038,4075102.37835238
37039,4072582.84873334
37040,4384836.38296666
37041,3896076.70936667
37042,4685359.32013333
37043,4714557.55193334
37044,3969224.62753334
37045,3325744.23741111
37046,4973086.4382
37047,4165910.9013
37048,4204237.40323333
37049,3777831.16025397
37050,4822875.85243333
37051,4026918.0863
37052,3829556.68314445
37053,5718383.93148571
37054,4833447.1457
37055,4798412.34383333
37056,4243529.25183333
37057,4326130.72867143
37058,4377232.03663333
37059,4672295.10883333
37060,4585816.83196667
37061,4441195.50312857
37062,3923637.9657
37063,4839530.71373333
37064,3387888.33516191
37065,3858046.09973334
37066,3836828.26377302
37067,3326931.14796667
37068,4580050.24843333
37069,5704510.06495238
37070,4588835.926
37071,4796202.33416666
37072,4500751.28876667
37073,5086741.08793333
37074,4351637.41631905
37075,4170005.08156667
37076,3607987.25986667
37077,4698407.72807778
37078,3288144.15153809
37079,4803236.63006666
37080,3965703.39763333
37081,3440122.79536667
37082,4924611.2192
37083,4065964.64676667
37084,4366992.88883333
37085,4065216.40726667
37086,5088986.3429
37087,4355857.77443333
37088,4893370.6256
37089,3786628.13144286
37090,4070910.38423334
37091,3556732.77326667
37092,4369439.09421905
37093,2863679.66938095
37094,4716813.02756667
37095,2972837.90254286
37096,5085955.1705
37097,4109940.16564444
37098,4350400.3636
37099,5608352.41783333
37100,3780912.69451111
37101,4482002.80036667
37102,4221449.71262381
37103,4232237.65841905
37104,3380928.10501111
37105,4573969.27895714
37106,4654091.6631
37107,4915395.5891
37108,5036607.31586666
37109,4012097.53706667
37110,4160255.17065238
37111,3925326.352
37112,4700480.26656666
37113,3299213.81713334
37114,4668768.02766667
37115,4823782.80421587
37116,3801877.80324286
37117,3766338.34392381
37118,4507504.35431111
37119,4604871.18701905
37120,4332770.637
37121,4098031.72131429
37122,4473862.80856667
37123,4739796.98892857
37124,4964514.69153333
37125,4031009.67913333
37126,3730025.12666667
37127,4551689.84183333
37128,4600839.80803334
37129,4555570.67789524
37130,3410050.71685715
37131,4301593.10516667
37132,4732981.9727
37133,4459224.95507778
37134,4861381.61686666
37135,4646717.4758
37136,3747955.68976667
37137,4461783.20546667
37138,4854426.36423333
37139,4450575.98073334
37140,4607072.1629
37141,4045777.94723333
37142,2794509.3963381
37143,3478042.43253334
37144,4843547.73733333
37145,4592391.5985
37146,2568857.30607619
37147,4671182.0771
37148,4029999.4831
37149,4762308.02506667
37150,4690698.85675
37151,5220094.80823334
37152,4503079.0664
37153,3811326.37046667
37154,4691930.95213333
37155,4594935.8872
37156,4615390.7099
37157,4309471.4341
37158,5233576.81526667
37159,3720181.0868
37160,4583359.453
37161,4440796.94403333
37162,4825009.9182381
37163,3825751.66908571
37164,4411043.11456191
37165,4850880.34596667
37166,4891652.48553333
37167,5088107.4013
37168,3818968.66413333
37169,4370829.15767143
37170,4026035.9612
37171,4430168.57601111
37172,4486964.3613
37173,4054072.68204445
37174,4009072.11273334
37175,4411268.41313333
37176,5593541.90653334
37177,4448437.5468
37178,4760357.19043333
37179,4603820.84206667
37180,4321484.60836667
37181,4402041.58116667
37182,4855788.99023333
37183,3973852.9897
37184,3803325.60943333
37185,4895567.9814
37186,4821972.7582
37187,5312381.61953333
37188,5094488.79813334
37189,3790096.98053333
37190,4306919.61436667
37191,4368283.9104
37192,4274985.08626666
37193,4049409.19819524
37194,4535196.05386667
37195,3975110.92208095
37196,4851040.1726
37197,4238831.4966619
37198,4473131.74813333
37199,4796835.68196667
37200,3878468.19343333
37201,4834884.19397778
37202,5082670.24286667
37203,4373169.40843333
37204,4003761.5769254
37205,4791651.91743333
37206,4334543.13870159
37207,4799531.8951
37208,4574892.3714
37209,4674465.31296666
37210,4162395.80897143
37211,4212454.92243333
37212,3794378.32794444
37213,4482456.38101428
37214,4708730.26893333
37215,4367008.8039254
37216,3126251.8989873
37217,4380373.72582857
37218,4452440.0477
37219,4248319.54227143
37220,3831513.93947778
37221,4650947.73709524
37222,4474778.55697777
37223,4649237.9735
37224,4899381.48556667
37225,4346050.64896191
37226,3974691.3432
37227,2926987.32794286
37228,4222522.16896666
37229,3466387.14479524
37230,4631463.5443
37231,5259472.2079
37232,5118866.51906667
37233,4197692.54556666
37234,5027722.99333333
37235,3898707.78263334
37236,4904839.0243
37237,4179252.52720476
37238,3430282.89637619
37239,3729332.05983334
37240,4599429.5693
37241,4721027.02806667
37242,4542499.32423333
37243,5173767.34483333
37244,4721139.8507
37245,4237413.58263333
37246,4460141.28546667
37247,4070505.6109
37248,4582960.13453333
37249,3763259.60787143
37250,3327710.93171429
37251,4027898.55346349
37252,5770491.63833333
37253,5054572.59945714
37254,3675699.40392857
37255,4865529.56917778
37256,3297712.99523334
37257,4900407.69483333
37258,3839013.90772381
37259,5279293.36053333
37260,5234483.13126667
37261,4991887.5822
37262,4434557.4794
37263,4309899.75314445
37264,4357428.63614286
37265,4840132.93585238
37266,4899838.3557
37267,4365965.05826667
37268,4366989.68765238
37269,3882243.33104445
37270,4649932.99266667
37271,3434163.59981429
37272,4217927.83619524
37273,5413642.45426667
37274,3304457.75043334
37275,4048984.71476667
37276,5852525.2534
37277,4491183.1947
37278,4638020.47825238
37279,4059357.76603333
37280,4715639.62049524
37281,3107627.47842857
37282,3634875.68166667
37283,3786953.15907619
37284,4598912.31453333
37285,3295789.54114762
37286,4787343.88043809
37287,4124010.4396
37288,4420880.64026667
37289,4209569.17626666
37290,4136191.12193333
37291,3717697.3049
37292,4032138.7063381
37293,3986520.10613333
37294,4222241.44003333
37295,4614847.5011
37296,5109319.23763333
37297,4721274.87803333
37298,3826278.61268095
37299,4304968.85006667
37300,4428812.3005381
37301,4460439.8702
37302,4591787.38003334
37303,5004012.7853
37304,4635846.67416667
37305,4213982.04942857
37306,3450177.48001111
37307,3984354.06692381
37308,4527753.88535238
37309,3746197.61774445
37310,3926639.20207619
37311,2732325.15500476
37312,5087854.15643333
37313,4076572.56706191
37314,3977859.6429
37315,3853659.46531905
37316,4149988.28586667
37317,3982626.72293333
37318,4137957.24366667
37319,3765773.19927778
37320,3674213.2981
37321,4823715.42486667
37322,4675530.1104
37323,3738837.66826667
37324,4424438.66623333
37325,4738893.10476667
37326,2431097.41639683
37327,4481073.31356666
37328,5224641.27116667
37329,5503774.09933333
37330,4486534.68523333
37331,4750084.21673333
37332,4598489.3032619
37333,5112226.52593333
37334,4196322.46026667
37335,4586468.1136
37336,5264825.87296666
37337,3562835.00957619
37338,4173398.32677857
37339,4775830.7858
37340,4307721.1891
37341,4277154.98863334
37342,4627276.28283333
37343,4597273.64616667
37344,4631710.53399524
37345,3621595.33556667
37346,4183375.1031
37347,5038784.13623334
37348,4617370.92676666
37349,3825220.9741
37350,3885699.42891905
37351,3982875.4441
37352,3909978.10210953
37353,4706903.62143333
37354,4127674.32152381
37355,4824062.45066667
37356,2495200.78939683
37357,4556447.58824286
37358,4109907.38673968
37359,4988921.86413333
37360,3970900.57523333
37361,4923481.19936667
37362,3726398.86796191
37363,3646256.72556667
37364,4321292.17226667
37365,4056092.12958254
37366,3955360.16643333
37367,4014332.24083333
37368,4950162.23609999
37369,3888252.13946191
37370,4699867.17046666
37371,4346548.1206
37372,4446929.72576667
37373,3981807.4666
37374,3813388.69566667
37375,4621619.2774
37376,4948808.3138
37377,4275493.9053
37378,4467054.79896667
37379,4508736.68339524
37380,3586524.94627619
37381,5277378.76813333
37382,5122558.5583
37383,3651136.0040381
37384,4685292.0861
37385,5313122.2897
37386,4229322.78096667
37387,4998909.17966667
37388,2915877.82101111
37389,4759248.81233333
37390,4249720.4721
37391,4055901.8576
37392,3991766.9190254
37393,4626905.36653333
37394,3625769.50926667
37395,4184547.30266191
37396,4433778.8245
37397,4271737.78647302
37398,4495345.0006
37399,4243270.06852381
37400,5111768.35316667
37401,4016019.18895873
37402,5087927.5308
37403,4431397.31193333
37404,4162367.22994762
37405,4183711.22813333
37406,4673526.69073333
37407,4198408.4733
37408,3614780.72395873
37409,4041618.0773
37410,5203666.43676667
37411,5249383.59906666
37412,4467737.46343333
37413,4937228.35923333
37414,3551029.39260476
37415,5561684.24263333
37416,3009232.65044286
37417,4057807.62973333
37418,3992664.80396667
37419,3316215.3128
37420,4090153.1814
37421,4747589.43113333
37422,4487982.8298
37423,4753515.1322
37424,4597378.9067
37425,4079572.61536667
37426,4590793.84076667
37427,3219437.38033333
37428,3638049.42723334
37429,4018475.42980001
37430,5212729.15866666
37431,4077900.2648
37432,3264085.03403333
37433,4543499.45036667
37434,4379742.97553333
37435,3991949.3016
37436,5086911.10952857
37437,3175610.24801111
37438,3313918.12760952
37439,3694460.39283333
37440,3977177.23989524
37441,4051297.52451905
37442,3944080.21073334
37443,4915641.1424
37444,3930666.07257778
37445,4235580.30139524
37446,4104884.90123333
37447,4119505.0148
37448,4298267.26996667
37449,3842502.48201111
37450,3746614.16244286
37451,4060431.83476667
37452,4305037.98842857
37453,4821798.89536667
37454,4199379.44601111
37455,4410245.5187
37456,3928243.87956667
37457,4824981.64899524
37458,3603627.3950254
37459,4373753.71353333
37460,2726568.03305238
37461,4342676.20066667
37462,4460382.47823333
37463,4758334.99806667
37464,4170929.88316667
37465,4036203.7096
37466,5115420.71353333
37467,4164919.90726667
37468,4462733.97596667
37469,4698189.6939
37470,3197460.1506
37471,4360404.92786667
37472,4206606.80313333
37473,4269379.1815
37474,4725264.4715
37475,3840813.71296191
37476,4832024.74426667
37477,3790817.24453333
37478,4390793.83
37479,4544202.92203333
37480,4115267.84420952
37481,4160484.15106667
37482,4077583.6309
37483,4446750.53219524
37484,4323639.04864444
37485,4074886.5869
37486,5374424.33066667
37487,5412136.05776666
37488,3404835.49173333
37489,3141318.25503333
37490,4400324.96903333
37491,5130766.30646666
37492,4608363.66076667
37493,4467558.00583333
37494,3652707.85527778
37495,4628730.80843333
37496,4228606.23564286
37497,3878108.16523333
37498,6198343.33286667
37499,4374972.62608572
37500,4017714.87423333
37501,5039040.11939524
37502,4750748.92136667
37503,5249992.9515
37504,4669621.5735
37505,4683163.6796
37506,3084181.51134286
37507,4729541.4176
37508,4326221.59677143
37509,4073648.50986667
37510,4671931.21026667
37511,4834276.80916666
37512,4483370.4911
37513,4134471.7448
37514,4282520.26183333
37515,3995789.0238
37516,4617027.91686667
37517,5047960.26153016
37518,4113248.6403
37519,4495926.1494
37520,3973639.57806667
37521,5474057.5684
37522,4326008.94123333
37523,3954165.48165397
37524,4654646.5421
37525,4411417.33183333
37526,4912822.8808
37527,4943827.29356667
37528,4277789.0372
37529,4510021.3962
37530,3994768.06873333
37531,5330363.0214
37532,4574178.39656667
37533,4603084.46293333
37534,4919576.22918571
37535,3593015.9325
37536,2739834.6410254
37537,4353554.76709524
37538,4539754.7967
37539,4328407.6779
37540,3893983.73178095
37541,2776893.6848
37542,3926544.4672
37543,5077563.84196667
37544,5054745.92811904
37545,4279703.2792619
37546,4093139.24393334
37547,4045200.80019048
37548,3997683.98206667
37549,3630620.45032858
37550,4961583.9184
37551,5582152.8582
37552,3898627.37036667
37553,4775400.67738333
37554,4113832.24316667
37555,4183525.40766667
37556,4504465.75357143
37557,3580563.83066667
37558,4458195.85739524
37559,3281496.5087381
37560,4320162.39233334
37561,3805042.09651111
37562,4209820.00204444
37563,4313420.44673333
37564,3720732.34169207
37565,5641559.67553333
37566,4887119.35243333
37567,4430254.01233333
37568,2573432.97781111
37569,4243144.75566667
37570,4653611.67816667
37571,4891187.2188
37572,4355175.12463333
37573,4752067.47393333
37574,4040500.2594
37575,4148169.9963873
37576,4028004.41612857
37577,2913057.86463333
37578,3985853.1192
37579,3357696.3193381
37580,4221268.12743333
37581,3995121.13133334
37582,4660673.99073333
37583,2578945.90464286
37584,5050472.7225
37585,3593605.34333333
37586,3350116.04324286
37587,3794568.21286191
37588,3890879.43212381
37589,4331557.85663334
37590,4324800.42075238
37591,4296174.6784
37592,5242926.70666667
37593,3724657.19336667
37594,4023875.29403334
37595,4326756.1636
37596,2535297.27191429
37597,5042321.1062
37598,5281438.58383333
37599,4588317.57243333
37600,4137251.60203333
37601,5004820.73956667
37602,4877475.67703333
37603,4793550.297
37604,4775000.16756667
37605,4867132.363
37606,4511320.39983333
37607,3624431.83250952
37608,3411989.14965397
37609,3995939.69246667
37610,4919939.549
37611,5257947.7535
37612,4854538.4386
37613,4356458.2071
37614,3099003.08638095
37615,3768875.84664445
37616,4363425.15606667
37617,5046072.9149
37618,4948663.3992
37619,4671041.75796667
37620,4348757.54463333
37621,4201263.21936667
37622,4446643.47723333
37623,3192910.50355714
37624,5405312.7543
37625,3264361.05916667
37626,4849255.34806666
37627,4093613.209
37628,4676316.99006667
37629,3697021.17666667
37630,4113780.37353333
37631,3898517.14330953
37632,4254510.27703334
37633,3609941.54613968
37634,5022293.11696667
37635,4455729.52203333
37636,4193358.67257143
37637,4323290.8665
37638,4918450.00753334
37639,4472470.12601905
37640,5615997.3217
37641,4779049.37026667
37642,3666769.5326
37643,4659595.98097619
37644,4774214.6886
37645,4467188.37283333
37646,3404677.54953333
37647,5700542.2807
37648,4035190.76
37649,3862268.1701
37650,4721203.81503333
37651,4909587.23783333
37652,4643261.0198
37653,4150206.95276667
37654,3549470.98196667
37655,4002893.50834286
37656,4547565.17033333
37657,4631710.52375873
37658,4320530.83904445
37659,3778111.63229524
37660,4643343.49166667
37661,5527756.20268571
37662,4190574.99013333
37663,4719252.71106666
37664,4440563.5778
37665,4800734.4151
37666,4595964.21566666
37667,3557308.43517143
37668,4796835.62466667
37669,3916148.05226667
37670,4849049.9677
37671,3912424.00389524
37672,4794920.97077143
37673,4343377.46834762
37674,3541746.54967778
37675,4715142.8666
37676,3970370.89056667
37677,3628176.84146667
37678,5046187.3944
37679,4022573.76596667
37680,4509808.42063333
37681,3789307.17356667
37682,4690462.84223333
37683,4120606.20016667
37684,3808966.03203334
37685,4156692.48897778
37686,3632763.5532
37687,3832313.24021111
37688,4238873.90893334
37689,3681620.16573333
37690,4423083.79706666
37691,5342587.66063333
37692,4341265.7132
37693,3375123.16809524
37694,3993812.23813334
37695,4775485.118
37696,3900771.7360873
37697,3787503.08745714
37698,4483941.62096667
37699,3568545.97293333
37700,4102206.61236667
37701,4419261.02576667
37702,3918789.1541
37703,4179564.99126667
37704,4672553.39073334
37705,4625757.2479
37706,5806424.25003333
37707,3764344.64302857
37708,5118035.83416667
37709,3663131.87493333
37710,4582571.05893333
37711,4769486.6316
37712,4744316.0512
37713,3720008.87331429
37714,4247108.2796
37715,5052611.41
37716,4733637.0382
37717,4220532.4099
37718,3873848.6204
37719,4136987.43633334
37720,3351119.76361429
37721,3504302.32580953
37722,5608429.64776667
37723,3826030.4395
37724,3819912.20696667
37725,3895165.01966667
37726,4586322.3049
37727,4325501.18933333
37728,4785690.21876667
37729,4203360.07603334
37730,4756215.41663333
37731,4963415.67536666
37732,4514958.69053334
37733,3714913.71433334
37734,5165055.59716667
37735,4551337.86696667
37736,3262870.98625397
37737,3819409.24106191
37738,3858048.58716667
37739,4181757.5093
37740,4461154.69056667
37741,4821555.93443333
37742,4269181.24813333
37743,4741876.931
37744,4551560.81423333
37745,3820659.42576667
37746,3624788.8543
37747,3659956.73793334
37748,4850721.08857142
37749,4119421.8275
37750,3132215.07849048
37751,3702767.64910952
37752,3389954.53071429
37753,3480472.30465238
37754,4643540.15993333
37755,2554257.01311429
37756,4603164.40359524
37757,4297982.71742381
37758,4006458.0549
37759,5061122.17723333
37760,4714243.88556666
37761,4834672.15475238
37762,5148359.3219
37763,4449282.98596667
37764,5325681.02403333
37765,4440208.10423334
37766,4227476.37933333
37767,3833502.89291905
37768,4703239.63571429
37769,4478323.12000952
37770,3425683.2175873
37771,4283283.21960952
37772,4555989.7308
37773,4015520.55848254
37774,4391314.8514
37775,4309847.4993
37776,4271992.55666667
37777,3681370.05606667
37778,3630085.68843333
37779,5038459.0037
37780,4536411.5574
37781,5083957.60714762
37782,4846393.74203333
37783,4263326.76016667
37784,4629301.2554
37785,4709916.57103333
37786,4489802.70681587
37787,4565730.37156667
37788,4425661.5694
37789,4457954.13683334
37790,5752457.8412
37791,5228500.07426666
37792,3606382.91010953
37793,3554050.6565
37794,5496513.1868
37795,3777657.85060001
37796,4420797.90336667
37797,3977825.43415714
37798,5426112.3451
37799,5010328.1557
37800,4576667.6289
37801,4060171.73168571
37802,4805818.24626667
37803,4721177.0972
37804,4106087.82886191
37805,3018276.0032
37806,3877151.9207
37807,4497175.9476
37808,5073114.6104
37809,4331700.59463968
37810,4489828.92870476
37811,3911893.91643333
37812,4686499.4758
37813,4745440.98933333
37814,4534104.0003
37815,4209840.42293968
37816,4743434.4867
37817,3295386.81530476
37818,5457623.55413333
37819,3595273.04430635
37820,3539709.17732857
37821,3842314.93880953
37822,4193528.196
37823,4207701.31090953
37824,4490550.8935
37825,3534216.41464444
37826,4389623.49626667
37827,4178846.12105238
37828,3243801.30291429
37829,4235862.93806667
37830,4376909.24162381
37831,3533455.0029
37832,3757605.65414444
37833,5118539.16551905
37834,3883728.3485
37835,3661074.37419524
37836,3609338.3593381
37837,4525067.96063333
37838,4068991.98126667
37839,3840034.32032381
37840,4216605.03456667
37841,4303406.45323333
37842,4567977.05053333
37843,4654809.43696191
37844,3961427.2472
37845,4701584.88996666
37846,3880277.93103334
37847,3490777.87041111
37848,4270459.5402
37849,5395726.7569
37850,4103321.48209524
37851,4453511.20776667
37852,3723949.43582857
37853,4838339.8744
37854,3742850.32585397
37855,4135165.8512
37856,4687235.8301
37857,4622026.60676667
37858,3421882.54722381
37859,3305773.4551
37860,4021920.43313334
37861,4458726.51125
37862,4158008.34776667
37863,2905853.48136667
37864,3963885.82412381
37865,4266225.55846191
37866,4054078.02113333
37867,3583281.86712381
37868,3837682.86
37869,4649163.6514
37870,4746784.92011905
37871,4299808.53737619
37872,4960070.65293333
37873,5217699.1843
37874,4475963.0359
37875,4657660.73976666
37876,4375926.7596
37877,4844749.66812857
37878,4563513.59151111
37879,4290641.5443
37880,4415615.56866667
37881,4953578.22516667
37882,4730315.46011111
37883,4526990.43836666
37884,3751081.68073334
37885,4214331.67368095
37886,4889773.65813334
37887,3155562.13959206
37888,5341623.51963334
37889,4614318.88163333
37890,4086756.68178254
37891,4342416.7428
37892,4711278.23611111
37893,4052183.9361
37894,4793745.76463333
37895,3896309.55522857
37896,4802294.04893333
37897,3871194.7911
37898,4005122.92093333
37899,4165477.82352064
37900,5144290.5778
37901,3972194.95209524
37902,4118771.79096667
37903,4010098.64366667
37904,4204200.58373334
37905,4075827.7919381
37906,3712647.97516191
37907,4128861.11976667
37908,4310405.51599524
37909,4071401.3023
37910,4055473.39532857
37911,4782089.3376
37912,4028106.69463333
37913,4951516.43586667
37914,4495530.88683333
37915,4899071.04423333
37916,4939449.9392
37917,3396774.2006
37918,4179752.31806667
37919,4434309.40133333
37920,2871936.7116
37921,3754425.29316667
37922,4539499.585
37923,4615526.02523333
37924,4242116.18096667
37925,4988185.99216667
37926,4967655.7094
37927,4777653.04954444
37928,4466078.61605714
37929,3765730.58026667
37930,2834079.4059
37931,5251826.31296667
37932,5310283.3551
37933,5049200.3458
37934,4342641.2436
37935,3767972.30819524
37936,4388461.36059524
37937,4588569.35371429
37938,4311527.97422857
37939,3838046.45502381
37940,4548772.46034762
37941,3042330.18459048
37942,4474714.42183333
37943,4002340.75386667
37944,4556870.83743333
37945,3233688.32912064
37946,3169714.47997619
37947,4680240.99336667
37948,3834992.3096
37949,5464235.69926666
37950,4294760.72567619
37951,3916612.67361111
37952,4087850.25674286
37953,4231794.47803333
37954,5002210.53586667
37955,4523236.16281111
37956,4393876.59656667
37957,4194200.09031111
37958,4936709.27326667
37959,3642371.70541429
37960,4103908.38336667
37961,5280228.22686667
37962,3749916.22769524
37963,4170790.95313333
37964,4420739.52406667
37965,4222644.30867619
37966,4175168.25447777
37967,4597864.8717
37968,3278006.55639524
37969,3335604.6200619
37970,2630645.47104762
37971,4622755.9223
37972,4112753.62934762
37973,3627691.2417
37974,4032676.90845714
37975,4145711.59129524
37976,3680845.19513333
37977,5007072.1825
37978,3332902.4196
37979,3867605.44430476
37980,4744005.30343333
37981,4446424.55223334
37982,4309318.1382619
37983,3345832.16111111
37984,4545082.56516667
37985,4299808.2633
37986,4081689.5874
37987,4208159.7907
37988,4040890.7461
37989,3308833.89607778
37990,4566668.47453333
37991,4733318.98349524
37992,4079681.2285
37993,4267221.98206667
37994,4690892.38693333
37995,4559543.77686667
37996,4364778.36582381
37997,4879672.2557
37998,4308046.94693333
37999,3463282.5834381
38000,3950683.49516191
38001,4436193.7806
38002,3841770.85214762
38003,4555281.6944
38004,4872227.92229047
38005,4450690.7918
38006,4623483.4147
38007,4000655.0706
38008,3460909.00036667
38009,3934724.83503334
38010,3421078.86621429
38011,5251365.0467
38012,3431223.7248
38013,4512230.73526666
38014,4811541.9915
38015,4245008.44596667
38016,4555712.02246666
38017,3212526.11514445
38018,4586423.76243333
38019,5023115.81226667
38020,4021188.12423333
38021,4718449.51373333
38022,4661329.6608
38023,5218201.85113333
38024,5106287.01130952
38025,4926523.0401
38026,4466268.62443809
38027,3651860.24480952
38028,5073918.83006667
38029,3286626.87300952
38030,3442791.97166667
38031,3436312.33032064
38032,4744589.55336667
38033,4936008.12148571
38034,3591876.83299048
38035,4490164.24236667
38036,4871754.5537
38037,4893453.65812857
38038,4710757.87373333
38039,4791392.00623333
38040,4098814.68294444
38041,3520294.70329048
38042,3872797.15923334
38043,4578583.55293333
38044,4683248.56406667
38045,4501206.35603333
38046,5293480.48806667
38047,4429889.8337619
38048,4869074.2185
38049,4021561.38747778
38050,3339764.40956667
38051,3601378.82676191
38052,3704789.36163333
38053,5095304.41103333
38054,4043297.00323333
38055,3318187.37176667
38056,3164543.92316667
38057,4166007.43896667
38058,2750273.3248873
38059,3487041.1237
38060,4195718.89273333
38061,4072463.82402857
38062,3768449.07265714
38063,4318890.9049
38064,4706311.96343333
38065,5296496.2737
38066,4071401.3023
38067,4666547.66559524
38068,3631296.57277619
38069,4509091.03563333
38070,3736207.40679524
38071,5669049.34793334
38072,3797542.25263333
38073,4738246.1039
38074,4199808.24677619
38075,4873716.09718571
38076,3940838.05446191
38077,4972142.16506667
38078,4239782.24699048
38079,2331657.67557619
38080,3751343.00716667
38081,4247420.80226667
38082,4572980.91823333
38083,3421458.34512063
38084,3334841.56216667
38085,4451230.54863334
38086,4367008.8039254
38087,4559198.8273
38088,3074483.3604
38089,4341829.63346667
38090,4822200.51658333
38091,4147986.58112857
38092,5373155.51283333
38093,4762371.83576667
38094,3658462.4556
38095,4542330.0652
38096,4291634.32853333
38097,4122757.80203968
38098,3902188.57896191
38099,3969941.4268
38100,3846286.53917778
38101,4132192.79426191
38102,4660041.72076667
38103,4271394.8725
38104,4062541.76586667
38105,3761718.94853968
38106,5211345.3268
38107,3977859.6429
38108,4343439.44959524
38109,4414717.0189
38110,5050405.2262
38111,4949881.3217
38112,3467428.15582857
38113,4265438.1794
38114,4519518.16416191
38115,4581519.4913
38116,3839294.50836667
38117,5229619.45266667
38118,4387234.2536619
38119,5302885.2099
38120,4380612.53883333
38121,4006856.17083333
38122,4233329.34827778
38123,4072483.507
38124,3884439.76620635
38125,4209999.9392
38126,4487888.46839048
38127,4218060.214
38128,4925155.291
38129,4915066.86956667
38130,4493055.61746667
38131,2787429.66916349
38132,5226636.6473
38133,4102638.55533334
38134,4186596.73563333
38135,3895082.42209524
38136,4772152.16263333
38137,4552682.95276667
38138,4690252.66463333
38139,3734209.67176667
38140,4999482.1593
38141,3275834.06817619
38142,4215268.61306667
38143,4811132.07632381
38144,4419734.29284445
38145,4042455.43973334
38146,4645657.55136667
38147,4755294.27489524
38148,2585360.15767619
38149,3941333.83066667
38150,4307256.13696667
38151,3825579.5390873
38152,4985774.9091
38153,4524200.31383333
38154,4176750.73276667
38155,4176472.94696667
38156,3732469.18686667
38157,3255833.33317143
38158,4061703.8261
38159,3024459.4574
38160,4402415.47345714
38161,4063328.95843333
38162,4667855.92914444
38163,5752244.8533
38164,4096802.5666
38165,4157209.9626
38166,4665976.19506667
38167,4729382.75583333
38168,3897532.78256667
38169,5015931.1871
38170,4610048.368
38171,4077272.44236667
38172,3968406.62972381
38173,3944160.17616667
38174,3749498.84253333
38175,5080114.72234445
38176,4924736.86423333
38177,4536869.7946
38178,4334138.34173334
38179,4699364.60066667
38180,4984473.99456667
38181,4310643.00691905
38182,4463094.65407778
38183,4385948.41626667
38184,4270754.29853333
38185,3676073.52913333
38186,3647028.15736191
38187,3651422.78324921
38188,4894030.82783333
38189,3817053.23086667
38190,4410765.2041
38191,4176480.11506667
38192,4527257.22166667
38193,3221130.56280635
38194,4600148.2534
38195,4840533.31196667
38196,4797236.21212857
38197,4242052.6379
38198,3800295.73516667
38199,3981031.5226
38200,4657603.41056667
38201,4404598.92216667
38202,4992523.81413334
38203,4760249.27476666
38204,5122462.95023333
38205,4141671.07013333
38206,4698200.18782857
38207,4296275.3041
38208,3957678.78363968
38209,4210362.13856667
38210,3817228.4036
38211,4847471.725
38212,4120768.2948
38213,3912016.62851111
38214,5243827.6884
38215,4347260.75845714
38216,5226985.33583333
38217,4360307.3862
38218,4679980.60359048
38219,3689463.06816826
38220,4355303.029
38221,4645912.08766667
38222,4672249.12637619
38223,4741135.2596
38224,4327468.51359048
38225,3074336.85626191
38226,4294945.91693333
38227,4291200.26256666
38228,3551945.0614
38229,4458613.63664444
38230,3301018.39336667
38231,4363532.90556667
38232,3849764.89617778
38233,5007918.49516667
38234,4738386.89431905
38235,3954104.66643333
38236,5132951.32535238
38237,4727743.91647778
38238,4202682.26156667
38239,3793035.61747619
38240,4511197.72293333
38241,4512682.44391666
38242,5053654.93283333
38243,4811153.24363333
38244,4879107.42596666
38245,3763853.4277
38246,4486784.54053334
38247,3942918.40653333
38248,4391619.7782
38249,4515484.31456667
38250,3760514.33524286
38251,4737042.74246666
38252,4029503.68855873
38253,4853833.93186667
38254,4234490.6369
38255,4154719.75403333
38256,4470482.1163
38257,4277136.79503333
38258,4228899.0588
38259,5422115.17573334
38260,4273627.49077619
38261,4128929.26275238
38262,4301177.80016667
38263,2252407.55328571
38264,4154106.2721
38265,3745237.2682
38266,4894760.23686667
38267,5088715.53053334
38268,3904563.54983333
38269,3143041.22824286
38270,4162753.00322857
38271,4181198.031
38272,5253571.10886667
38273,4046404.60086667
38274,4893452.16246666
38275,4628788.31435238
38276,4628194.35496191
38277,4580308.54233333
38278,4162106.7965
38279,5084694.8617
38280,4003149.18406667
38281,3724532.76528095
38282,5070683.15803333
38283,4580979.3745
38284,5362372.94573333
38285,4169805.62853333
38286,4219281.57979286
38287,3357096.04164286
38288,4287293.41691667
38289,4690887.91436667
38290,4004542.58033334
38291,3550376.22882381
38292,4874922.46444285
38293,3936913.86534445
38294,4162241.95889524
38295,3038812.4655
38296,4293588.96151429
38297,4008882.84606826
38298,4432736.41134762
38299,3731783.72537619
38300,4804244.71596666
38301,4046343.04846191
38302,4596363.75946667
38303,4019027.70716667
38304,3288998.12252064
38305,2948152.33557619
38306,2762754.73746667
38307,4329453.2791
38308,3654356.85370953
38309,4453539.56771667
38310,4306199.75883333
38311,3635100.86443334
38312,3956842.74004444
38313,4438297.16779048
38314,4834124.70166667
38315,4647530.52896667
38316,4347026.123
38317,4245080.24636667
38318,4387800.504
38319,4428690.74066667
38320,4710281.54696666
38321,4210791.07603333
38322,3966693.01769524
38323,4178815.01933333
38324,4673352.85031111
38325,5455739.65607619
38326,5239668.58416667
38327,4905259.91246666
38328,4664478.52577777
38329,4436097.95216667
38330,5591034.87436667
38331,3671467.82056667
38332,4089329.0668
38333,4114033.87106667
38334,4829522.65506667
38335,4368584.1021
38336,2795452.45102857
38337,4008708.29773334
38338,4959226.36926667
38339,4705410.28246666
38340,4654467.08056667
38341,4644290.5845
38342,2559550.28424286
38343,3830311.93816667
38344,3887590.01821111
38345,4550878.5562
38346,5040934.77281905
38347,4722769.32336667
38348,4206887.23426667
38349,4467074.93896667
38350,4268514.03416667
38351,4122344.33536666
38352,3989407.43923333
38353,4429639.954
38354,4776678.3268
38355,3632802.265
38356,3933891.36274762
38357,4300808.71239206
38358,4398341.51483334
38359,4369025.38756667
38360,4618334.59833333
38361,4419144.7172619
38362,5242335.94586667
38363,4711151.73536667
38364,3829546.24236667
38365,4747340.40736667
38366,4463225.68256191
38367,4491386.87586667
38368,4644901.51400952
38369,3753766.03556667
38370,4776838.75356666
38371,4590684.68193334
38372,3646421.64630476
38373,4852148.74143333
38374,4546118.58869524
38375,3329029.70644286
38376,4800506.37302381
38377,4758685.9321
38378,4169458.65547778
38379,4368673.73596667
38380,4378430.06813333
38381,5043229.24833333
38382,4715985.49663334
38383,4986247.46533333
38384,3440854.08876667
38385,5173075.1012
38386,3997872.14332381
38387,4949912.70613809
38388,4279260.71952857
38389,4919709.44946666
38390,4059984.8384
38391,4545545.10781905
38392,4271441.64116667
38393,3085150.0668873
38394,4744119.57052857
38395,4252879.06323333
38396,3972986.58593333
38397,4759824.44790476
38398,3957637.57436667
38399,3815576.35453333
38400,5177318.9731
38401,4865050.91763334
38402,4689084.00463334
38403,5185161.7522
38404,4034798.91653334
38405,4129196.48363334
38406,3003114.93363333
38407,4490043.27213334
38408,5093672.16856667
38409,4557872.33753333
38410,3473205.38066667
38411,4428341.21106666
38412,4294335.07823333
38413,4787905.97114445
38414,4292717.83771429
38415,2759707.08196667
38416,4175007.79762381
38417,4463177.17156667
38418,3874905.84336667
38419,4154248.46481111
38420,5248080.86016667
38421,4159683.24923334
38422,5068923.76326667
38423,3735532.83854444
38424,4218267.7074
38425,4465334.33946667
38426,4536450.33551111
38427,3241810.33085397
38428,3780393.12343333
38429,3330693.51550953
38430,4188682.48456667
38431,4272780.96535238
38432,4087300.61093333
38433,4694396.23583333
38434,3682174.04396667
38435,4593682.71784286
38436,4191190.23523333
38437,4100917.66011905
38438,4950953.34196667
38439,4475984.00990476
38440,4480436.1022
38441,4293424.42483333
38442,4217615.86526667
38443,4921742.5132
38444,2656289.13577619
38445,4298795.58696667
38446,4048075.45633334
38447,4068679.55733333
38448,3652839.90200953
38449,4525720.20757778
38450,4536295.54583334
38451,3421384.47276191
38452,4099320.13477778
38453,4223151.26142381
38454,4928484.84206666
38455,4487645.75723333
38456,4589331.52707778
38457,5039636.4844
38458,4982185.85133333
38459,3712656.6529
38460,4948672.2424
38461,5287250.769
38462,4110707.94456667
38463,3798559.90923333
38464,3887491.9301254
38465,4332231.7489
38466,4262762.68375
38467,4514872.59441111
38468,3667293.75357778
38469,4008397.5223
38470,4245889.303
38471,3735682.833
38472,3379827.37166667
38473,4002259.47796191
38474,4444197.8181
38475,4877550.09
38476,4070503.52609524
38477,4290522.5757
38478,4908254.33593333
38479,4522828.83596667
38480,4420380.96716667
38481,3455030.03026667
38482,4266323.47787778
38483,4875916.16645238
38484,4357765.29551111
38485,4563099.49899048
38486,4239908.01413333
38487,2754063.30146667
38488,3329879.01507619
38489,4775164.71443334
38490,4750783.85066666
38491,4007396.7799
38492,3631610.47126191
38493,3695622.8208619
38494,5109486.69472857
38495,4886059.4515
38496,4007023.3709
38497,4595357.1637
38498,3828072.11086191
38499,4691096.7052
38500,2939711.64066349
38501,4164869.53715
38502,4134048.98953809
38503,4613718.26973333
38504,4451964.16532857
38505,4134154.27132381
38506,3790680.929
38507,4496818.1246
38508,4752507.73363333
38509,5781213.83896667
38510,4134584.59623334
38511,3291204.64556667
38512,4598978.03298572
38513,4582741.66103333
38514,4692998.0196
38515,4027812.45756667
38516,4463775.12818572
38517,4418983.63013333
38518,5023084.29696667
38519,4172996.5132
38520,3530757.54676191
38521,4795804.9948
38522,4051725.32486667
38523,4679648.85506667
38524,4670047.33366667
38525,2853161.60057778
38526,4511843.24463333
38527,4358646.37249524
38528,3725277.00116667
38529,4111522.95186667
38530,3093411.03797619
38531,4046284.34773333
38532,4565417.86156666
38533,4792399.0958
38534,4759318.54157302
38535,3949439.70743333
38536,4534079.34133333
38537,4410387.3176
38538,5491590.6231
38539,4770565.3498619
38540,3876969.04574444
38541,4378134.17536667
38542,3907267.42223333
38543,4791162.1711
38544,4116565.4371
38545,4358526.52866667
38546,5084719.21443333
38547,3469945.1091873
38548,2754346.06747619
38549,3773993.77131111
38550,5329475.5879
38551,4056110.90176667
38552,4348664.5758619
38553,5415850.77906667
38554,4129070.65446667
38555,4161860.5574
38556,3732441.77463333
38557,5102130.39266667
38558,3853828.3713
38559,4130584.91236667
38560,4301826.68133333
38561,4085220.46686667
38562,3985441.05833334
38563,3952210.8622
38564,5462014.36306667
38565,4264585.34717619
38566,4244065.1664
38567,3749296.23504286
38568,4782595.50746667
38569,3150688.39332381
38570,6364712.9391
38571,4061428.3421
38572,5398879.53693333
38573,4404469.67886667
38574,4406285.97556667
38575,4912244.70363333
38576,3584274.05398095
38577,4709757.39997619
38578,5192537.64363333
38579,4509362.22383333
38580,3660201.06353333
38581,4381481.89913333
38582,3971570.07583334
38583,4652633.55726667
38584,3776158.27266667
38585,3665885.8626
38586,3386069.74353333
38587,4502115.74963333
38588,4448290.66671905
38589,2765851.28927619
38590,4763995.68846667
38591,4417036.86253334
38592,4121667.55666667
38593,3273015.28977619
38594,4718954.86612857
38595,3510417.14043333
38596,4105173.8709
38597,4655597.04863333
38598,4523675.02531111
38599,3647087.26906191
38600,4001475.88601111
38601,4182038.7251
38602,4763408.60786667
38603,4572449.00523334
38604,4871701.00606667
38605,3762279.28116667
38606,4688135.13266667
38607,4435391.13496666
38608,4324264.2043
38609,3649774.85103334
38610,4614387.6014
38611,4933534.87304444
38612,4193710.0502
38613,3994789.68973333
38614,4922005.51093333
38615,4449354.40493333
38616,4334992.9034
38617,4643156.75413333
38618,4361800.8491
38619,4865931.36943334
38620,4792814.70266667
38621,4284427.37640952
38622,3778854.35915715
38623,4600162.03593333
38624,4626623.02126667
38625,3542296.88686666
38626,4174601.40366667
38627,4714966.32053333
38628,3971825.3476
38629,4955942.26387619
38630,3963810.692
38631,4232592.20562381
38632,4391240.84892381
38633,4224440.38203333
38634,4094733.19598571
38635,3683262.29203333
38636,4601986.06316667
38637,4167171.64353334
38638,4509525.70723333
38639,3606197.09733333
38640,4436848.29246667
38641,4285944.72173334
38642,4236972.73537619
38643,4365206.37473333
38644,4690452.13193333
38645,4468026.91916667
38646,5059136.93175714
38647,4219378.33946667
38648,4437191.88192381
38649,2937869.89406349
38650,4353802.76294286
38651,4735199.9942
38652,4918478.65966667
38653,4550957.5525
38654,4018908.75676667
38655,4807641.0996
38656,4713967.30443334
38657,4455739.08426667
38658,4919848.33593333
38659,4380421.6486
38660,3074240.58872857
38661,4981599.2377
38662,4378685.86309524
38663,5277870.594
38664,4307409.4416
38665,4388388.2401
38666,4410045.34686667
38667,4109967.5469
38668,4642289.49986667
38669,3958755.79526667
38670,4000537.52556667
38671,4138259.51439286
38672,3736576.82181429
38673,3848528.55303333
38674,6175179.45543333
38675,4281409.34075
38676,3568207.58533333
38677,4164133.25302857
38678,2561866.28484286
38679,3425564.09676667
38680,4074420.62416667
38681,3602424.98097778
38682,4182281.5801
38683,4154906.46433333
38684,4930190.02826666
38685,4792174.37006667
38686,4181045.5373
38687,4713448.0736
38688,4622331.98170476
38689,4143427.58026667
38690,4945030.6333
38691,5244179.7667619
38692,4007930.84846667
38693,4827282.11266666
38694,4536950.06537778
38695,4476868.61925238
38696,3679383.72963333
38697,4672023.9197
38698,4336007.53427778
38699,4407280.39226667
38700,4937364.40023333
38701,4672028.88913333
38702,3756202.84576667
38703,4523063.78283333
38704,4510099.08774445
38705,3503990.19496667
38706,4620272.55906667
38707,3067128.22922063
38708,4435911.9677
38709,3954752.04139524
38710,4368650.42912857
38711,4140565.32810476
38712,4220943.27130476
38713,4632913.15076667
38714,5069850.73973334
38715,3962107.23743334
38716,3002534.14244286
38717,4761218.3389
38718,3923953.6517
38719,3831111.86206667
38720,4842236.29356666
38721,4289704.25446666
38722,5103002.1195619
38723,4254596.25796667
38724,3102136.54014762
38725,4371782.62466667
38726,3993062.78573333
38727,4275940.17283333
38728,4296135.8483
38729,4401050.5766
38730,4288194.82416667
38731,4584160.64343333
38732,5019927.6342
38733,4245111.08902857
38734,4247036.94857778
38735,4624667.7815
38736,4448151.17003333
38737,5265953.24723333
38738,3661339.5222
38739,4619198.07946667
38740,3887593.42633333
38741,4689870.2518
38742,4413461.94145238
38743,3957423.32496667
38744,3208968.63706191
38745,4141584.07021429
38746,3972404.42357778
38747,3870244.47746667
38748,3703501.96303968
38749,5264950.5274
38750,5387497.8781
38751,5136554.18313333
38752,4871525.26735714
38753,4075430.43966667
38754,3621979.01178254
38755,4692060.83886667
38756,3486475.115
38757,4828838.93426191
38758,4495365.383
38759,4949344.19506667
38760,3788321.38254762
38761,4282056.67221111
38762,4782344.7494
38763,4098514.49253333
38764,5498428.7091
38765,4808928.6407
38766,5236896.37136666
38767,5178322.62716667
38768,4744194.88056667
38769,3897663.1871
38770,4829918.72633333
38771,4544805.3175
38772,4983467.9862
38773,3593276.02631905
38774,4418236.1176
38775,4218613.68116667
38776,4100007.53516667
38777,5399968.38876667
38778,3925755.55876825
38779,4074559.81443333
38780,4757770.3727
38781,4394163.53870952
38782,4426300.72896667
38783,5003738.25243333
38784,5266065.0933
38785,3833126.3172619
38786,5358403.6694
38787,4239235.44626666
38788,4304306.60976667
38789,4672419.20973333
38790,4919974.38426666
38791,5487534.2143
38792,4676597.30593333
38793,3963868.97136667
38794,4361318.69791111
38795,4087587.6747
38796,4641758.91859524
38797,4452926.06003333
38798,4578149.7811
38799,3465525.28449048
38800,4512022.14736667
38801,4490531.51125238
38802,4549407.64736667
38803,3143041.22824286
38804,4444368.02613333
38805,4683259.621
38806,5369934.64546666
38807,3814909.01626667
38808,4073983.06443333
38809,3742097.45233333
38810,4553368.05553333
38811,2409710.07071429
38812,3825992.20256667
38813,4807948.23053333
38814,4952801.05223333
38815,5465212.62726667
38816,4790755.08776666
38817,4481028.29766667
38818,4295542.37403333
38819,3706333.80556667
38820,3698985.48634286
38821,4843438.66083333
38822,4580552.75016666
38823,3662655.07431111
38824,3283857.4885
38825,4820021.6786
38826,3341671.99140159
38827,3769625.424
38828,4754043.0224
38829,4174718.78276667
38830,4718210.2825
38831,4427296.63523333
38832,4274603.19
38833,4055043.37856667
38834,3842098.46934762
38835,4192518.73332857
38836,4527832.81657619
38837,5203256.64383333
38838,4903053.02773333
38839,4945466.92543333
38840,5110965.577
38841,4939837.74616667
38842,4042904.74613333
38843,4140442.0114
38844,4575602.74856667
38845,3927024.10407778
38846,4795826.833
38847,4759904.66466667
38848,4196205.07363334
38849,4505368.92053333
38850,4060993.81666667
38851,4094478.5713
38852,4051360.65203334
38853,4076983.85853333
38854,4387974.9532
38855,3962980.35707778
38856,4509723.45956666
38857,4007368.0211
38858,4622747.03266667
38859,4200167.56983333
38860,4977119.0232
38861,4749965.03766667
38862,4053250.48543333
38863,3279199.1339
38864,4035579.7139381
38865,4469048.1333
38866,4765128.09433333
38867,4304816.42663333
38868,3068653.8246
38869,4102004.94836667
38870,4681973.40103333
38871,3502723.77001905
38872,4689243.76753333
38873,4533304.8569
38874,4171222.60473333
38875,4517975.65503333
38876,4978084.73926667
38877,4872683.81736667
38878,5371671.7027
38879,3111227.11926667
38880,4121895.31045714
38881,4536120.05746667
38882,3255452.54373333
38883,4646901.5265
38884,4877765.78413333
38885,3947887.83754762
38886,3399007.10366349
38887,4147206.29773333
38888,2840043.54439524
38889,4818357.74686667
38890,4170243.68091111
38891,3969632.4138
38892,4332599.34933333
38893,3408034.81024286
38894,4157622.98506666
38895,5140289.50723333
38896,4482474.33155238
38897,4831016.85673334
38898,4232453.27305714
38899,5084763.5855619
38900,3992732.54093333
38901,3929984.36553016
38902,3853188.88279524
38903,5504835.41736667
38904,4290781.89539524
38905,3348471.50066667
38906,4221365.665
38907,5077190.6381
38908,4145191.41197143
38909,3774620.05567778
38910,3580612.2912
38911,4653990.9061
38912,4349670.4954
38913,4446682.8372
38914,4310072.71506667
38915,4817132.43643333
38916,4483377.56902857
38917,3256161.05021111
38918,4046871.36779524
38919,4292656.1785
38920,4062827.41866667
38921,4314219.1368
38922,4627022.0926
38923,5387160.80251904
38924,4597565.9752
38925,3700723.77225238
38926,3951072.71426667
38927,4514651.3588
38928,4836226.17486667
38929,3953488.22616667
38930,3749681.51510476
38931,3990456.42306666
38932,4484510.39556666
38933,3535046.64017778
38934,4148850.5137
38935,3850860.80743333
38936,4539515.1563
38937,4475689.29766667
38938,4969734.08336666
38939,5003054.3025
38940,4311077.46386667
38941,4447222.88916667
38942,3158408.18643016
38943,4711824.29747143
38944,3860563.4736
38945,3167897.20053333
38946,5290959.21726667
38947,3715666.08166667
38948,2911741.63556667
38949,4641197.59753333
38950,4527458.9558
38951,3349629.62903333
38952,3647280.7575381
38953,3687280.22195714
38954,3450981.8828381
38955,4368756.18264445
38956,4723031.0122
38957,4383597.0882
38958,4088881.39016667
38959,3402800.14270476
38960,3890786.5643
38961,3881182.4984
38962,3361986.32769524
38963,4232843.98756667
38964,4738902.30803333
38965,4707784.48696666
38966,5107689.55241904
38967,3823142.11124286
38968,2589840.94624286
38969,4023787.32474286
38970,5298061.9503
38971,4240366.27786667
38972,4528530.14553333
38973,3257251.32693333
38974,5032630.02223333
38975,4643402.32452857
38976,3714784.83284444
38977,5199678.43973333
38978,4728607.57653333
38979,4002508.49990001
38980,5891995.8359
38981,4516582.79402857
38982,4667267.9849
38983,4754903.05193333
38984,4363822.92636667
38985,4728565.31654444
38986,4102836.77816667
38987,3947990.16753333
38988,4970260.40151905
38989,4149800.08036667
38990,5105777.49263333
38991,4014824.9243
38992,5167392.04196667
38993,4699666.81929524
38994,3926354.2517
38995,4433483.31266667
38996,4687265.89293333
38997,4737433.35653333
38998,3485144.41234285
38999,4039308.1175
39000,4075507.63324445
39001,4534552.9117
39002,3702550.11425714
39003,3900513.32853334
39004,4719835.3657
39005,4924556.97216666
39006,4861791.99283333
39007,4151769.38571111
39008,3945947.73452381
39009,3989416.36396667
39010,4474494.63506666
39011,3858841.5607
39012,4477951.5712
39013,4788817.29543333
39014,4021176.19432064
39015,4478785.85266667
39016,4858401.05316666
39017,4411980.11566667
39018,4770026.2604
39019,3216529.4669
39020,5161474.56766666
39021,4842482.63697778
39022,4248367.09253334
39023,4136339.73503333
39024,4655846.7326
39025,4342006.8556
39026,3376433.05438095
39027,4046654.653
39028,5079042.38253333
39029,3747117.76143334
39030,3988995.09113334
39031,4802263.9015
39032,4767541.85080476
39033,4002451.01369524
39034,4181716.35856667
39035,3803570.48576667
39036,3749726.61364445
39037,4474285.21986667
39038,4169821.43929048
39039,4135426.18415397
39040,4312922.78503809
39041,5022775.35186667
39042,3668475.43945873
39043,4679440.66246667
39044,4628048.45737619
39045,2963586.08084921
39046,5174375.74996667
39047,5088674.2383
39048,2911749.66252381
39049,4997062.7259
39050,5437343.51756667
39051,4970430.5378
39052,3358317.31012857
39053,3905838.98181905
39054,4182534.562
39055,4184836.20723334
39056,3725353.33556667
39057,4567356.15516667
39058,4847958.21833333
39059,3986975.86416667
39060,4370825.7709
39061,4303458.74073333
39062,4727516.7417
39063,4626377.0624
39064,5028576.08120953
39065,3982132.236
39066,4346719.29133333
39067,4809139.13756667
39068,4405914.97003333
39069,5254033.0136
39070,3943666.57311428
39071,5109483.56150001
39072,4751244.44473333
39073,4956114.46753333
39074,4789829.50236666
39075,4342826.25152857
39076,5107216.54303334
39077,2617264.90397619
39078,3046127.06463809
39079,4061770.58643333
39080,4739307.90736667
39081,3984401.34539048
39082,4006411.70323333
39083,4248183.8404
39084,4958416.67123334
39085,5001036.06606667
39086,4258587.65582381
39087,3427233.98774286
39088,5327897.64726666
39089,5014130.43073333
39090,4770176.8918
39091,4469767.9502
39092,4189891.80754285
39093,4309941.78303334
39094,4764590.63006666
39095,4068008.73773334
39096,4313692.33333334
39097,5846526.08816666
39098,5366893.89026667
39099,4028004.41612857
39100,3940770.80453333
39101,4239264.3766
39102,4370011.62803333
39103,5059866.01796667
39104,4457582.9509
39105,4870993.56325238
39106,3074046.52396667
39107,4736636.59743333
39108,4019228.33839524
39109,4067963.29607778
39110,4185449.2908619
39111,4156045.85736667
39112,5186311.32153333
39113,4254309.5736
39114,5079587.64923333
39115,4428665.08633333
39116,4928383.87993333
39117,4365136.66736666
39118,4096230.9484619
39119,4338864.7486
39120,3099249.09983333
39121,3816785.81753333
39122,3677005.04724762
39123,4033543.73353334
39124,4432675.6251
39125,4520045.39633333
39126,4261550.02247619
39127,4398760.1879619
39128,4166846.7942
39129,4475319.0229
39130,4810151.4862
39131,4061283.45503334
39132,3867021.25169683
39133,4350072.27324444
39134,4901310.48573333
39135,3671467.82056667
39136,3162134.71776667
39137,5294108.95445238
39138,4786312.66306667
39139,4747250.56496667
39140,4665266.29746667
39141,4296676.0375
39142,4333177.61286667
39143,3797558.68943333
39144,4304259.53655714
39145,4856892.86871111
39146,4865960.0236
39147,3935173.91513333
39148,3623193.35186667
39149,3382140.65433333
39150,4116468.26181111
39151,4920304.8888619
39152,4543831.29501587
39153,3145654.9527873
39154,4509883.87978571
39155,4484315.28827778
39156,4614239.5459
39157,4160504.96296667
39158,3278075.80764445
39159,4283250.71806666
39160,4500591.10906667
39161,4895155.06666667
39162,4688145.27190476
39163,4759339.8739
39164,4459286.72807143
39165,4705032.69106666
39166,4297737.90160952
39167,4168819.0516
39168,5452290.63346667
39169,3704183.1804
39170,4495322.65916666
39171,4633425.08147302
39172,3247331.30285238
39173,3926001.75444445
39174,4561221.98655714
39175,4417164.58936667
39176,4033652.42796667
39177,4027498.65603334
39178,4757704.44766667
39179,4451296.68286667
39180,5087844.33753333
39181,3880662.23112778
39182,4070535.19746667
39183,4060287.75993333
39184,3541761.35377778
39185,4377436.74983333
39186,2351821.31620952
39187,3778250.1332
39188,4086524.0481
39189,5361541.9728
39190,3621336.39757619
39191,4300330.05113333
39192,3550064.90541429
39193,4484709.02163333
39194,4459403.67763333
39195,2607794.50546825
39196,4141065.23687778
39197,4274810.5111
39198,4009483.61526667
39199,4875171.78873334
39200,5023417.39485
39201,3850786.39631111
39202,4607858.25396666
39203,2724429.9487
39204,4733433.58286666
39205,4833571.09193333
39206,2866512.47093333
39207,3753447.55591111
39208,4159172.71356667
39209,4124659.5567
39210,3996494.0703
39211,4525924.40626667
39212,3975228.75013334
39213,4463706.3317
39214,5723847.83796667
39215,3773708.40891111
39216,4077521.65033333
39217,3802827.3013
39218,3885558.35556667
39219,3362681.69880635
39220,4977521.23169524
39221,4133075.34416667
39222,4580612.49093333
39223,3664667.99486667
39224,5053804.70536667
39225,4223654.56446667
39226,3722037.79013334
39227,4832860.43616667
39228,4084466.55663968
39229,3481101.62040476
39230,4476611.64206666
39231,5279052.35815238
39232,5116475.71966667
39233,4662688.22093333
39234,4678889.72403333
39235,3790753.56757778
39236,2995626.00890476
39237,4215316.70163333
39238,4580892.28752857
39239,4346149.3964
39240,3771015.22163334
39241,4575677.78726667
39242,3876694.3897
39243,4631856.78726667
39244,4340097.69433333
39245,4843685.08365238
39246,3971275.87763333
39247,5641193.48413333
39248,4073222.3683381
39249,4120271.55726667
39250,4510142.74846667
39251,4202951.38333333
39252,4539092.2414
39253,4070994.11283334
39254,4526003.70436667
39255,4320023.50932857
39256,4720788.5065
39257,3156866.49854286
39258,4649329.23563333
39259,4608511.40013333
39260,4499033.17244444
39261,4412663.672
39262,3656513.79391587
39263,4220605.1917
39264,5776257.96196667
39265,4472950.55026667
39266,3742320.8198
39267,4082480.7824
39268,4208481.57733333
39269,3201072.7979381
39270,4426383.6825
39271,5207392.5016
39272,4520826.60041111
39273,5119123.75168571
39274,5191326.9646
39275,5600983.64486667
39276,4987298.54596667
39277,3173742.3639
39278,4108516.29986667
39279,4222596.87976667
39280,3722991.14436667
39281,3908752.4625
39282,4498849.78176667
39283,5083125.24556667
39284,4586509.33913333
39285,5255383.75816667
39286,4329359.9437
39287,3747611.70906667
39288,5547641.39313333
39289,4147803.41593333
39290,4896791.29013333
39291,4867571.80956667
39292,3146851.39470476
39293,3580382.2333
39294,4770134.68903333
39295,3132574.65103333
39296,5059292.54753333
39297,4043778.7576
39298,5305558.0633
39299,3161314.54770476
39300,4598962.92214286
39301,4517924.78673333
39302,4270392.80303333
39303,4035488.48638254
39304,4821526.07753333
39305,4547161.49856667
39306,3002302.99097778
39307,3660349.17573333
39308,3930870.90873333
39309,4994982.65173334
39310,4780578.15556667
39311,4124840.9388
39312,4312188.17303333
39313,4186099.6322
39314,3154165.78243334
39315,4191844.5368
39316,4806547.2136
39317,4301585.30965714
39318,4482464.58743333
39319,3942510.63892063
39320,4542561.2605
39321,4913444.33799048
39322,4828760.8634
39323,3530510.7577
39324,4464437.37513333
39325,4349302.43926667
39326,4998490.72756667
39327,5189428.59693333
39328,3836068.42025397
39329,4002190.45072857
39330,4029285.05756667
39331,4226119.5457
39332,4485869.58356666
39333,4647274.47182857
39334,4555311.6795
39335,4818859.3145
39336,3604200.29813334
39337,4686778.5297
39338,4945479.6655
39339,4392770.20093334
39340,4796956.01316667
39341,5373829.50736349
39342,3388323.9539
39343,4021589.49205873
39344,4840928.15426667
39345,4747099.43937778
39346,4394942.1277
39347,3596048.05234286
39348,4436060.9092
39349,4149260.01639048
39350,4546031.15504444
39351,4171753.9543381
39352,4646175.4559
39353,4733013.9027
39354,4933186.199
39355,4339837.9876
39356,4801122.4419
39357,4421980.00963334
39358,3791711.41243333
39359,2959059.24599048
39360,4203167.91416667
39361,4109714.76283333
39362,4484810.58226666
39363,4725024.0281619
39364,3474880.31376667
39365,4040174.12773333
39366,4121387.76406666
39367,3580428.83859683
39368,4817180.10863333
39369,4233676.2257
39370,2711731.36540953
39371,3442238.85186191
39372,3835140.7419873
39373,4685954.82886667
39374,3496103.17570476
39375,5082956.68523333
39376,4160255.17065238
39377,4844566.08713334
39378,4951543.86529524
39379,2881865.15381111
39380,4748216.10046667
39381,3886582.90126667
39382,4223654.56446667
39383,4345735.08396667
39384,4765355.50243333
39385,4747376.30105238
39386,5028267.83746667
39387,4032471.2023
39388,5352426.01943333
39389,3808502.2704
39390,4598197.20378571
39391,3732466.45732063
39392,4511506.4570619
39393,4345910.03393333
39394,4614438.05263333
39395,3932268.66316667
39396,4232726.84
39397,4296687.37763333
39398,3265121.72983334
39399,5050034.08841111
39400,4920459.0855
39401,4028004.41612857
39402,5132082.95866667
39403,4499507.03576667
39404,3260921.91056667
39405,4230683.51513333
39406,3515927.75592064
39407,3760908.6593
39408,4666411.67683333
39409,4799210.9155119
39410,3768545.34903334
39411,3390984.9226873
39412,3158890.44147619
39413,4289642.52128254
39414,4141233.96092857
39415,5451457.0137
39416,4278329.92283333
39417,5238114.24456667
39418,3300527.77558095
39419,3808384.83376667
39420,3877310.7463
39421,4006854.9057
39422,3781318.80929524
39423,3429300.47377778
39424,4145697.97084444
39425,3969213.30170476
39426,4362845.47993333
39427,3070600.6892873
39428,5205106.29316667
39429,4134206.63473809
39430,5041644.78056666
39431,3972143.85314445
39432,4121881.2242
39433,3326966.36166667
39434,4557601.27553333
39435,4822638.44819999
39436,3897164.4929
39437,4884536.86588571
39438,4696578.1121
39439,3747872.35779524
39440,4342063.96306667
39441,4147729.5385
39442,4634736.3502
39443,4263284.91826667
39444,4388853.33686667
39445,4076934.90906667
39446,4316526.91828333
39447,5096055.4733
39448,4428538.99106666
39449,4022213.70789524
39450,5061306.60763333
39451,4551091.54094444
39452,5073516.27083333
39453,2765643.81093333
39454,4878163.35496667
39455,4241482.57011111
39456,4669650.16868572
39457,3771446.31183333
39458,4808192.35413333
39459,4245351.1739
39460,4184064.4011
39461,3948021.51086667
39462,4148991.0545
39463,2496825.153
39464,4701745.50006667
39465,3893599.55444286
39466,3938948.36886667
39467,2755099.84259048
39468,4107243.09586667
39469,5448483.55956666
39470,4980277.58714444
39471,4428965.72263333
39472,4119580.65896666
39473,4648414.58216667
39474,4452682.79486667
39475,4643119.8676
39476,4346253.10623333
39477,4924128.7955
39478,3952949.22743333
39479,3686119.49809524
39480,5187191.70476667
39481,3209219.6949254
39482,3586868.64306667
39483,4841144.52463333
39484,4436171.13656667
39485,5035465.3697
39486,3515029.68313809
39487,5231221.54541905
39488,3430582.8501
39489,2723951.18053016
39490,4583462.1157
39491,4663707.5849
39492,4277294.21866667
39493,4570369.9676
39494,4168171.16856667
39495,4861327.97313333
39496,3500914.12403492
39497,4220002.47117778
39498,3415419.93252381
39499,4189868.59160952
39500,4095130.88944445
39501,4158657.95646667
39502,4547198.78851905
39503,5115335.28136667
39504,5114677.4341
39505,3689569.74514286
39506,5004782.13352381
39507,3425674.00886667
39508,5189256.5126
39509,4732430.56846667
39510,4055270.0471
39511,4442128.11438572
39512,4943037.071
39513,4423332.95553333
39514,4670165.1716
39515,2780944.6842
39516,4357752.037
39517,4412918.47413333
39518,4811346.9740619
39519,4874938.387
39520,5290666.682
39521,3764550.73726667
39522,4194684.62375238
39523,4241850.99275238
39524,4192320.02806667
39525,3673871.44152857
39526,5953184.8764
39527,4915802.75936666
39528,4404956.1853
39529,4780162.60723333
39530,4365358.34113333
39531,3983854.34376667
39532,4161757.29133334
39533,4061580.25373334
39534,4363022.69813333
39535,4524266.53554286
39536,4411946.13933333
39537,4390551.55986667
39538,4387306.00253333
39539,4796807.0205
39540,4119236.6817
39541,4637982.53501905
39542,4240228.20833333
39543,4704099.1
39544,4151516.5727
39545,5492389.64026666
39546,3167799.79512857
39547,4785467.26693333
39548,4132859.64741429
39549,5085822.3012
39550,4030296.64066667
39551,4148408.18966667
39552,4502861.9516
39553,4814337.91443333
39554,4029332.4792
39555,4157992.4822
39556,4719445.36736667
39557,4402272.3633
39558,4808215.1975
39559,4038180.08203333
39560,5045451.82393333
39561,4880930.87573333
39562,4626623.02126667
39563,4818510.19643333
39564,3876467.85750476
39565,4091793.1883
39566,5096716.51487778
39567,3188959.68676667
39568,4692371.7424
39569,4233515.9117
39570,5653146.10233333
39571,4967191.6262
39572,3632671.0167
39573,3510974.47884286
39574,3863630.34366191
39575,5016927.4085
39576,4288961.34843334
39577,4245306.70526191
39578,3993161.57296667
39579,4208592.0446
39580,4562149.11156667
39581,4005944.73293333
39582,4757377.39186667
39583,4295485.27155238
39584,5424045.9193
39585,4406233.677
39586,3781532.92517143
39587,4138319.09493333
39588,6352438.03876666
39589,3683621.30733333
39590,4001013.3375
39591,4813394.54213333
39592,2764901.36763333
39593,4851436.1931
39594,2950155.3862873
39595,3855528.28474286
39596,3734768.6723381
39597,5108095.85863333
39598,4453511.20776667
39599,4187504.8974
39600,5608760.57573333
39601,5535643.3459
39602,3704170.46886667
39603,4451972.72343333
39604,5033999.7853
39605,4453631.11404762
39606,4277472.9747
39607,4780806.90033333
39608,4973498.9106
39609,4448743.01973333
39610,4705289.95673333
39611,4126267.39490476
39612,4936004.24973333
39613,4935674.45846666
39614,4966367.40263333
39615,4134537.14790476
39616,3985601.97055238
39617,4094377.84356667
39618,4795836.01573333
39619,5547902.28968571
39620,3999510.93983334
39621,4318843.7571
39622,4762001.32386666
39623,3501618.87125714
39624,5477018.21543333
39625,5709341.35713333
39626,4782319.98892857
39627,4305961.67391111
39628,4820699.83366666
39629,4156196.3544
39630,3161395.3739
39631,3572239.23662381
39632,4425520.39781428
39633,4438938.33781905
39634,3791205.38691905
39635,4714528.93089999
39636,4007945.2149
39637,5046700.33300952
39638,4624639.3529
39639,4463419.30452857
39640,3940529.0142
39641,5487375.42493333
39642,3197129.12018095
39643,2667512.2421
39644,4451648.2136
39645,4341626.05242381
39646,4239148.4808
39647,3481019.05761111
39648,5013279.42786667
39649,4493863.83841905
39650,4648310.27383334
39651,4294469.05343333
39652,4676180.47533333
39653,4463349.43546666
39654,3820197.5858
39655,5006875.04633333
39656,5429072.937
39657,4505588.67013333
39658,4077494.17176667
39659,4272115.53014444
39660,3860656.57991111
39661,3691596.14743016
39662,4457739.5304
39663,3799646.878
39664,3666769.5326
39665,3520157.70773333
39666,4755982.07303333
39667,4401444.66956666
39668,4943657.4385
39669,3498703.93194445
39670,3495627.6829
39671,4241254.59132857
39672,4076270.0026
39673,5139079.02653333
39674,3291379.14553333
39675,3515789.22177778
39676,4594135.90586667
39677,4311841.55074286
39678,4510899.59186191
39679,4092541.50203333
39680,4269909.42096191
39681,5362736.17566667
39682,3926182.79569048
39683,4584047.34776667
39684,3828029.7396
39685,4380580.94036667
39686,5395655.02456666
39687,4726064.4269
39688,5141953.62916667
39689,4306213.49632857
39690,3880285.33444444
39691,4907644.59456666
39692,3994753.65185238
39693,4087420.74706667
39694,4884273.23776666
39695,4217996.2821
39696,4923879.69461905
39697,5144846.7349
39698,4724627.03413333
39699,5722328.72873333
39700,4403755.62366667
39701,4497593.55402857
39702,4670748.64121667
39703,4819964.24016667
39704,4105460.68389047
39705,4778140.02776666
39706,4281284.28246667
39707,4223654.56446667
39708,3742959.59572063
39709,4232823.9429
39710,4458619.09083333
39711,4015608.9918
39712,3853337.64846667
39713,4810588.84286667
39714,4427542.2155
39715,3790193.63316667
39716,4281650.8786
39717,4700320.0464
39718,3014710.2944873
39719,3663972.57666667
39720,4587525.31296667
39721,4697413.14223333
39722,4134991.15963809
39723,5196443.84333333
39724,2787605.93344286
39725,3820122.19373333
39726,4774127.0724
39727,4355592.9166
39728,4716455.8418
39729,3823466.85073333
39730,4320056.25733333
39731,4405681.85877778
39732,4345629.79546667
39733,3316683.73056191
39734,3465110.33352857
39735,4381369.40666666
39736,5004292.4684
39737,4470745.0116
39738,4252364.30159524
39739,3364053.9106
39740,4069648.24233333
39741,4845883.03752381
39742,5042767.18406666
39743,4478445.74158095
39744,4561251.02203334
39745,4169815.5789
39746,3240532.70718254
39747,5102477.12736667
39748,4123734.21546667
39749,5635531.93613333
39750,3918895.70676667
39751,4380277.8031
39752,4289317.94583333
39753,5369510.28076666
39754,3860560.2989
39755,4569663.98563333
39756,3974527.46067143
39757,4823855.3582
39758,4236287.6317
39759,4808260.45453333
39760,4297966.39623334
39761,5040108.9257
39762,3785016.51518096
39763,3853797.5835
39764,5022711.1553
39765,4686695.4699
39766,3565451.59456191
39767,4241061.68713333
39768,3803074.65905714
39769,4435998.5485
39770,4433573.2332
39771,4917037.63968571
39772,2953987.39504444
39773,4503969.61536666
39774,4412881.28999048
39775,3795429.217
39776,4428243.15403333
39777,3936665.4
39778,2922856.50033333
39779,4804900.39973333
39780,3898070.54963333
39781,4093415.57993333
39782,3943312.53540952
39783,5551357.35716666
39784,4287529.8699
39785,4219648.40292857
39786,4185336.80666667
39787,2509477.73344286
39788,4149088.12053333
39789,5062219.15226666
39790,3760352.01216667
39791,2955268.58046191
39792,4810911.36246667
39793,4532616.86104444
39794,4323090.6514
39795,4549446.4045
39796,4766423.92626667
39797,4702238.7484
39798,4066655.037
39799,4176325.27983333
39800,4068711.6452
39801,4945911.03336667
39802,3937602.69406191
39803,4193224.38922381
39804,4402562.92547778
39805,4959826.90399524
39806,3975437.27536191
39807,4869163.90596667
39808,4085168.9866
39809,4710111.45073333
39810,3629078.78030952
39811,4176367.63426667
39812,4269298.14645714
39813,5048885.5563
39814,4013217.86627778
39815,4737673.66793333
39816,3989619.60507619
39817,4285771.51083333
39818,4313039.5871
39819,3969049.08947778
39820,4419370.0231
39821,4955153.85475238
39822,3655797.10286667
39823,4136426.41397778
39824,4632709.10292381
39825,4480709.15595714
39826,4319660.4088
39827,4494654.74063333
39828,4790339.05236667
39829,4623784.42276667
39830,3963114.22616667
39831,4618841.42596667
39832,4235422.83592857
39833,4618470.6525
39834,4306505.08452857
39835,4226391.8488
39836,4354525.98450635
39837,4409914.12356667
39838,4593807.018
39839,3606182.84650952
39840,4845605.18713334
39841,4431855.35273333
39842,3330187.92553333
39843,3618787.92934286
39844,5028113.49326666
39845,4286702.10106667
39846,4810800.92234444
39847,4936358.02956666
39848,5260909.9186
39849,3788761.90883333
39850,4707942.4584
39851,4206033.15083333
39852,4184430.06477778
39853,5443815.71183334
39854,4333659.47933333
39855,4630435.85096666
39856,4004226.67693333
39857,4439912.94516667
39858,4119894.04156667
39859,4397763.67168095
39860,4494044.42306667
39861,4145191.41197143
39862,4197322.7278
39863,5071481.41193333
39864,4466059.3799
39865,3873143.9452
39866,4620591.84023333
39867,4331428.0946
39868,4911877.81790476
39869,4256198.83253334
39870,4393066.70053333
39871,3136188.48238571
39872,3951604.17909524
39873,3748196.08833333
39874,3922231.25086667
39875,4245673.61827619
39876,3274636.74323333
39877,4444170.40536667
39878,4531249.37553333
39879,4290046.561
39880,4675630.20256667
39881,4696138.6912
39882,4376864.11473333
39883,4488607.32930476
39884,3581144.44941429
39885,4436655.19562857
39886,4303421.16696667
39887,5070044.68846667
39888,4953139.7349
39889,4318996.40586667
39890,3877484.3484
39891,3952189.2834
39892,3699227.6147381
39893,4644787.8935
39894,3978876.32863333
39895,3593287.57734286
39896,4307972.71103333
39897,4527842.6716
39898,4145451.42487778
39899,4793134.79884285
39900,5009723.46903333
39901,4413413.605
39902,4950877.5839
39903,4487088.72736667
39904,2382465.10470953
39905,4265062.4499
39906,4009276.12107778
39907,5489834.15383333
39908,4278975.03942857
39909,4620863.26253333
39910,4715142.8666
39911,3206172.61896667
39912,5670000.79136666
39913,3703893.66461111
39914,3876047.45207143
39915,4942430.0796
39916,4219264.78907619
39917,5306242.55856667
39918,4455436.5688
39919,4336408.33931111
39920,4599168.35713333
39921,3787693.8748
39922,4040891.30706667
39923,4648743.82572857
39924,4429196.16279285
39925,4830007.45003333
39926,5168193.33233333
39927,5064832.79746667
39928,4124373.4969
39929,4135881.6937
39930,4627264.64233809
39931,4234767.37616667
39932,4220014.3166
39933,3474592.41658254
39934,4510550.52033333
39935,5535801.94913333
39936,3687115.37263334
39937,2816971.44817619
39938,4114271.61297619
39939,3670084.5458
39940,4998845.22233333
39941,4308969.6222
39942,2978641.08570952
39943,3111593.17007619
39944,4029850.72433333
39945,4095687.4336381
39946,4477107.41490953
39947,4312012.85223333
39948,4763729.7539381
39949,5001216.97666667
39950,4277214.21136667
39951,4430820.53116667
39952,4339176.04901429
39953,3909274.55492381
39954,4715607.44083333
39955,4647237.36106667
39956,4127789.70137619
39957,4278606.1379
39958,4504787.146
39959,5368602.02663333
39960,4460832.22766666
39961,4792031.67291666
39962,4747179.98853333
39963,4422111.69536825
39964,3666009.33293333
39965,4022266.6778
39966,3648242.68382857
39967,4174704.76186667
39968,4587395.1223
39969,4141143.1068
39970,4947479.5742
39971,4943483.8616
39972,4723049.00599524
39973,3325388.92884444
39974,4193809.5008
39975,3962941.30716667
39976,4064843.02476667
39977,4810420.3982
39978,4007165.21486667
39979,4318392.68683334
39980,4838318.3819
39981,4583528.6517
39982,4520205.10654762
39983,4008751.6751
39984,3579597.43687143
39985,3579555.74493968
39986,4270178.63630952
39987,2762505.35594286
39988,4563272.93816667
39989,3780388.88893334
39990,4937010.83546666
39991,4596452.69003333
39992,4735630.45866667
39993,4911433.62683333
39994,4372737.7084873
39995,4123396.21993334
39996,3742618.83576667
39997,4774743.27743333
39998,3384216.86860476
39999,4463388.66886667
40000,4955414.24726667
40001,5127999.94636666
40002,4478307.9289
40003,4463962.98770952
40004,3805025.02253334
40005,5070554.76033333
40006,4272635.58301111
40007,4033596.95303333
40008,3997845.91666667
40009,3091185.44384286
40010,4326430.25393334
40011,5214514.009
40012,5158974.2893
40013,4408605.65996667
40014,4253184.84696667
40015,4006193.5935
40016,4316308.06886667
40017,4696703.46536666
40018,4976867.90446666
40019,3445663.90824444
40020,4351642.80877143
40021,3714668.56703333
40022,4270536.12399524
40023,4669952.46886667
40024,3991504.5665
40025,3584685.10649048
40026,3979438.65276667
40027,4908801.89993333
40028,4466593.00083334
40029,4733813.9713
40030,5473481.84338571
40031,4616839.76383333
40032,4481145.649
40033,5220594.87123333
40034,4339768.46100952
40035,3433509.92880952
40036,3970895.71666667
40037,3926954.82710953
40038,3999547.06876667
40039,4159803.8606
40040,3515169.51824286
40041,3719347.08316667
40042,4440537.45979206
40043,4324658.49942381
40044,5344431.70376666
40045,4206240.40033333
40046,4952633.6965
40047,3386076.12103333
40048,5097443.77366667
40049,4900970.21819524
40050,5083886.97551905
40051,4346039.18026667
40052,3537409.48093333
40053,5175957.10043333
40054,3864245.31769048
40055,4947313.1554
40056,3175627.35903334
40057,4783672.49288095
40058,3911949.80790952
40059,4262756.57136667
40060,4973574.34646667
40061,4817275.50333333
40062,3317431.30393334
40063,4359921.13194286
40064,4325614.67646667
40065,4698939.8649
40066,4367008.8039254
40067,4221633.54006191
40068,4346297.2928
40069,3985978.67196667
40070,5600074.64323333
40071,4294237.75753333
40072,4220009.18566667
40073,4126302.23827778
40074,3484088.7682
40075,4226505.26942857
40076,3728824.14763333
40077,4072092.10619524
40078,4831694.3581619
40079,4505622.45313333
40080,4375778.43963333
40081,3723949.43582857
40082,5209416.8575
40083,2874128.27980953
40084,4075514.31512381
40085,4174778.69028571
40086,4041658.29706667
40087,3940644.8582
40088,4770654.59352857
40089,3908835.30193333
40090,3496123.72745873
40091,4330692.1168
40092,4157514.47103333
40093,4448770.56443333
40094,3894769.43652857
40095,3235282.8427873
40096,4396164.36093333
40097,3641499.06860476
40098,3630369.0842381
40099,5009339.08863333
40100,4157031.92973333
40101,4294107.48006667
40102,5196267.32913333
40103,2916714.81915714
40104,3924106.79363492
40105,4296521.69026667
40106,4587035.44506666
40107,4590424.09571905
40108,4718215.27339524
40109,2649321.79216667
40110,4752165.54806667
40111,4347920.5426
40112,3658285.29196191
40113,5104448.43176666
40114,4419588.70803333
40115,3755774.84786667
40116,5283367.15556667
40117,4928525.91602857
40118,4349229.1547
40119,5538523.51476667
40120,3964585.26196667
40121,4061122.59373334
40122,3858386.56373333
40123,4473863.6201
40124,5487839.5185
40125,3927458.12576667
40126,4377927.03074444
40127,4017513.79727143
40128,3066953.63273333
40129,4493423.19283333
40130,4134357.24519524
40131,4216379.395
40132,4586080.08249524
40133,4238570.03756667
40134,4316967.06103334
40135,4279328.51683333
40136,4506368.08273333
40137,4524721.41330952
40138,3939905.2821
40139,5545626.60923333
40140,5019071.231
40141,5424195.15786666
40142,4832661.34236667
40143,5141526.46893333
40144,4986575.72826666
40145,3551702.11994445
40146,4169672.73014762
40147,4282029.9496
40148,3995058.60826667
40149,4532969.2711
40150,4757040.46333333
40151,4568146.32166667
40152,5308253.17643333
40153,4444593.50806667
40154,4736604.0152
40155,4194293.72853333
40156,4667950.6504
40157,4277353.1394
40158,4301223.0558
40159,5667403.79806667
40160,3694292.47931111
40161,4241382.39793333
40162,4637650.21204286
40163,3981927.73406667
40164,4397452.75183333
40165,3955826.03371111
40166,4503964.34882857
40167,3803010.31438254
40168,4049678.70280953
40169,4806370.7756
40170,3008625.03093333
40171,3354512.36929524
40172,3597536.42270476
40173,4772728.64723333
40174,4476360.2274
40175,3621925.18683333
40176,4569485.84273333
40177,4081250.05533333
40178,4610359.73526666
40179,5139387.7393
40180,3462952.04770476
40181,4794743.35983333
40182,4567917.54381111
40183,4278575.8153
40184,5310953.26366667
40185,4456927.08421429
40186,4659580.44558571
40187,4546378.41504444
40188,4682181.28346667
40189,4869239.36936666
40190,4876381.61116666
40191,4393394.50483333
40192,4280823.62996667
40193,4666458.60589524
40194,4262354.47783333
40195,3805981.69566667
40196,4609229.73649524
40197,4407752.47574286
40198,4033672.6056
40199,4866392.78051905
40200,4452987.25591111
40201,5012720.63923809
40202,4075135.88892857
40203,4084433.3536
40204,4740902.39643333
40205,4614920.99268571
40206,4415172.45900952
40207,4788060.65123333
40208,4077104.2391
40209,3848026.17497778
40210,4263704.88520476
40211,4076583.04526667
40212,4061002.95426667
40213,4085922.14473334
40214,4083877.26047778
40215,4620370.022
40216,3672857.05777143
40217,4419429.59973333
40218,4719010.71993334
40219,4958909.42586667
40220,4066947.04793334
40221,4805953.66088095
40222,4303081.35416667
40223,4474652.03333333
40224,3669189.19030476
40225,3834709.53772381
40226,4741858.64403333
40227,3966096.2137
40228,4284537.39961111
40229,3774708.1007
40230,4062982.98689524
40231,4999633.5804
40232,5299724.94974445
40233,3855862.84016667
40234,4688174.39225238
40235,3711891.61541111
40236,3650891.2602
40237,5026543.43683333
40238,4040746.42213809
40239,3727701.46802064
40240,4872494.2847
40241,4119231.56666667
40242,4779614.78483333
40243,4192320.02806667
40244,4210096.43882857
40245,3666769.5326
40246,3513591.34106191
40247,4344996.27746667
40248,3832465.55213333
40249,3836793.2719
40250,4078218.4866
40251,4599351.47176667
40252,4520221.4973
40253,4107779.43563333
40254,3613718.95569524
40255,2544550.78249048
40256,4539092.2414
40257,4181617.0794
40258,3723949.43582857
40259,4843655.8687
40260,4385700.15346667
40261,3792610.7885873
40262,4535820.70412064
40263,4583509.19413333
40264,4089631.60070159
40265,3767592.19010952
40266,4007725.7284
40267,4308621.19879524
40268,3527170.57747778
40269,4370736.58024445
40270,4472480.35276667
40271,4215081.18783333
40272,3505672.19766667
40273,4773684.89836667
40274,5023573.40826666
40275,4152823.63563333
40276,4204030.5787
40277,3800021.3286381
40278,4302939.42273333
40279,3699007.2389
40280,5693861.93946667
40281,3927677.98116666
40282,4323152.74881905
40283,3611526.3619
40284,4427932.5625
40285,4711617.6125
40286,4965687.85346666
40287,5010917.45406191
40288,4757785.17326666
40289,3766040.61137143
40290,4147366.5415
40291,4737547.5504
40292,3450098.19690476
40293,5570404.6821
40294,3369210.35936191
40295,4773581.84832857
40296,4611698.21083333
40297,5281419.26041905
40298,5091820.42763333
40299,4040570.33993333
40300,4160736.791
40301,3796536.1871
40302,4782367.89773333
40303,3739114.24430477
40304,4420703.1461
40305,4690412.15503333
40306,5680429.2815
40307,3692618.62283333
40308,5252927.8428619
40309,4210399.1929
40310,4657870.89616667
40311,3873467.2908
40312,4515361.89936667
40313,3580428.83859683
40314,3857472.8022
40315,5130386.35983334
40316,5023375.79016667
40317,4436628.93843333
40318,3485182.66846666
40319,4198279.11195238
40320,4896621.04323333
40321,4693834.92847619
40322,4619130.23666667
40323,4785363.11406667
40324,5071812.2283
40325,3862380.06060952
40326,4601835.66888571
40327,3375340.63473333
40328,3932511.2823
40329,4593532.85983333
40330,3924250.36386667
40331,2923915.7676381
40332,4705151.00483333
40333,4045592.45396667
40334,4682791.86376667
40335,4418632.7249
40336,4092370.48436667
40337,4852907.7238
40338,2957160.19827143
40339,5034478.68436667
40340,4564622.4775
40341,4365193.30266667
40342,3852720.265
40343,4397524.8245
40344,3842414.35723333
40345,5179113.00206667
40346,4261231.1218
40347,5225304.5228
40348,3302618.75073333
40349,3997631.17356667
40350,4150040.90032857
40351,4931126.02856667
40352,5203342.788
40353,4104634.62296667
40354,4102389.04675714
40355,4695315.79773333
40356,4974954.57546667
40357,4646021.48143333
40358,4401215.72906667
40359,4946302.5707
40360,3737513.16579048
40361,3562275.42196349
40362,3611434.3308
40363,4546289.85913334
40364,4017655.10616667
40365,4224867.29403333
40366,4741958.74896667
40367,4322977.82964445
40368,4266111.65416667
40369,5409148.53353333
40370,3316531.94672064
40371,4824396.48256667
40372,5672839.02491905
40373,6013176.18533333
40374,5849896.79043334
40375,4327419.92241905
40376,4592857.31143333
40377,3170677.38864762
40378,4040724.46566667
40379,5087773.71163333
40380,4834295.51393333
40381,4086810.22853333
40382,3760357.0697
40383,4234350.84933333
40384,4177684.18882064
40385,4393084.62856667
40386,4784230.75584444
40387,4196213.08766667
40388,4990407.2128
40389,4199872.93756667
40390,4644707.96899524
40391,4441118.96973333
40392,4590555.27403334
40393,3732226.79891429
40394,4281658.07906667
40395,4832737.12679048
40396,4488814.24043334
40397,3573820.59403809
40398,4697685.12966667
40399,4471995.63043333
40400,3454119.60037619
40401,4154967.43837778
40402,4375878.6752
40403,4807931.94186191
40404,4827630.40826667
40405,4371493.62836667
40406,5509992.38393333
40407,2758549.96347778
40408,3738137.24783333
40409,4273424.8195
40410,4191180.00633333
40411,4892416.3731
40412,3657793.07633334
40413,5435172.65083333
40414,5118218.2074
40415,4481403.85145238
40416,5292809.37498571
40417,2911982.79816667
40418,4625987.71086666
40419,3628217.45494286
40420,3489892.9826
40421,4150067.66223333
40422,4135908.25086667
40423,4015769.38456667
40424,4210839.40323333
40425,4280636.68033333
40426,4338217.43052857
40427,3657515.7618
40428,3646790.05510952
40429,4446849.40182857
40430,4108907.98123333
40431,4715602.95173333
40432,4389856.5494
40433,3665624.89791429
40434,4397626.10343333
40435,4668244.48963333
40436,4659018.8929
40437,3938771.28626191
40438,3788903.13663333
40439,4257981.68016667
40440,3938927.45407778
40441,4681896.92213333
40442,4546031.28983333
40443,4367179.83926667
40444,2993381.02670952
40445,4821167.566
40446,4453678.11956667
40447,4502370.43303333
40448,4775672.34033333
40449,5164982.94046667
40450,4474270.95661111
40451,4167653.06589048
40452,4564921.93329047
40453,4000985.50812857
40454,2884360.23240952
40455,4189844.74496667
40456,4503715.65148572
40457,4146921.8252
40458,4481971.39521667
40459,4117460.19288571
40460,4476789.27453333
40461,3712806.04436191
40462,3896953.26882857
40463,4341230.5131
40464,4740206.2157619
40465,4107124.81838571
40466,2946693.5941
40467,3898389.11236667
40468,3963818.4418
40469,5526898.94556667
40470,4446755.26676667
40471,4484578.02656667
40472,4389203.71407778
40473,5202708.01628571
40474,3653105.33875238
40475,4643478.59973334
40476,4239425.79631111
40477,3531068.19101111
40478,4443016.38053333
40479,4138413.82249524
40480,3865452.4528
40481,3496292.41947778
40482,2981620.43379524
40483,4571572.35703333
40484,4523809.28473333
40485,4859772.72106667
40486,2875789.3824381
40487,4671703.34798571
40488,3790895.0229
40489,2954305.7847381
40490,5037876.9721
40491,3995135.63483333
40492,4486849.2389
40493,5495860.45326666
40494,4571781.10358333
40495,4977821.5933
40496,3691848.41102381
40497,4099229.02753333
40498,4430746.4515
40499,5003618.93436667
40500,4565879.83216667
40501,3937490.70365714
40502,3816383.86640952
40503,4904377.65511905
40504,5722355.04216667
40505,4300769.82306667
40506,4987893.23876666
40507,4016107.18357619
40508,4329655.49139524
40509,3463287.82217143
40510,4091498.03867778
40511,5490642.1239
40512,4112812.16043333
40513,4282952.82022857
40514,3807421.89602857
40515,3614180.05456667
40516,4929603.04066667
40517,4997279.85958571
40518,3236039.9809
40519,3639673.9474
40520,4671992.29133333
40521,4723874.56673333
40522,4019325.87884445
40523,4501859.13623333
40524,4624558.965
40525,4773310.64203333
40526,5055375.65386666
40527,4054527.41
40528,4823669.60637619
40529,3874925.10393333
40530,4177927.52373333
40531,3889630.80586667
40532,5130883.37016667
40533,3466235.3279873
40534,3891323.43296191
40535,4794322.53276666
40536,2962172.78144921
40537,4526370.50898571
40538,4428152.21394444
40539,3149800.85042063
40540,5410286.117
40541,4393861.1225
40542,5997379.6704
40543,4363239.65836667
40544,4052114.24749048
40545,4699953.31066666
40546,4900784.97733334
40547,5150969.4847
40548,3929846.95323333
40549,5308302.96246667
40550,4136453.84333333
40551,4485215.1004
40552,4077823.63853334
40553,4332276.77473334
40554,4767615.22741111
40555,4439409.47693809
40556,4716621.36353333
40557,4544167.48596667
40558,4623563.1804
40559,3741932.71453016
40560,4815558.28661904
40561,4290317.32326666
40562,3747685.5002873
40563,4531085.68470952
40564,4372604.01636667
40565,4285669.54236667
40566,4327800.3115
40567,4962483.797
40568,3287808.05215397
40569,4514461.86716666
40570,4006369.2671
40571,4724190.04836667
40572,3645279.33973334
40573,4653449.25096191
40574,4274190.32023333
40575,4542220.69003333
40576,4245021.47827778
40577,4619320.07473333
40578,3922917.97453334
40579,4764802.29206667
40580,4139915.73367619
40581,4749422.44693333
40582,4244405.43927619
40583,5262620.83453333
40584,5029122.5085
40585,5193767.97110476
40586,3533323.72714445
40587,4730698.15196667
40588,4265180.39626667
40589,4350684.16846825
40590,4352330.00666667
40591,3427472.87437619
40592,3411093.40857778
40593,2868440.58029206
40594,4775049.5769
40595,4462269.5311
40596,3909600.58305397
40597,4580836.49303333
40598,4476611.2703
40599,4304163.39926667
40600,3814878.59293334
40601,4702988.9768
40602,4253323.11398572
40603,4566671.97255397
40604,4831971.99409524
40605,4381929.16226667
40606,4056088.63823333
40607,4087654.73095238
40608,5382593.5142
40609,3963774.23394444
40610,4328856.35073333
40611,4620412.40406666
40612,4699730.23116667
40613,4733047.68916667
40614,3703041.03644762
40615,4829966.5609
40616,4607518.53603333
40617,4307356.24596667
40618,3974010.26209524
40619,4185759.5521
40620,4886859.52346191
40621,5746518.67526667
40622,4846779.23144444
40623,5088753.21015238
40624,4579191.34476667
40625,4696675.60283333
40626,3777749.3610381
40627,3933910.98749524
40628,4684830.718
40629,4398789.75256667
40630,5495705.11941904
40631,3105708.08673333
40632,4111160.55913333
40633,3933933.63899206
40634,5280071.14566667
40635,4887139.22766667
40636,3814288.99835397
40637,4169201.12567143
40638,4088762.46049206
40639,4286178.3624
40640,4168043.11551587
40641,3792952.12911429
40642,4609940.42258571
40643,5094665.8173
40644,3996514.30816667
40645,3434862.82760159
40646,4240780.37503333
40647,4285818.54956667
40648,5051198.66476666
40649,5042440.72982857
40650,5053542.30646667
40651,4990998.2495
40652,2709455.33973016
40653,4309413.75736666
40654,4405836.16053333
40655,4767629.56456667
40656,4574573.76663333
40657,4014065.7041
40658,4351202.15593333
40659,5087918.739
40660,4117647.53137143
40661,3111593.17007619
40662,4336977.86546349
40663,4284496.54066667
40664,3578318.56144286
40665,4371655.93243334
40666,4188525.61271111
40667,3693716.67853333
40668,4698679.06716667
40669,3383689.80514286
40670,3868475.97446667
40671,4864386.31966666
40672,4970602.36964286
40673,4157884.94823333
40674,4319967.91369524
40675,3266221.18028095
40676,4512199.6902
40677,4527006.00426667
40678,3877170.57076666
40679,4386968.60051111
40680,5083446.1638
40681,5013321.6092
40682,3637541.26010953
40683,5033901.11063333
40684,4673919.0637
40685,4395716.89793333
40686,4392928.9292619
40687,2815712.15524444
40688,4803882.0421
40689,4374629.2252
40690,4962727.19732857
40691,4423737.0498
40692,4334161.6882
40693,4959345.32016666
40694,4131348.97700238
40695,4154188.28586667
40696,4340779.4637
40697,4739966.67301905
40698,4187407.23738571
40699,4315841.58356667
40700,4351361.00471905
40701,5480830.56948571
40702,4235357.26956667
40703,4830505.58766667
40704,4035008.30006667
40705,4277910.1658
40706,3762665.83143334
40707,3820467.52093333
40708,4478246.13736667
40709,3771446.31183333
40710,4557518.36696667
40711,4464226.31318095
40712,5404618.35223333
40713,3387276.7047
40714,3698768.58815397
40715,4513225.79946667
40716,4992512.45663333
40717,3920199.62051905
40718,4399395.79164445
40719,4400617.39253333
40720,4108703.84383333
40721,3999288.87436667
40722,4571189.51463333
40723,4706776.92203333
40724,3388067.29757143
40725,4671220.45431111
40726,4614232.27063333
40727,4431592.56636191
40728,5402391.81973333
40729,4211493.81239524
40730,3672749.78616667
40731,4203718.1893
40732,4825790.9385
40733,4515153.13076667
40734,3782934.73413333
40735,4905481.9264
40736,4373458.3302
40737,4672023.9197
40738,4743657.37236667
40739,3922392.91856667
40740,4726303.3852
40741,3671795.56106667
40742,4713306.7655
40743,4150043.0731
40744,4384420.60980476
40745,5033155.2264
40746,4367008.8039254
40747,3652153.34876667
40748,4571114.02050952
40749,2559550.28424286
40750,4601773.66566667
40751,4799525.20033333
40752,4544385.208
40753,4788241.1442
40754,4384180.21703333
40755,3284096.3539
40756,3945752.96750952
40757,3673925.13531111
40758,4881005.72773333
40759,3720779.99900952
40760,4550358.6344
40761,4980043.30096667
40762,4178216.6666
40763,3784082.03087619
40764,4339707.69063968
40765,4927013.13196667
40766,3844375.02237778
40767,4768458.6153
40768,4425989.52946667
40769,5229987.74343333
40770,5324258.91626667
40771,4038610.39861111
40772,4150005.62346667
40773,4486615.7495
40774,4841670.42363333
40775,5059830.59726666
40776,6097435.80246667
40777,4861785.54236667
40778,3541350.10733809
40779,4118856.4632619
40780,3575962.45710476
40781,4158778.9673
40782,5041013.6132
40783,4706167.08914286
40784,3054499.40992857
40785,4368349.57733333
40786,4132606.95013333
40787,4215149.98753333
40788,4343156.28206667
40789,5164061.06636349
40790,3803868.30343334
40791,5002427.46613333
40792,4122717.01974444
40793,4642591.1007
40794,4061224.59127619
40795,4439793.75636667
40796,4035055.4881
40797,5161474.56766666
40798,4549463.9812
40799,4065777.81786667
40800,4576880.2829
40801,3834239.55861111
40802,4155024.18644444
40803,4851573.5056619
40804,3699998.66164286
40805,4311350.6158619
40806,4104212.43406667
40807,4342852.031
40808,3168507.57454445
40809,4078788.0822
40810,4428236.43556667
40811,4311034.15203333
40812,5503913.25283333
40813,5009842.8166
40814,3787463.92292857
40815,4098189.79983333
40816,5084387.68193333
40817,3180532.62704286
40818,4754305.52332381
40819,4331942.1523
40820,5141302.09169524
40821,4222097.37303333
40822,3973964.36825238
40823,3817882.22479524
40824,4860440.26733333
40825,4740963.0584
40826,4803836.48213333
40827,4850188.31123333
40828,5124326.30336667
40829,3329771.04073333
40830,4202871.62583016
40831,4700202.71093334
40832,3411412.52450476
40833,4697558.67913333
40834,3953517.31835238
40835,4619007.8707
40836,4861452.71823333
40837,3852920.4941
40838,4772746.78596667
40839,4865084.6393
40840,5082389.634
40841,3868147.62442857
40842,4037095.99843333
40843,4577810.72546667
40844,3813750.0372
40845,3784351.9064
40846,5052611.41
40847,4585715.41672857
40848,3953729.48739206
40849,4822439.9355
40850,4855353.01713333
40851,3780105.59552064
40852,4761792.66046667
40853,3536284.82734445
40854,4836111.97106667
40855,3620655.97546667
40856,4093080.71166667
40857,4603325.02838571
40858,4499611.6947
40859,4071520.8913
40860,5119151.7519
40861,4655457.02066666
40862,5307008.54433333
40863,4321516.59006667
40864,4456589.9552
40865,3986959.20781111
40866,4863555.79646667
40867,3572477.98857619
40868,4638293.2691
40869,3173385.4777619
40870,4706273.5855
40871,3501618.87125714
40872,3992275.24896667
40873,3669509.96947619
40874,4707786.75016667
40875,4055616.9542
40876,4099721.6248
40877,2556599.68644762
40878,4529511.9339
40879,4348461.3376
40880,4759294.46653333
40881,3833060.64666191
40882,4405140.08085238
40883,2822113.6855
40884,4695074.0665
40885,4052884.28446667
40886,4065445.43633334
40887,4718210.2825
40888,3864372.65456667
40889,4191820.7426
40890,4747294.60846666
40891,4095796.12804921
40892,3972353.91536666
40893,3535477.1596
40894,4269300.10793333
40895,4127132.12737857
40896,4218125.437
40897,4044656.02606667
40898,4663442.55666667
40899,4054669.43823333
40900,3852553.3985254
40901,4843414.37263334
40902,2510766.02984286
40903,3795955.01767619
40904,3844617.1992873
40905,4262214.32941429
40906,4050350.94173333
40907,4901559.05753333
40908,4311618.7959
40909,4505259.2333
40910,2868895.63784286
40911,3928880.40783333
40912,4872028.75173571
40913,3898233.96323333
40914,4211428.38091905
40915,4208033.56413333
40916,3199658.38263333
40917,4053555.70337619
40918,4400578.9062
40919,3084799.70934286
40920,5124839.8279
40921,4478773.9370381
40922,3708179.03191905
40923,4278149.05952857
40924,3798343.6629
40925,5502082.73206666
40926,4062372.03663334
40927,4424701.81134444
40928,4482258.96106667
40929,4218650.6272
40930,4045486.3661
40931,4014111.88336667
40932,4521645.61245238
40933,3800616.35528095
40934,4398580.75106667
40935,5068431.574
40936,4202301.98512857
40937,2900552.32034286
40938,3165486.65876667
40939,4890869.41846667
40940,5078479.96216667
40941,4483309.80349762
40942,3914853.61486191
40943,4518146.37445238
40944,4204547.26420952
40945,4401243.98267778
40946,4078408.612
40947,4533511.94296666
40948,3780512.43271111
40949,4705215.01113333
40950,4380639.0621
40951,4546004.22597619
40952,4282544.21183333
40953,4104824.1577
40954,4794348.62066667
40955,4903730.30373333
40956,4760306.93613333
40957,5257405.67831667
40958,3721290.76003333
40959,3963114.22616667
40960,4120525.58266191
40961,3627013.3193381
40962,4421150.52433333
40963,4448412.6478
40964,5359651.72876667
40965,4070269.78463333
40966,2717257.75096667
40967,5081744.38227778
40968,4452695.71294286
40969,4078857.7177
40970,4660303.11876667
40971,4597939.17376667
40972,4844505.7055
40973,4110244.41633333
40974,4657897.2845
40975,3356892.33033334
40976,4524389.73324286
40977,4992163.24483334
40978,4403196.17536667
40979,4135746.4604
40980,3856761.83040953
40981,4527317.74512857
40982,3443088.02608095
40983,5317608.6611
40984,4657592.64676667
40985,4745759.21211905
40986,4517692.7043
40987,3928347.34614286
40988,4291164.03646667
40989,4331565.23171905
40990,4466970.75078254
40991,4885268.02416667
40992,4304159.78083333
40993,3559603.82093333
40994,4166280.4733
40995,5231943.71193333
40996,5143117.658
40997,4272377.89077778
40998,3984887.60393333
40999,4403000.879
41000,4682854.90706666
41001,4677719.65603333
41002,4583380.79450476
41003,4631448.91466667
41004,5733002.52573333
41005,5641559.67553333
41006,4704211.6693
41007,3316838.51546667
41008,4888369.19006667
41009,4576136.60703333
41010,4130796.7879
41011,5558505.88453334
41012,4116875.91784444
41013,4713985.61972381
41014,4691625.28556666
41015,4110353.3143
41016,3411564.11206667
41017,3839748.14530635
41018,3505864.2401
41019,4178741.63743334
41020,3317745.09404445
41021,5035135.93493333
41022,4702747.24793333
41023,3694882.06931111
41024,4947869.44452857
41025,4230521.14204285
41026,5237923.2436
41027,4399395.79164445
41028,4420534.5651
41029,3301473.81006667
41030,4212271.07083333
41031,4139087.34850953
41032,3936516.41769683
41033,4312982.33436667
41034,3994084.83313333
41035,3541988.6321
41036,3553006.48140476
41037,3957871.00905873
41038,4419977.17193968
41039,4678319.78276667
41040,4089992.63806667
41041,3758761.53037619
41042,3753443.87173492
41043,3543725.92699524
41044,4509880.85706666
41045,4163496.75313333
41046,3235413.5181
41047,4545453.41286666
41048,4441578.2705
41049,4293508.51669524
41050,3433930.75416667
41051,4588759.8610619
41052,3777748.02284445
41053,4123288.02473968
41054,4735159.77906667
41055,3581455.11746667
41056,4490731.30096666
41057,4605898.3869
41058,4459115.53438254
41059,4869877.70093333
41060,4785926.13606667
41061,4797697.23523333
41062,4197249.91666667
41063,5276471.02793333
41064,4542972.61106667
41065,3765655.75002381
41066,4525132.19846667
41067,4641241.36286667
41068,5117793.39646666
41069,4304527.60933333
41070,4132574.03312857
41071,4435823.17406666
41072,4929016.32213333
41073,4429718.37456667
41074,4017986.37180952
41075,4579974.32525397
41076,3063901.95855714
41077,3865986.40625715
41078,3066946.92475397
41079,4235531.14073333
41080,4330400.76643333
41081,4427068.3733
41082,4657954.77282857
41083,4339140.2085
41084,4319820.10823333
41085,4731158.21406667
41086,3911675.12296191
41087,4588090.0942
41088,3345421.92200476
41089,4634511.31793809
41090,4160674.55760952
41091,4655805.80723333
41092,4322034.74616667
41093,3864366.4724
41094,4962625.47253333
41095,2498568.59444762
41096,4626388.63513333
41097,4206906.18313334
41098,4327016.11245714
41099,4159737.78701905
41100,5118193.2674
41101,3753082.99233333
41102,3851223.81457619
41103,4457803.8016
41104,4524148.01594286
41105,4490305.00543333
41106,3533901.8082381
41107,4316390.50553333
41108,3922591.61956667
41109,4438358.97460476
41110,4226115.12406667
41111,4309021.26097302
41112,4643560.27833333
41113,3430612.17089524
41114,4244577.0981
41115,4943283.8849
41116,4320530.83904445
41117,5725801.41543333
41118,4028936.37673333
41119,3208203.08560476
41120,4345694.27273333
41121,4245427.25145
41122,4955247.9548
41123,4571352.06316666
41124,3955025.54812619
41125,5063916.72923333
41126,3449715.88556667
41127,4078809.6562
41128,4402374.7896
41129,5013827.75216667
41130,3098944.30063333
41131,3700989.34753333
41132,3036129.67666667
41133,4100042.73873333
41134,4905130.82166667
41135,5986984.1734
41136,4817558.43506667
41137,4127329.68493333
41138,4221647.5004381
41139,4163299.80408571
41140,4222572.77653333
41141,5461148.70513334
41142,4181631.23626191
41143,3673469.3635
41144,3758658.02341429
41145,4053158.02246667
41146,3819199.1709619
41147,4655756.16013333
41148,4844931.74316666
41149,4268276.5123
41150,3909942.89583333
41151,3259795.58656667
41152,4418379.13443333
41153,4133936.08600952
41154,3195937.41077143
41155,4387998.58367143
41156,4664872.08113333
41157,4652263.05606667
41158,4452599.0333
41159,4184133.80546667
41160,4694969.72803333
41161,5065711.94333333
41162,4522894.28246666
41163,3590938.13744762
41164,3963837.4549
41165,5178159.72662857
41166,4835133.71296666
41167,4634249.05143333
41168,3268348.13877143
41169,4244012.37094762
41170,4353095.89156666
41171,3805011.4336
41172,3995121.1262
41173,4609944.79683333
41174,4545627.47289524
41175,3662545.62201429
41176,3638705.79649048
41177,4285570.97713333
41178,4183311.27636667
41179,4071847.65237778
41180,4609779.67726667
41181,4830783.40026667
41182,4737620.87283333
41183,4144788.25263333
41184,5204558.19593333
41185,3136755.3654
41186,3947831.30126667
41187,3161703.31706191
41188,4638884.49083333
41189,4617621.05426667
41190,4394272.0573
41191,3997604.78476667
41192,3923671.59064286
41193,5197519.33913333
41194,4581288.89133333
41195,4123925.88213333
41196,4504158.4201
41197,4644693.08386667
41198,4519036.22873333
41199,4638093.1125
41200,5264337.0019
41201,3382359.93400952
41202,5072214.64421904
41203,4992888.99073333
41204,4281474.05419524
41205,4622060.2135
41206,3237229.0802619
41207,4521814.38743333
41208,4118646.93995952
41209,4949705.0682
41210,5007976.53413333
41211,4520031.72914444
41212,4089133.441
41213,3632491.03756667
41214,4282292.33595238
41215,4579635.04966667
41216,5890955.40993333
41217,3637980.25346667
41218,5216220.81645238
41219,4702783.75086666
41220,3495198.19793333
41221,4667072.83913333
41222,4739768.4698619
41223,4279515.00607619
41224,4402528.4301
41225,3692350.9097
41226,4767832.19463333
41227,4076788.86454445
41228,3714499.29586667
41229,4716964.1659
41230,5064173.40443333
41231,4225934.22315714
41232,4287884.73676667
41233,4242183.70564444
41234,4279798.39332143
41235,4048903.8103873
41236,5269297.44156667
41237,3417298.8356
41238,3647604.69034444
41239,3398795.21806667
41240,4915127.42765238
41241,3182648.87046667
41242,3381031.22204444
41243,3618478.16560952
41244,3859425.01206667
41245,4698841.97878095
41246,4756743.5713619
41247,3754620.36876667
41248,4728134.94853333
41249,3935176.74159523
41250,4220594.29603333
41251,3669704.86896667
41252,4748912.58096667
41253,4932742.57353333
41254,3666009.33293333
41255,4529886.29031905
41256,4648575.1399
41257,4556871.365
41258,4566172.64166667
41259,4714993.96346667
41260,4229871.1703
41261,4590543.01411111
41262,4596567.8007
41263,4750614.7088
41264,5314663.65193333
41265,4361930.68213333
41266,3295444.56074286
41267,4833622.44876667
41268,4968021.13553333
41269,3308172.76573333
41270,5403977.17563333
41271,3688350.72963333
41272,4131624.67003333
41273,4906084.19886667
41274,3752195.1087
41275,4427909.025
41276,4197615.80774445
41277,4901727.08073333
41278,4892069.658
41279,5840663.15566667
41280,5016110.2046
41281,4451342.31441111
41282,4683248.56406667
41283,4020553.0767
41284,3038759.65423333
41285,4946857.55053333
41286,4706957.0084
41287,4896568.50233333
41288,4952738.7244
41289,4060828.2305
41290,4770075.90636667
41291,4930202.37488571
41292,3913448.86243333
41293,4518276.9988119
41294,4323662.636
41295,5334069.92966667
41296,5191228.52046667
41297,4121113.73223333
41298,4936384.4509
41299,5596839.45323333
41300,4298507.88688571
41301,3794663.58245238
41302,5368652.84956667
41303,4018768.4041
41304,3774134.79843333
41305,4355695.1715
41306,4660801.61033333
41307,4714208.2296
41308,3042234.2506619
41309,3827463.05906667
41310,4075619.24366667
41311,4210588.19976667
41312,4098880.51494444
41313,4665357.38096667
41314,2529744.91408095
41315,3434117.08046667
41316,4156343.48193333
41317,4089906.56769683
41318,4665806.49666191
41319,3392081.19001111
41320,3220220.64317619
41321,4363578.47186666
41322,3800712.83476667
41323,4821112.33086666
41324,4231285.03469524
41325,4142138.45613334
41326,5031684.5996
41327,5264833.03016667
41328,4085643.6075
41329,3728301.16873333
41330,3680472.3745
41331,5068119.3178
41332,3951113.72323334
41333,4588086.59204445
41334,4691750.47656667
41335,3914654.13006667
41336,4852984.10473333
41337,4755268.4776
41338,4095526.32054444
41339,3064705.80189206
41340,3826326.85423016
41341,5165882.06796666
41342,4620000.72136191
41343,4159858.5713
41344,3482590.26523334
41345,3978043.10053333
41346,3402859.4122
41347,4423730.84240476
41348,4110372.2719
41349,3420040.30454444
41350,4673084.2546
41351,3955513.33406191
41352,4425437.5275
41353,4299718.67483333
41354,4487887.8701
41355,4582779.41376667
41356,4461386.4138
41357,4616361.62466667
41358,4265880.1095873
41359,4192964.199
41360,4368545.9849
41361,5131653.42276666
41362,4626596.47093333
41363,4669614.9522
41364,4810368.7812
41365,3475968.48177302
41366,4834259.6711
41367,4609470.75333333
41368,3900074.20820476
41369,3959576.7226
41370,3816715.32186667
41371,5033300.87033333
41372,4430524.58433334
41373,3917223.44856667
41374,3031946.18741111
41375,5221714.73076667
41376,4560639.77153333
41377,4235551.57293333
41378,4291091.88843333
41379,4307006.47873333
41380,4754463.98276666
41381,3901436.99925714
41382,3866910.51716191
41383,4188539.29901111
41384,4128672.57173333
41385,4171242.12739207
41386,4242795.83733333
41387,4640899.69283333
41388,3693063.0231
41389,4221149.32075
41390,4094622.7865
41391,5123160.22146666
41392,3871501.20774444
41393,4386298.46531905
41394,4044677.8698
41395,3788666.62171905
41396,4437936.92653333
41397,4089866.31733492
41398,4654973.19496667
41399,5365534.4954
41400,3920401.39653334
41401,4410131.1144
41402,4352173.51629524
41403,4193069.89863333
41404,4715308.5869
41405,5481858.22786666
41406,4263319.13976667
41407,4441415.99993333
41408,4847647.73733333
41409,3223458.6478
41410,4259029.12893333
41411,3284417.97743333
41412,4488663.63303333
41413,4573415.94473333
41414,5039265.29583333
41415,5278050.58843333
41416,3546653.25226667
41417,5050977.62293333
41418,4839137.27243333
41419,4718248.08376667
41420,4899729.72493333
41421,4092410.0007
41422,4708929.04353333
41423,4974094.32116667
41424,4868151.97583333
41425,4834509.56503333
41426,5019584.53813333
41427,3823915.03610635
41428,4896643.7656
41429,3988504.1133
41430,3575208.68046667
41431,5067202.7257
41432,3080811.06301429
41433,4740608.56193333
41434,4194167.53732857
41435,4220475.1023
41436,4705725.56846667
41437,3399596.72687778
41438,3498237.62475397
41439,4361353.2773
41440,3937198.2562
41441,4947170.5576
41442,4665746.8061
41443,4443290.61953333
41444,4891640.9091
41445,4576664.5447
41446,4567306.7971
41447,3989196.06316667
41448,3989093.60149048
41449,4406664.628
41450,3662113.14694762
41451,4088756.73407778
41452,5106118.53203333
41453,4211739.4827
41454,4199398.20576667
41455,4859646.5087
41456,4137170.76306667
41457,3913087.96579524
41458,4833706.18323333
41459,2906374.2491381
41460,4566065.2765
41461,4108027.57696667
41462,4482288.65183333
41463,4911490.9618
41464,4789358.22003334
41465,3915884.62575714
41466,2992798.98779048
41467,4190502.25853333
41468,3468881.4219
41469,4290980.64523334
41470,4816776.2586
41471,4871130.1361
41472,5486480.71136667
41473,5479847.7619
41474,5169228.69676667
41475,4839303.43216667
41476,3884615.92297778
41477,4189037.45812857
41478,4566186.24826667
41479,6000920.61693333
41480,4519664.59933333
41481,3953473.95763333
41482,4176545.00386667
41483,4971454.24856667
41484,4752305.84403333
41485,4264377.19691428
41486,4486461.1168
41487,4289556.36479206
41488,3654613.64336191
41489,4180794.35986667
41490,4099868.682
41491,4332151.7552
41492,4251545.63822857
41493,4255530.47649524
41494,3525878.8592
41495,4162794.27170952
41496,4024822.13826667
41497,4220841.48283333
41498,5157511.49816666
41499,4059562.28783333
41500,4532273.45486666
41501,4112854.12116191
41502,4283823.84606667
41503,4682587.7406
41504,4522924.17496666
41505,4805416.93216666
41506,4711857.73136667
41507,4398554.9636
41508,4308632.69887778
41509,3972514.93152857
41510,3694507.82397778
41511,3838861.01026191
41512,4625893.69973333
41513,4161780.54004445
41514,4112293.86966667
41515,4512263.26186667
41516,4792762.49006667
41517,4939891.1114
41518,4379783.57791111
41519,5093075.2655
41520,4509767.82456667
41521,4452128.16923333
41522,4660256.44666667
41523,4459636.28576667
41524,4649578.95696667
41525,4516238.03816666
41526,4100950.2644
41527,4617082.25426667
41528,4674901.31813333
41529,4834129.45753333
41530,3535898.60744445
41531,5423090.68278571
41532,4434782.57612857
41533,4443186.07173333
41534,3280613.65164286
41535,4107784.9721
41536,4593576.62716667
41537,3989091.5646
41538,3549707.14783334
41539,3728788.3596
41540,4023252.8729
41541,3862706.18053334
41542,5042949.71318571
41543,3587074.42862064
41544,4883813.2499
41545,3675804.94143333
41546,5087265.65723333
41547,4664217.49783333
41548,4581036.38453333
41549,4281261.9556
41550,3225615.73323334
41551,4111588.01483333
41552,4841097.81236667
41553,3837216.15152064
41554,3218362.71490953
41555,4248282.24345238
41556,2493906.48459048
41557,3889691.63301587
41558,3946052.37503333
41559,3636068.95134921
41560,5063751.8183
41561,2971833.29022857
41562,4256164.90561111
41563,3864268.76013333
41564,5521318.75913333
41565,4201877.63646667
41566,2768828.35192381
41567,3577050.55222857
41568,4299944.01899048
41569,4793134.79884285
41570,5159678.3408
41571,3972477.6462
41572,3779310.77412857
41573,4065959.5536
41574,4669168.91843333
41575,3962561.63484445
41576,3866690.2122
41577,4024852.63696191
41578,4533579.97766667
41579,4700804.83503333
41580,4665906.59566667
41581,5267728.73163333
41582,4862259.96033333
41583,4391339.36186667
41584,4021528.96696667
41585,3728242.95338572
41586,3671121.416
41587,4036871.03613333
41588,3803509.29472857
41589,5118233.79644286
41590,4388380.65436666
41591,4149098.48821111
41592,5033058.0125
41593,4299561.01556666
41594,3777138.47093333
41595,3657969.76513334
41596,3759630.12446667
41597,4413240.19113333
41598,4752739.96216667
41599,4112536.3391
41600,3680528.5070254
41601,4068052.21423334
41602,4212163.91423333
41603,3741783.51203333
41604,2529744.91408095
41605,4185230.67596667
41606,4990864.72723333
41607,4988885.49083333
41608,4363413.9740619
41609,3983540.02316666
41610,4862495.6592
41611,4531146.5824
41612,4613972.17223333
41613,3837397.85700952
41614,4404430.24233333
41615,4677515.97566667
41616,3771446.31183333
41617,5055905.00763333
41618,3552751.28527302
41619,2590574.50780476
41620,3953319.54379048
41621,4538194.7936
41622,4333017.12253334
41623,4814256.5173
41624,4202158.46649048
41625,4809372.21106667
41626,4196368.85667619
41627,4718020.73796666
41628,3847359.24732381
41629,4284359.41565714
41630,3854297.7658619
41631,4620398.9003
41632,3339021.11120953
41633,4165380.43666667
41634,4611412.46566666
41635,4866120.97241111
41636,4342580.95896667
41637,3916876.07655238
41638,4351002.3298
41639,4488621.02549524
41640,4826177.13479999
41641,2827412.69213016
41642,4074746.40212063
41643,5068042.81866666
41644,4298989.88218572
41645,3623359.32558572
41646,4552111.8794
41647,4578168.92423334
41648,4520333.28363333
41649,4573154.28596667
41650,5336845.07812857
41651,5428527.0748
41652,4207392.7002873
41653,4413461.94145238
41654,4619537.5106
41655,4683220.31263333
41656,4524024.1606
41657,3975017.0215
41658,4915157.3657
41659,4881941.3664
41660,4921446.33913333
41661,4495179.2863
41662,4106770.24197143
41663,4397057.4905
41664,4089410.92089048
41665,4928072.75716666
41666,5142126.92131905
41667,4038074.4116
41668,4216848.11586667
41669,4059433.3026381
41670,4261290.04476667
41671,4003667.29046667
41672,4514002.4798
41673,3296975.17006667
41674,4395293.21106667
41675,4320453.13973334
41676,4733015.467
41677,4463541.1754
41678,4368436.03055714
41679,2858317.1323381
41680,4316347.56244762
41681,4047854.8736
41682,3603096.64177619
41683,3763721.7233381
41684,3504857.273
41685,4640251.13
41686,3952101.57346667
41687,4152787.8731
41688,5757871.8999
41689,2888496.46936825
41690,4204139.66953333
41691,4325988.09173333
41692,3491377.14406667
41693,4063075.22817302
41694,3907828.99557619
41695,4648430.17053333
41696,4365286.1049
41697,4260703.8372
41698,5129565.14356667
41699,4260526.15376667
41700,4329373.01013333
41701,4843943.2797
41702,4814018.97386667
41703,4259612.01263333
41704,4138478.6289
41705,4082964.95976667
41706,4228268.0919
41707,3842081.75708572
41708,4702418.46079524
41709,4861398.9581
41710,4182852.5339
41711,4022739.2129
41712,4372075.64056667
41713,4269526.22851111
41714,4438966.58623333
41715,4783348.28121905
41716,5421329.08628571
41717,4282862.14973333
41718,4416628.02122857
41719,3111593.17007619
41720,4181662.1087
41721,3191300.75587778
41722,3979177.1439
41723,4146373.0948
41724,4319952.8574
41725,4734310.7668
41726,3458805.88816667
41727,4690296.26376667
41728,4759705.2344
41729,4004353.99417143
41730,4554902.72536667
41731,5012535.66459999
41732,5408377.19726666
41733,4969427.93853333
41734,3743649.84114921
41735,4532120.1105
41736,4530590.15786667
41737,4590408.11013333
41738,5177027.2442
41739,4352857.10087778
41740,5438130.98346667
41741,4731442.3789
41742,3721946.04073333
41743,3395331.24797778
41744,3519621.19453333
41745,4228747.4058
41746,4567923.914
41747,4735019.78193333
41748,4703666.60746666
41749,4945805.15416666
41750,4594235.8529
41751,3336273.36476667
41752,4880964.9351
41753,4620206.60733334
41754,3801106.4087
41755,4557764.86956667
41756,3939038.147
41757,4094944.59683333
41758,3036868.154
41759,3520828.40217143
41760,4323208.8274
41761,4897596.89336667
41762,4634574.0052
41763,3460262.68813333
41764,4347506.6786
41765,4457549.25913334
41766,4412530.23916666
41767,4866793.8911619
41768,4040050.41793333
41769,4659460.36966666
41770,4729368.2477
41771,4697952.52696667
41772,4354945.46511667
41773,4154598.6193
41774,3573173.92967143
41775,4274998.48166667
41776,3882878.24210952
41777,4269678.65706667
41778,3047558.2351
41779,3814337.132
41780,4482313.86242381
41781,3697507.76907619
41782,4093034.43136667
41783,4455275.87893333
41784,4258070.57523334
41785,5139805.95165714
41786,5064995.3562
41787,4326639.88823333
41788,4059696.6317
41789,3878321.1109
41790,4634657.78837619
41791,4441168.86473333
41792,3924104.22086667
41793,4412621.66963333
41794,4253276.0471
41795,4525207.12686666
41796,3668540.97311905
41797,4559654.1908
41798,4644849.07396667
41799,4096719.72073016
41800,4526062.97643333
41801,4191795.6334
41802,5020471.5879
41803,4345660.19986667
41804,4206899.74643333
41805,5666666.2044
41806,4211406.09954286
41807,3929284.85773333
41808,5807318.92463333
41809,4704107.64196667
41810,5006155.27886667
41811,5022099.47233333
41812,4616663.1018
41813,4416357.74226666
41814,5300803.19816667
41815,4825899.428
41816,4365113.07353333
41817,4418021.60886666
41818,4598256.48236667
41819,4997931.3466
41820,4030289.54146667
41821,3949045.84434286
41822,4025120.60950476
41823,4228932.9662
41824,3824187.5973
41825,5082628.5019
41826,3445965.81399048
41827,4515415.35236667
41828,4773613.10873333
41829,5792045.28376667
41830,3743779.85232381
41831,4743434.4867
41832,4538072.81893333
41833,3166291.31703333
41834,4900335.44086667
41835,4959924.1757381
41836,4006091.72213334
41837,4539560.44943333
41838,3680811.86654286
41839,4077670.05647778
41840,4464800.2397
41841,4391818.11983334
41842,4455034.3819
41843,5033167.29406667
41844,4645797.60734286
41845,4299845.1242
41846,4458128.05761667
41847,4524368.15127778
41848,4344816.3668
41849,4778947.75986667
41850,4951355.80943333
41851,4070863.18516667
41852,4490349.38673333
41853,4225478.4304
41854,4528530.2557
41855,4652887.71956667
41856,5119083.2253
41857,4643096.21303333
41858,3852900.79643333
41859,4037561.80256667
41860,4495161.27276667
41861,5074381.04173333
41862,4937038.58886667
41863,3182317.42863968
41864,4840395.8636
41865,4257407.24657143
41866,3162134.71776667
41867,5163721.21973333
41868,4113136.9472
41869,4320869.41722539
41870,4467905.74253333
41871,3954752.04139524
41872,4580457.42896667
41873,4214133.82576667
41874,4501985.13349048
41875,4862601.65613333
41876,4469655.98783333
41877,3794753.78233334
41878,4265975.08116349
41879,4548958.6128619
41880,5264550.04383334
41881,4385769.0102
41882,4238010.48896667
41883,4084626.30683333
41884,4541165.90026667
41885,4826914.91916667
41886,5158158.9810619
41887,3502896.31002381
41888,3654716.57863333
41889,3733956.88673333
41890,3922594.44359524
41891,3500017.53634762
41892,4577664.83346667
41893,4840387.93506666
41894,4472951.84266667
41895,3591648.54369524
41896,3984793.45076667
41897,4054167.11616667
41898,4218057.84160952
41899,3780766.57859524
41900,5046577.92506667
41901,3553232.25603334
41902,4562718.38027302
41903,5189153.15613333
41904,5138122.06396667
41905,4245021.47827778
41906,4027926.80072064
41907,4551138.1917
41908,4606399.2069
41909,4859345.05997778
41910,3966995.84446666
41911,3626737.1741
41912,4976732.03301905
41913,4192203.03549524
41914,3529613.94103333
41915,4345458.56162857
41916,4223896.9683
41917,3569435.28745715
41918,4128355.2906
41919,4164712.46836667
41920,3376580.82453016
41921,4910044.2103
41922,3435348.98553333
41923,3997519.56669048
41924,4221857.1561
41925,4793558.31906667
41926,4102565.13194445
41927,3108465.6778381
41928,3653535.57763334
41929,4055754.6736
41930,4997640.4159
41931,4431638.32493333
41932,4030490.43660952
41933,4416707.40503334
41934,4063594.66236667
41935,3268507.23786667
41936,4624216.70226667
41937,3974868.45013334
41938,4334717.75446667
41939,3914065.30866667
41940,3887393.23499524
41941,4406350.36173333
41942,4209088.2663
41943,4349209.10131667
41944,4039386.84133334
41945,4665497.51600476
41946,4319397.47456667
41947,2873583.68727143
41948,4864383.09386667
41949,3754880.3709
41950,5244335.96483333
41951,4067346.40496667
41952,4389814.76166667
41953,4359144.955
41954,3145672.58530952
41955,4322193.2892
41956,4565757.553
41957,4780123.75053333
41958,4451315.60166667
41959,4994426.5747
41960,4532371.02563333
41961,5218343.51666667
41962,4054963.08445714
41963,5102474.12746667
41964,4449669.59576667
41965,4466198.86926667
41966,3960815.77553333
41967,4370086.33636667
41968,2838739.41086667
41969,3958366.7816
41970,4594880.18809048
41971,4304892.77386667
41972,4403684.05661905
41973,4659479.40356667
41974,4564112.20856666
41975,3811660.36542857
41976,4700233.95363333
41977,5060878.31561111
41978,4653544.87725238
41979,4398033.90384444
41980,4977590.06205238
41981,4079723.7752
41982,4972971.70103333
41983,5070567.21363333
41984,4852931.07033333
41985,4267969.71086667
41986,3634068.16180953
41987,4881033.6425
41988,4789609.02013333
41989,4583207.0709
41990,5101419.47121111
41991,4371159.0102
41992,4587106.52376666
41993,5389709.64983333
41994,4976518.42443333
41995,3726698.47196667
41996,4664760.21863333
41997,5383542.06181905
41998,4061228.0035
41999,4241415.09093333
42000,3853019.09633333
42001,4532974.49873333
42002,4966194.02386667
42003,3883473.65271111
42004,4179682.50188571
42005,4644706.56556191
42006,4623514.21073333
42007,3964605.83691111
42008,3997932.33680159
42009,4393242.2412
42010,4068912.36659524
42011,5176210.65383333
42012,4198282.25538095
42013,4130921.15843333
42014,4476556.70456666
42015,4613621.86876191
42016,4698976.01743334
42017,4671710.67166667
42018,4718822.21513333
42019,4069562.5064
42020,3938646.47716667
42021,4184103.9095
42022,5100134.7162
42023,3905231.6794254
42024,5263936.30441905
42025,4555729.4782
42026,3619515.32761111
42027,5293567.50663333
42028,4579990.10963333
42029,4565159.92003334
42030,3422567.58611111
42031,4310597.24666667
42032,4665480.2973
42033,3328049.8040254
42034,4653213.9717
42035,4466871.4543
42036,4915050.86876667
42037,4812128.22753333
42038,4380108.70333333
42039,4106285.26420476
42040,3935886.7266
42041,4826648.37753334
42042,5098516.2454
42043,3889394.14152381
42044,4083670.96405238
42045,3406675.6860619
42046,3755594.71826667
42047,4190437.27266667
42048,4518543.44198095
42049,3826200.06631429
42050,4272963.9185873
42051,4624808.65546191
42052,4633295.5002
42053,4375845.96109524
42054,5314489.384
42055,4507791.57776667
42056,4487330.8105
42057,4441588.60586667
42058,3410994.74910635
42059,4660103.28096667
42060,3519500.49447143
42061,2498568.59444762
42062,5073779.57483333
42063,4549131.2257
42064,5031768.90596667
42065,4095576.68706667
42066,5060085.89286667
42067,4257648.03513333
42068,4410698.94933333
42069,4249919.60463333
42070,3122353.88473333
42071,3660070.48883333
42072,4606821.3145381
42073,4591527.701
42074,5024381.8355
42075,3726949.0634
42076,4350762.97174444
42077,3494473.37716667
42078,5518317.4157
42079,4042434.3669492
42080,3994583.45330714
42081,4285587.59343333
42082,5239921.56396667
42083,4003648.13553334
42084,4907382.8239619
42085,3378880.07563333
42086,5356509.8659
42087,4032041.11305714
42088,4533942.3015
42089,4713015.92406667
42090,4400011.39756667
42091,3229973.29284286
42092,4458348.89396667
42093,4523258.85017301
42094,3951868.52731111
42095,4594264.82783333
42096,4825271.73401905
42097,4128483.42036667
42098,3593822.70594286
42099,4059757.66653334
42100,4936112.39925238
42101,4283005.48591667
42102,4636440.8647
42103,3521296.19013333
42104,4999899.24755238
42105,3721572.83946667
42106,3749406.08367778
42107,4213800.69391905
42108,4174743.13203333
42109,3872889.55316667
42110,5015016.01866666
42111,4475337.35433333
42112,4988117.4177
42113,4676392.54333333
42114,4094140.44873333
42115,4393886.5166
42116,4415032.36706666
42117,4432388.92576667
42118,3666978.93636667
42119,4481754.7962
42120,4775495.15733333
42121,4567314.00983333
42122,3959017.92423333
42123,3590379.50557619
42124,4487111.5655
42125,4798872.21751111
42126,4312930.2361
42127,4041828.26300476
42128,4320530.83904445
42129,4119922.06167778
42130,3658438.98000635
42131,4908605.2409
42132,2931179.3419
42133,3571476.19526667
42134,3341000.96460635
42135,4322899.27231111
42136,4831286.87713333
42137,4942188.4946619
42138,4315255.18893333
42139,3373710.03410953
42140,4669473.24936666
42141,5135335.145
42142,4458072.04834444
42143,5215418.42817778
42144,4048592.3232
42145,2696716.422
42146,4438152.34316667
42147,3174376.1367
42148,3751855.0674
42149,3423216.18143333
42150,4021811.21606667
42151,3130898.2986
42152,3755160.11787778
42153,5075883.58376667
42154,4128825.44471905
42155,3909113.7474
42156,3611076.19098571
42157,3699104.36646667
42158,3243263.08599206
42159,3857015.77456667
42160,4158177.07946667
42161,4096589.5439
42162,4765041.8858
42163,4983772.11197777
42164,4817287.5346
42165,3825398.73213334
42166,4023283.46565238
42167,4260960.98183333
42168,3825021.5435
42169,4645765.84723333
42170,3504551.93343333
42171,4019163.8066
42172,3225317.82441111
42173,4070983.4072
42174,4296624.1554
42175,3972682.34355714
42176,5205996.15745238
42177,4806430.68206667
42178,4404272.26153333
42179,3557812.39654762
42180,4755127.52923333
42181,4953781.70036666
42182,4637049.17336667
42183,3423644.79173333
42184,4572080.89728095
42185,4755523.59336667
42186,4513442.17113333
42187,4545791.34706666
42188,4593989.31011905
42189,4328820.60481111
42190,4446496.58689047
42191,4026167.66707619
42192,4145684.188
42193,3900418.40532381
42194,4661748.2262
42195,5171981.46146667
42196,3909718.52460476
42197,4763062.57073333
42198,6140928.852
42199,4569836.25739524
42200,4182422.09913333
42201,4227471.6088
42202,4787355.90726666
42203,4616630.41703333
42204,4705535.3095
42205,3912803.2735
42206,3978159.55306667
42207,3865963.30514445
42208,4541543.85033333
42209,3501784.19876667
42210,3731408.09360476
42211,2937165.35674286
42212,4764088.81577778
42213,3386793.91708095
42214,4192073.19292381
42215,3934890.70486667
42216,3208968.63706191
42217,4272947.85236667
42218,4580738.30243333
42219,4580449.50513333
42220,4928211.58724444
42221,4195762.11089524
42222,3705085.38320952
42223,4439315.13413333
42224,4578037.83106667
42225,4467319.73083333
42226,3356802.47704445
42227,4241238.5112
42228,4606915.00082857
42229,4078337.20546666
42230,4037426.78043334
42231,3604666.12804921
42232,4501678.17804762
42233,4941816.99642381
42234,4188396.39736667
42235,4312560.54245714
42236,4095576.68706667
42237,4126027.5821
42238,4459488.2686
42239,4059008.61215238
42240,4492057.65293333
42241,3500744.9735381
42242,3144725.41290476
42243,4724090.38413333
42244,4007254.2311
42245,4386323.25186191
42246,4578734.3406
42247,5025967.1267
42248,4514677.36203333
42249,4336367.41186667
42250,4026596.5171
42251,4370589.65759524
42252,4578362.51087777
42253,4757680.26713333
42254,4839066.82226667
42255,3783329.99423333
42256,3812303.18526667
42257,4266731.81945715
42258,4427047.60055714
42259,4657528.19486666
42260,4246890.00224285
42261,4703996.99879047
42262,3565704.4882
42263,3373710.03410953
42264,3886889.74866667
42265,3729649.03006191
42266,4740614.99505714
42267,4457385.09356667
42268,4974685.83693333
42269,4241486.7083
42270,4580288.44266667
42271,3488339.34746667
42272,4834648.1624
42273,4235910.56636667
42274,4635225.51284286
42275,3904031.4235
42276,5456630.95161904
42277,4448184.47706667
42278,4386060.99156667
42279,4811314.33133333
42280,4799544.79054286
42281,4197227.04086667
42282,4785100.95753333
42283,3912350.44416667
42284,3692408.77638095
42285,4094935.5909
42286,5116200.31733333
42287,4551115.83066666
42288,3877408.72484286
42289,3294419.07561111
42290,4628652.7252
42291,4573746.3021
42292,4531436.4939619
42293,4202793.1283
42294,4175644.63107777
42295,4855393.07345238
42296,3886753.59557778
42297,4129259.03171429
42298,3970661.58961111
42299,4198694.68263333
42300,5233641.0926
42301,3644345.71490635
42302,3754370.62055714
42303,3215010.55020635
42304,4334429.74059524
42305,4348259.6908
42306,3500368.60908095
42307,4798803.86866667
42308,4071808.7479
42309,4621100.609
42310,4685209.42963333
42311,4495393.08774285
42312,4503330.92369524
42313,5154207.63476667
42314,4725929.63143333
42315,4233102.9176
42316,3349219.77033016
42317,4781400.27356667
42318,3911957.3034
42319,4760492.36187778
42320,3351714.9522381
42321,3773337.67386667
42322,3916135.07673334
42323,3917516.55274286
42324,4364709.64193333
42325,4596621.5425
42326,4838490.09116666
42327,3914925.15322857
42328,4385104.07903333
42329,5400377.8477
42330,3848740.14080476
42331,4422585.9046
42332,4087752.94503333
42333,3323580.15733333
42334,2927666.37756667
42335,4460731.8264
42336,4575650.81993334
42337,4168133.5954
42338,3785092.50173333
42339,4074032.04826667
42340,4928866.10922381
42341,4557108.62903333
42342,4364795.04144445
42343,4317282.19251905
42344,4141220.833
42345,4044303.04643492
42346,5518062.4927
42347,4211685.7723
42348,4922758.41756667
42349,3072623.85233334
42350,3682026.6466619
42351,2956131.37281111
42352,4543229.80003334
42353,4436665.87354286
42354,4870164.81936667
42355,4406307.49436666
42356,5515421.9565
42357,5406362.02463333
42358,3864119.89824286
42359,4942086.375
42360,3156556.98725873
42361,3848542.22076667
42362,3941270.19314286
42363,4425029.69173333
42364,4612296.49993333
42365,2962054.22457143
42366,3440985.6896
42367,5148468.89923809
42368,4389137.47675
42369,3931973.68964444
42370,4321292.17226667
42371,4143923.94713333
42372,3802042.14571429
42373,4607623.46183333
42374,4323373.89608334
42375,3796388.0255
42376,4393405.2639
42377,4489472.0761
42378,4722959.1313
42379,4240377.9223
42380,3983599.84119524
42381,4989694.96503334
42382,4054011.47643333
42383,3728995.76936667
42384,4160589.2401
42385,3361883.89686667
42386,3713540.98963334
42387,3203246.84963333
42388,4258341.6615
42389,3796038.75990635
42390,4575715.59036666
42391,4800349.33916667
42392,4167569.12914444
42393,4061270.47226667
42394,4516388.84726666
42395,4136139.55086825
42396,4800178.78551904
42397,5372671.89613333
42398,4122426.20779524
42399,4708186.46993334
42400,5065491.4591
42401,3488574.00303334
42402,4023484.04469524
42403,4512647.70806667
42404,3952982.09359048
42405,4926908.22308571
42406,4553008.64856667
42407,4335450.29806666
42408,5164567.94213333
42409,3867909.65896667
42410,4188837.01826667
42411,4503146.93341111
42412,4644706.56556191
42413,3231622.80154445
42414,3785995.05556667
42415,4945730.58976667
42416,4342640.95333333
42417,4541485.4643
42418,5087753.4775
42419,4743917.76126667
42420,3397970.35887143
42421,4470756.23325714
42422,5183546.6438
42423,4051171.8848
42424,3516820.77534444
42425,4345935.40283333
42426,3974882.71556667
42427,4668993.74922857
42428,4002337.53186667
42429,3412030.11404762
42430,5148591.5831
42431,3912539.28033334
42432,4587527.50804444
42433,4502829.5509
42434,4422934.0515
42435,3579796.16567143
42436,4243498.7152
42437,4632281.03223333
42438,3917508.82663334
42439,4460752.04948572
42440,4890314.9908
42441,4955732.16903333
42442,4838681.9424
42443,4361140.39546667
42444,4124248.14276667
42445,4660215.10318571
42446,3839836.62558254
42447,3878697.11234444
42448,3212375.42305397
42449,4379666.60716667
42450,5429386.41176666
42451,4873563.42575714
42452,3744891.2413873
42453,3863776.41993333
42454,3957678.78363968
42455,5261680.04836667
42456,3963461.28454445
42457,5258014.89696667
42458,4135452.28489047
42459,5225372.75146667
42460,4203675.33654286
42461,5189670.3336
42462,4224287.30226667
42463,3435851.9670873
42464,4117078.3004
42465,4379475.62854762
42466,4004996.70640476
42467,4318304.28676667
42468,4422647.11039524
42469,4656233.035
42470,4529189.82463333
42471,4503386.15525714
42472,4004911.2988
42473,4264758.81009524
42474,4307402.51686667
42475,4049807.559
42476,4306944.72803334
42477,4776200.9333
42478,4234197.8537
42479,3796164.9947619
42480,4560946.8604
42481,4378995.7943254
42482,5154320.4
42483,4714490.52863333
42484,3973119.05857619
42485,3944381.14716667
42486,3816503.18157778
42487,4041862.45049524
42488,4023545.4907
42489,3743272.25314444
42490,4507515.3053619
42491,4624414.9825
42492,4645045.7826
42493,3999063.1715
42494,4173296.02574444
42495,4784438.21473333
42496,4973278.1333
42497,4278554.2584
42498,3372477.86921587
42499,4793408.62569524
42500,4754745.86915714
42501,5419821.37861905
42502,3464847.30250952
42503,4448582.55386667
42504,4372972.46207778
42505,3970611.50706191
42506,4160255.17065238
42507,4471816.36881111
42508,4861538.76256667
42509,4070081.55450476
42510,4225717.88233333
42511,3322134.31693334
42512,4311583.33668254
42513,3639212.59096667
42514,4954673.71926667
42515,4542393.55663333
42516,4047022.60446667
42517,4375273.1262
42518,4524415.1034
42519,3534519.73906667
42520,4016147.81273016
42521,4275218.95800952
42522,4782383.09263333
42523,3876471.01802381
42524,4642913.7292
42525,4541651.03433809
42526,4796555.72713334
42527,3017407.51535714
42528,4158225.18831428
42529,4401084.40803334
42530,3916018.453
42531,4437228.61202857
42532,4267394.00013333
42533,4640275.82409048
42534,3469493.44812381
42535,3879895.2096
42536,4528212.43038571
42537,4224312.4529
42538,4218448.37736667
42539,3885842.57076667
42540,4231621.22389445
42541,4166175.61639524
42542,4476525.3527
42543,4296596.45616667
42544,3269909.54354762
42545,4041919.94493333
42546,3470739.98463334
42547,3467059.20494286
42548,3357117.37183333
42549,4844330.40901905
42550,3797615.98685238
42551,3500925.67223334
42552,5051872.38723333
42553,4422765.43273333
42554,4567445.646
42555,4727650.51696667
42556,4642075.55792381
42557,4757073.64336666
42558,5783879.11525238
42559,3989357.70676667
42560,4104754.73586667
42561,4615384.8519
42562,4366008.89820953
42563,3234310.88420952
42564,2884454.10426825
42565,4583692.9124
42566,4938745.65818571
42567,4139716.89009524
42568,4884110.33172857
42569,3079535.55654286
42570,4188708.04033333
42571,4465853.05333334
42572,5114858.71556667
42573,5153435.0913
42574,4312298.12090953
42575,3613873.62023334
42576,4546399.39393333
42577,4783070.47673333
42578,4864032.4743
42579,4749390.02573333
42580,4645363.2735
42581,4789048.34626667
42582,4200101.36753333
42583,4201826.72599524
42584,4013317.9663
42585,3914363.37243334
42586,4695206.58073333
42587,4456390.05826666
42588,4302267.41548571
42589,4832309.83303333
42590,4577207.4576
42591,4369372.05426667
42592,4140664.54324444
42593,5908157.37986666
42594,4514675.63826666
42595,4965959.8884
42596,4646032.10253333
42597,4763436.15253333
42598,4327145.65840952
42599,4208083.99877778
42600,4096827.55293333
42601,4056959.53423333
42602,4789088.4438
42603,4488657.25026667
42604,2955538.6145381
42605,4518605.8932
42606,4046347.03713333
42607,3923503.5222
42608,4473969.712
42609,4201679.12049524
42610,4595491.98
42611,5468789.40116667
42612,4066003.94203333
42613,5107578.88913333
42614,3199655.00314762
42615,3782665.41463333
42616,4304551.34626667
42617,4700444.20956666
42618,4072636.7311
42619,3841011.7219
42620,3819749.67876667
42621,4308012.67733333
42622,5052861.66521111
42623,3869754.26121111
42624,3804791.78446667
42625,4694806.37342857
42626,4324226.32856349
42627,5132021.61073333
42628,4519146.9046
42629,4577434.02346667
42630,4572507.5397
42631,3910948.36471428
42632,4784028.90823333
42633,3236019.72153333
42634,4117001.16106825
42635,3010979.02955714
42636,4504232.85033333
42637,2611796.12698095
42638,3973394.1697
42639,4246061.00763333
42640,4235414.67526191
42641,4688979.03616667
42642,4944758.23502857
42643,4223707.62596667
42644,4322669.4286
42645,4791152.81993333
42646,4752801.07853333
42647,4476883.32402381
42648,3724981.47346667
42649,4755611.3738
42650,4498869.513
42651,4241392.92963333
42652,4816502.5333
42653,3718167.52738572
42654,3345908.7767
42655,4498095.11626667
42656,4475171.3101
42657,4672370.24146667
42658,4488103.54352381
42659,3813092.02400635
42660,3934447.8532
42661,4456438.64136667
42662,4194501.17726667
42663,4921641.7711
42664,4943837.30926666
42665,4486332.22953333
42666,4130038.38903333
42667,4667984.65330476
42668,3637433.22776191
42669,4390438.3215
42670,4642664.61984762
42671,4868252.89873333
42672,4964828.62610952
42673,4015918.1467
42674,3555127.08706667
42675,3649707.47266191
42676,4578522.1862
42677,3572529.56505397
42678,3701230.7153
42679,4899424.9808
42680,2765592.3493
42681,4583464.1426
42682,3973214.47476667
42683,4747657.19483334
42684,3851039.26666667
42685,4154552.1852
42686,4540336.05779524
42687,4215785.90426667
42688,3776786.46219048
42689,3540522.00330476
42690,5344520.62286667
42691,4060146.20406667
42692,3766887.16520952
42693,4699832.86536667
42694,3246112.40545397
42695,4704789.55614286
42696,4570824.81839524
42697,4669476.13513333
42698,3946239.5298
42699,3904799.33474444
42700,4542431.99686667
42701,4261235.59456667
42702,4512759.76733334
42703,6192344.7538
42704,4560994.2788
42705,4958947.76983333
42706,4688329.65946667
42707,4290779.0982
42708,4435654.42006667
42709,3307596.93257619
42710,5075677.5965
42711,4544419.86286667
42712,4656121.16769524
42713,4194808.78483334
42714,3920940.32583333
42715,4153649.01375714
42716,4787670.28362381
42717,4415532.13616667
42718,4094026.20766667
42719,4617568.4614
42720,4400689.46023333
42721,4831263.5686
42722,4331838.1094381
42723,4597565.9752
42724,3425309.98064286
42725,3894048.53630476
42726,4482841.40396667
42727,4184034.47525476
42728,4582670.25663333
42729,4815667.57530476
42730,3937718.44223334
42731,4578933.43976666
42732,5512266.11716667
42733,4136802.23216191
42734,4668934.46273333
42735,4598527.11304445
42736,3987462.23700952
42737,4892418.84076667
42738,4288060.27544445
42739,5364598.19826667
42740,4194524.57863334
42741,5287168.92855238
42742,3347320.04231587
42743,4765606.84498571
42744,4154871.56450953
42745,3979175.30363334
42746,3835526.14783333
42747,4423010.42966667
42748,3719144.3335
42749,4583302.13475714
42750,3999115.53296667
42751,4500601.64413333
42752,4039504.92034444
42753,3080574.88266349
42754,3944656.14606667
42755,4102539.34141111
42756,2656407.59136349
42757,4683889.15503333
42758,4641586.39710953
42759,4538039.7158
42760,4346727.37763333
42761,3921557.79416349
42762,4409432.83483334
42763,3195451.53043333
42764,3938735.36184286
42765,4543498.36278254
42766,3738387.4911
42767,5191991.06046666
42768,5260019.0822
42769,2598314.17214286
42770,4004896.97494445
42771,3630593.42844286
42772,4488537.11856667
42773,3704219.35701111
42774,4086996.34286667
42775,4359412.30553334
42776,4493213.10003333
42777,3351714.9522381
42778,4151978.27851111
42779,5191705.39463333
42780,4220416.65543333
42781,4304768.7816
42782,3868040.08464286
42783,4994872.838
42784,4877829.39456667
42785,3991772.8104
42786,4177930.16452381
42787,4427253.59146667
42788,4246868.53386667
42789,3839044.14006191
42790,4440981.9246
42791,4616343.79646667
42792,3986743.30196667
42793,3875885.66486667
42794,4532354.32466667
42795,4921945.17063333
42796,3897209.12294286
42797,5226051.24122619
42798,4015758.436
42799,3339015.71563333
42800,4535026.69146667
42801,4803094.5605
42802,4560582.3964619
42803,5011031.8956
42804,5001606.47296667
42805,4720760.93626666
42806,3961375.10593334
42807,5613368.53803333
42808,4624961.94393334
42809,3197340.97357778
42810,4393998.09263333
42811,4887537.18946666
42812,5421967.7066
42813,4824234.71583334
42814,4233880.06603333
42815,4372093.916
42816,4273561.07073333
42817,4516252.05153333
42818,4007382.68716667
42819,4823103.11133333
42820,4373312.24436667
42821,4210522.0631
42822,4493017.69927619
42823,3749164.52832857
42824,4077910.45176667
42825,4260012.0671619
42826,4622967.81706667
42827,4196580.544
42828,4758735.4389
42829,4109553.37481905
42830,3666769.5326
42831,4385843.31153333
42832,4481198.64147619
42833,4122101.26646667
42834,4445586.37683333
42835,3543155.42680952
42836,4389055.39553333
42837,4850805.42863333
42838,4241274.78578095
42839,4647048.8571
42840,5185293.49836667
42841,4459843.05589683
42842,4618272.7427
42843,4093103.36987619
42844,4474882.51373333
42845,4187017.1531
42846,4058097.8214
42847,4142672.3016
42848,4924628.98289524
42849,4127707.7836
42850,4448184.4435
42851,3789994.81536826
42852,3747600.58717778
42853,4526829.40766666
42854,5289727.82533333
42855,3976973.31990635
42856,4782959.00463333
42857,4760164.98606666
42858,5676393.96813333
42859,5213209.9165
42860,4089762.14768095
42861,4101961.52922381
42862,4516066.92762857
42863,4800955.99983333
42864,3966741.42911111
42865,3742567.14953334
42866,5201109.34418254
42867,4521449.4199
42868,4709139.70246666
42869,4628424.83003333
42870,4430283.77376667
42871,4023191.65686667
42872,4424667.4756
42873,4535050.29279048
42874,4788310.60183333
42875,4867104.4383
42876,4460577.83336667
42877,4322761.1725
42878,3762888.60274286
42879,4100186.79174445
42880,4560983.82133333
42881,3226315.47121111
42882,4328022.86394444
42883,3528031.47734445
42884,3433044.9929
42885,3895871.76554444
42886,4533413.25050635
42887,4354914.39336667
42888,3891812.50584445
42889,5066603.67953333
42890,4984739.75159999
42891,3502457.65240952
42892,4519459.0605
42893,4359701.26443334
42894,4317489.55023333
42895,4070505.6109
42896,4949938.31666667
42897,3597138.74916667
42898,3737760.12133333
42899,5129087.2552
42900,4496633.45513333
42901,4552075.05696667
42902,4891982.66476666
42903,5243839.10383333
42904,4541073.85266667
42905,5210464.95781428
42906,4228844.86173333
42907,4177001.4984
42908,4674801.72416667
42909,4441125.44283334
42910,3998436.17080952
42911,4728494.17946666
42912,3531536.79118254
42913,4555874.61236666
42914,3815148.73686667
42915,4281042.23293333
42916,3666009.33293333
42917,4232221.72616666
42918,4201196.58603333
42919,4866376.20939524
42920,4968015.44289524
42921,4022482.01602857
42922,3602384.58161111
42923,4135350.8688
42924,3826620.35749524
42925,3741498.01343333
42926,5195979.25806666
42927,4473654.7242
42928,4194761.22526667
42929,4052058.1208
42930,3912732.67173334
42931,4165208.73328571
42932,4274896.8036
42933,3823860.91917143
42934,4562343.26268254
42935,4725846.59783333
42936,4407372.0095
42937,3228174.17436667
42938,4286207.81491111
42939,4502411.78343333
42940,3693299.29924762
42941,3840034.32032381
42942,4163583.94570476
42943,3890706.95723809
42944,5291204.82096667
42945,3960183.84712381
42946,5020985.8159
42947,2891237.2853
42948,5190715.85933333
42949,4156795.4968
42950,4552151.35811429
42951,3855897.91362857
42952,3824749.58557143
42953,4173657.52356667
42954,4527345.63063334
42955,3446857.30734286
42956,4853187.1821619
42957,4072748.9051
42958,4298809.28036667
42959,5017268.3247
42960,4154514.64018572
42961,3956122.55243334
42962,4415973.2874
42963,4350331.84764762
42964,3830838.69433333
42965,4912428.72036667
42966,4226612.35516667
42967,4448309.45213333
42968,4307589.08781111
42969,4653548.19846667
42970,4903057.3364
42971,4112925.19453334
42972,3879028.97135397
42973,3643494.61751111
42974,4360663.01716666
42975,4395607.56804762
42976,3820522.65739047
42977,5019071.31783333
42978,4235096.51443334
42979,3867097.90726191
42980,3843538.9122
42981,3574563.93572381
42982,3791538.51977619
42983,3372949.21542857
42984,3699153.17905238
42985,4265826.71093334
42986,4613256.83476667
42987,4960073.67023333
42988,4413299.78906666
42989,4443339.7343
42990,5319538.74823334
42991,4814126.57063333
42992,4503496.27716667
42993,4955665.34764286
42994,4821583.0354
42995,4378009.75433333
42996,4510489.04397143
42997,4405146.72773333
42998,3606956.0231
42999,3847414.22516667
43000,3813653.8323873
43001,4339370.57583968
43002,3874467.28101111
43003,4504029.10193809
43004,3978724.04136667
43005,5497915.4183
43006,3993802.93786667
43007,4441410.3322
43008,4235027.3908
43009,3866929.24099524
43010,4470378.13580952
43011,4215612.91640952
43012,4524697.3247
43013,4125958.32814286
43014,4355631.95483333
43015,5191560.716
43016,4560264.94614444
43017,4516372.21346666
43018,4476921.36657777
43019,4451152.4802
43020,5062884.3313
43021,5479482.5421
43022,3473452.5662619
43023,4906510.48106666
43024,4979961.08403333
43025,3114066.7987
43026,4240838.30436667
43027,3250060.96196667
43028,4056926.08976667
43029,4585418.86613333
43030,3801533.27547143
43031,4403696.11426667
43032,4048390.34133333
43033,4815444.27818571
43034,3982498.97886667
43035,4105978.36894444
43036,4395647.66853333
43037,4820070.75583333
43038,3974277.6184
43039,4456485.3497
43040,4269723.75046667
43041,4049278.62994286
43042,4106595.11917143
43043,4309957.63493809
43044,4451983.85579524
43045,4361082.46874444
43046,3845519.7617
43047,4638157.1857
43048,3686755.24053333
43049,4169558.3105
43050,4729455.25933333
43051,4050890.19259524
43052,4581246.08676667
43053,4394900.60903333
43054,4320063.06263333
43055,3941412.5962
43056,4660622.07613334
43057,3981312.26086667
43058,4727743.91647778
43059,4838533.09313333
43060,4564904.94084286
43061,3904927.80767777
43062,3638234.12818254
43063,3986267.30303333
43064,4278404.22266667
43065,4845453.5659
43066,3969021.65046667
43067,4964409.8341
43068,3588448.79593333
43069,4252564.95463333
43070,4302062.09413334
43071,4055802.68776667
43072,4418062.18406667
43073,4904786.33566666
43074,4550526.4894
43075,4611679.14183333
43076,6002506.04106666
43077,4382130.3449
43078,4007707.02627778
43079,4270486.2313
43080,4044698.82446191
43081,4510803.2529381
43082,2913952.72555873
43083,4269617.42423334
43084,4464763.7488
43085,3384319.2029
43086,4060210.44176667
43087,4343607.84916667
43088,4475344.70606667
43089,3161785.9901
43090,4168757.7092
43091,4221054.12972857
43092,4325399.70773333
43093,4534757.75966667
43094,4267212.00977778
43095,5309890.87856667
43096,4159437.65396667
43097,5116215.7792619
43098,4006532.70974444
43099,3474000.35770953
43100,4501438.37116666
43101,4419197.49189524
43102,3894619.39413333
43103,3833129.41766667
43104,3536702.58007619
43105,4083941.36722857
43106,3918671.86173333
43107,4629082.44086666
43108,4009256.30676667
43109,4055226.4969
43110,3539197.12286667
43111,4598306.2762
43112,3726319.77754762
43113,3143514.83842063
43114,4446755.02967778
43115,4992767.23258571
43116,5028597.03873809
43117,4051584.87542381
43118,4086285.4757
43119,4219481.49956667
43120,3357536.83753333
43121,4370847.21734286
43122,5126248.21060952
43123,4589638.20601111
43124,4265409.56466667
43125,4902646.09316666
43126,3631257.40632381
43127,4554586.6742
43128,4940179.3319
43129,4348273.58006666
43130,3442256.94919048
43131,4755422.01907619
43132,4564943.84256667
43133,4403499.28126667
43134,4893004.6368
43135,2888085.29222064
43136,3968058.12991429
43137,4901473.0042
43138,3684673.03287619
43139,5708046.6114
43140,4483773.85125238
43141,4586501.08603333
43142,3916943.78223333
43143,5064757.62056667
43144,3588683.8892381
43145,4598497.57241428
43146,5047523.92653333
43147,4449986.3937
43148,4670278.1964619
43149,4722429.91973333
43150,4202786.42559285
43151,4625040.00523334
43152,4160214.05597778
43153,4185015.09903334
43154,4185236.01096667
43155,4484565.14592857
43156,2974741.10692857
43157,5072411.7878
43158,3767358.7045
43159,4515570.69456191
43160,4735727.0217
43161,4108151.13006667
43162,4112456.58300952
43163,4634069.53923334
43164,3641625.3757
43165,3816771.5429
43166,5933311.71066666
43167,4459011.60803333
43168,4459732.65893334
43169,4542271.62453334
43170,4312591.53676667
43171,4002021.78454286
43172,3070600.6892873
43173,5078330.4258
43174,4450024.31864445
43175,4764777.3777
43176,5783314.25336667
43177,4677500.50529524
43178,5138629.2329
43179,4760389.00696666
43180,4504685.5715254
43181,4278795.03393333
43182,5094287.25563333
43183,4504885.39083333
43184,4737540.12286667
43185,3879472.8439
43186,3955324.98365397
43187,4118051.63516667
43188,3801164.20430159
43189,4473225.73919047
43190,4944999.9922
43191,4658178.34813334
43192,3638991.4642619
43193,3378380.44793333
43194,4813970.04276667
43195,4857800.1726
43196,4521975.6928
43197,4735157.74506667
43198,4336182.16923333
43199,4944841.39063333
43200,5230741.78223333
43201,4715672.5174
43202,4199534.62336667
43203,4432890.11997619
43204,5561293.36773333
43205,6059803.9543
43206,4105570.55483333
43207,3894055.13873333
43208,4263059.00362381
43209,4675120.92666191
43210,3851390.346
43211,4854860.91743333
43212,4178831.56375
43213,4102681.57446667
43214,3657597.99936667
43215,4769111.55676667
43216,3244729.1747
43217,4961206.27073333
43218,3501789.75866667
43219,3992631.0232
43220,4452824.19893333
43221,4065448.7225
43222,5279930.10586667
43223,5157330.97773334
43224,3208968.63706191
43225,4898530.156
43226,3949092.78786667
43227,3711133.52851111
43228,4820403.26093333
43229,4447352.9429
43230,3405665.41006667
43231,4597769.9214
43232,4247452.73350476
43233,4293140.63306667
43234,5114391.8867
43235,4910551.80936667
43236,4689198.4507
43237,3794130.60044286
43238,3315467.22236667
43239,4577403.26636349
43240,3731751.03879524
43241,4289774.8728
43242,3702309.06991111
43243,4638574.09683334
43244,4728818.19153333
43245,4403562.98136667
43246,3994754.95555238
43247,3899549.81056667
43248,3735319.82983333
43249,4785736.61243333
43250,3187054.64567778
43251,3747594.00853334
43252,4488196.41306825
43253,4000193.33378254
43254,4876161.27633333
43255,4837177.79333333
43256,4875735.17266667
43257,4557383.9916
43258,5076251.23708571
43259,4353510.67453333
43260,3185728.37112857
43261,4241316.18261905
43262,4532083.95576667
43263,4145366.41197778
43264,3944944.12826667
43265,4599006.01303333
43266,4670455.23906667
43267,3869425.71436191
43268,5319151.77173333
43269,3701976.44546667
43270,6256978.30836666
43271,3932219.2795619
43272,3239286.69443333
43273,4613559.49006667
43274,4139066.32679524
43275,3052781.63499048
43276,4415829.17685714
43277,4705519.19676667
43278,4371320.27016667
43279,4478395.2946
43280,4537477.67071905
43281,3927539.04726667
43282,4006660.73624445
43283,4582364.99597619
43284,4168607.61146667
43285,4019522.93844445
43286,4168694.96963333
43287,3502729.39078095
43288,4953009.5551619
43289,2929987.3077254
43290,4355759.98516667
43291,4370940.4737619
43292,5559285.24646667
43293,5114497.3068
43294,3815714.68599524
43295,4061782.1191
43296,4580673.3222
43297,5189967.2097
43298,3819119.58053333
43299,5046419.44466666
43300,3504164.73653333
43301,4547089.01294444
43302,4538905.1665
43303,5195463.20683333
43304,4617745.245
43305,4356594.06948095
43306,3929524.77117619
43307,3802545.61957143
43308,4028984.95766666
43309,3968329.59147778
43310,3719732.49497619
43311,3352985.5322254
43312,3301331.91814286
43313,4712918.57086667
43314,4096488.1507
43315,5379064.70708572
43316,4548326.75593333
43317,4686926.0798619
43318,4681239.22353333
43319,4180015.00493333
43320,3400347.95476667
43321,4165371.3166619
43322,3890556.21683969
43323,4240896.48586667
43324,3947031.44706667
43325,4131841.24223333
43326,4095014.75774444
43327,4199785.29323333
43328,4377137.8968
43329,4641010.92843333
43330,4478847.08913334
43331,4276245.44903968
43332,4965175.71676667
43333,5072824.00964444
43334,4021740.49257143
43335,4433083.2413
43336,3886246.98516667
43337,4265703.8439
43338,4133213.28796666
43339,4869750.83047143
43340,3373186.04426667
43341,4676332.9657
43342,5247851.6252
43343,3997456.60326667
43344,4455489.4606
43345,4808708.09016666
43346,3451729.70737778
43347,4126762.37073334
43348,3691412.21306667
43349,4846322.9426619
43350,4061204.26856667
43351,3740838.24622857
43352,4527086.03666667
43353,4226206.1412
43354,4189804.64883333
43355,3728815.16996667
43356,5164761.7193
43357,4632850.55916667
43358,4080313.7148
43359,4013855.0637
43360,3242580.06677143
43361,3718537.1585873
43362,3556297.5882
43363,4431892.92294762
43364,4402878.90798334
43365,3941622.76633333
43366,3349171.09947778
43367,3139306.78155714
43368,3057568.68423333
43369,4838830.82203333
43370,3045032.93372381
43371,4582161.74193334
43372,4678261.43596191
43373,4155431.55104444
43374,4386539.7863
43375,3947828.9046
43376,4265138.73623333
43377,4014473.44929524
43378,4192731.0671
43379,4055189.68900476
43380,5337990.80906666
43381,3840034.32032381
43382,4351092.02644444
43383,4190892.063
43384,3482191.80807143
43385,3941108.07423333
43386,4362362.48506667
43387,3334943.60456191
43388,3803637.6574
43389,4572291.00391667
43390,4503062.18619524
43391,4289639.1169
43392,3144615.91861429
43393,4750419.43533333
43394,3737406.91339207
43395,4315283.61299524
43396,3371523.03834286
43397,4126028.62163333
43398,2748766.17640952
43399,3411851.45314286
43400,4821993.27847619
43401,4220091.8414
43402,4676291.98886667
43403,4667585.18496667
43404,4731059.84323333
43405,4490789.00023333
43406,4372955.8854873
43407,3898430.03154921
43408,4971219.46709524
43409,2943247.08187143
43410,4271486.4566
43411,4024221.6127
43412,4377038.33836667
43413,5103222.8816
43414,4950034.65766667
43415,4420062.98186667
43416,4356079.8777381
43417,3401901.48387619
43418,4106620.41
43419,3505641.2454619
43420,4610753.89536667
43421,4311860.8669
43422,4467595.2447
43423,4326435.85032857
43424,4613869.102
43425,4367908.45842381
43426,5204748.97876667
43427,4629910.19296667
43428,4260466.6315
43429,4324520.48113333
43430,4458920.26816667
43431,3762497.7531
43432,4627261.77090952
43433,4605059.49513333
43434,4170832.58196667
43435,4448110.88476667
43436,4917538.1409
43437,4650980.06656667
43438,4722191.8756
43439,4639938.2469
43440,4066924.0414
43441,4580157.96421905
43442,4950946.0477
43443,4737043.1302
43444,4742583.89423333
43445,4597228.52
43446,3569561.48966667
43447,3409574.39826667
43448,4883038.52856667
43449,3619482.4966
43450,4414344.59073333
43451,4151269.2605
43452,4455468.98233333
43453,4238320.5923619
43454,4175032.01853334
43455,4277482.93796667
43456,4004718.5083
43457,3885629.0268
43458,4530687.45453809
43459,4525139.21069048
43460,4281975.32202857
43461,4492503.30613333
43462,4406599.1637
43463,4467572.5744
43464,5042824.82203333
43465,4245562.0551
43466,3902097.8769381
43467,3621351.319
43468,4462984.98683333
43469,4620380.43966667
43470,3576028.06116667
43471,4426635.39676666
43472,3973433.8476
43473,5470669.40783333
43474,4812413.80206667
43475,4856699.83946666
43476,4888606.96066666
43477,4287662.26496666
43478,4679738.1934
43479,3912080.50842857
43480,4163241.9618
43481,4374021.03946667
43482,4998827.6874
43483,4057843.93139524
43484,4148704.14726667
43485,3376014.49806825
43486,4083306.22127778
43487,4509306.73824444
43488,5304504.18523333
43489,3958321.06203334
43490,3444387.26534445
43491,3817438.37742857
43492,4910199.88836666
43493,5109722.33307619
43494,3967782.4825
43495,3875053.59320159
43496,4531944.28263333
43497,4377251.94507778
43498,4375534.10274445
43499,3820861.7005
43500,3300048.8637
43501,4740321.7836
43502,4968472.0554
43503,3959025.39483334
43504,4306313.8841
43505,4087691.33751111
43506,3582910.78515714
43507,4591525.1211
43508,4620478.76983333
43509,3847815.94112857
43510,4808457.15996667
43511,4570445.42393333
43512,4800928.85313334
43513,4893362.58211904
43514,4235333.0147
43515,4450083.58616666
43516,4210753.7875
43517,4346501.11126666
43518,6182442.02886666
43519,5029732.9459
43520,5735978.80993333
43521,4683796.10843333
43522,3575853.80541111
43523,3613873.62023334
43524,3946991.87141111
43525,5147122.0082
43526,2572033.93063016
43527,4851636.5664
43528,4629724.24053333
43529,4725280.05493334
43530,5366929.22118571
43531,4431930.68733333
43532,4729331.3531
43533,4689710.462
43534,3444549.80012857
43535,4981495.7328
43536,4149680.96031429
43537,4791048.0234
43538,4549328.00333333
43539,4525118.32161667
43540,4034667.61833333
43541,4434130.9386
43542,3509811.45756667
43543,3755602.60474445
43544,4365335.98196667
43545,3970950.28403333
43546,5009910.7008
43547,4398787.03234444
43548,3732424.20589207
43549,3862585.90673334
43550,4380825.83303333
43551,4111269.1461
43552,5107612.99076667
43553,4364257.88756667
43554,4415976.09516667
43555,4537530.23476666
43556,4353090.21473333
43557,4588322.58213333
43558,4387907.59186667
43559,4074257.60194444
43560,3648847.42637619
43561,3773347.27644445
43562,4673293.75432857
43563,4319444.29553333
43564,4330588.84223333
43565,5099405.10723333
43566,4105112.11493333
43567,3622948.66102381
43568,4710342.89386666
43569,3987374.59034286
43570,4911560.56485238
43571,5248702.0421
43572,4598736.57133333
43573,3373710.03410953
43574,4340117.87391111
43575,4710023.229
43576,4201195.95888095
43577,4883327.80983333
43578,4754745.86915714
43579,4660195.81226667
43580,4513547.27686667
43581,5040632.1888
43582,4760830.32796667
43583,3840495.3394
43584,4114704.20843333
43585,4408027.93456667
43586,4521806.75110952
43587,4184791.45258333
43588,4873543.22853333
43589,3857356.7143
43590,5122313.18433333
43591,4387474.0215
43592,3700493.2443381
43593,4615353.70935238
43594,5104927.8632
43595,3285347.41540952
43596,4294481.7908
43597,4508986.69126667
43598,3862821.25164286
43599,4049572.35176667
43600,4247065.20063333
43601,4076793.05066667
43602,4115586.4569
43603,4911674.0145
43604,5205383.10924762
43605,4449780.97607778
43606,3162282.40976667
43607,4271184.53496667
43608,4604478.07346667
43609,4568593.67716667
43610,5442215.977
43611,4410978.18434762
43612,3845724.70926667
43613,4876811.60893333
43614,3560237.36833334
43615,4110375.61953333
43616,5094665.8173
43617,3693309.03502857
43618,4398705.72283333
43619,2878143.47418095
43620,3839995.6574
43621,4392670.59241667
43622,4483195.99062857
43623,4943785.6086
43624,3333040.95514444
43625,3602582.6777
43626,4433063.91124444
43627,4466042.78245238
43628,4622800.75963333
43629,3380388.5743873
43630,4553211.98486667
43631,4233959.06300952
43632,4691973.845
43633,4167536.7476
43634,3758689.18063333
43635,4313229.90609524
43636,5625323.21683333
43637,4587996.22718095
43638,4122430.54323333
43639,3924920.60726191
43640,3969761.54976667
43641,4929111.6151619
43642,4228772.30523333
43643,3219437.38033333
43644,3216881.04071111
43645,4368205.6394
43646,4854432.14863333
43647,4862036.11703333
43648,4614355.50646667
43649,5309027.40596667
43650,4730274.48345
43651,4071509.82016666
43652,5141428.86646667
43653,4592724.2788
43654,3984996.41976667
43655,4084077.171
43656,3970180.9937
43657,4687025.65555714
43658,4668809.1511
43659,4022919.1782
43660,4097595.69817619
43661,4118727.80135238
43662,4195365.75376667
43663,4237460.64263333
43664,3613375.04743333
43665,3771251.64006667
43666,4505703.19123333
43667,3020300.71626191
43668,4678206.7808
43669,5209697.8729
43670,4444543.84455
43671,4608350.95214445
43672,3599993.4309
43673,4332755.2074
43674,4298909.55132619
43675,4321286.65343333
43676,4905402.52373333
43677,4075157.88731428
43678,4395903.0464
43679,4430148.96784444
43680,4735507.62671111
43681,5338619.45866191
43682,2997900.14587619
43683,4151891.4596
43684,4401027.69256667
43685,4538228.46436667
43686,4479604.67496666
43687,4356308.1682
43688,3487003.8997
43689,3236958.79235715
43690,3915090.64433334
43691,4858784.13647778
43692,3026725.2267381
43693,4531761.90799048
43694,3352241.42122857
43695,5163248.57906667
43696,4066066.8034
43697,4387678.50157778
43698,4054021.83503333
43699,4287785.54626667
43700,3496235.33332381
43701,4494821.24739524
43702,4186990.82561587
43703,5189732.94636667
43704,4061539.87022857
43705,3100094.81081429
43706,4607192.44973333
43707,4940894.98873333
43708,4607984.2363
43709,4758315.11
43710,3827427.7798
43711,3598061.48771905
43712,4612035.99986667
43713,4775592.03159524
43714,3277765.33646667
43715,4424353.46089524
43716,4825184.03213333
43717,4575105.56936667
43718,4795499.70686667
43719,3905580.77878095
43720,3467844.18736667
43721,4940541.5592
43722,4641137.8122
43723,3548665.30049524
43724,4537155.06413334
43725,4957056.01013333
43726,3356559.09839524
43727,4137247.96476667
43728,4446710.90963333
43729,4669869.63943333
43730,4224611.41213334
43731,4021366.28666667
43732,4379889.26399524
43733,4787066.56873333
43734,4390850.10746667
43735,3758054.91413333
43736,4632847.90586667
43737,4034996.85567778
43738,4602600.6469
43739,5128735.0857
43740,4833479.61746667
43741,4829918.72633333
43742,3826764.02940476
43743,4435019.9192
43744,4270979.20245238
43745,3916341.37946667
43746,3941389.18003333
43747,3472414.69367778
43748,4462440.11751111
43749,2971618.75358254
43750,4539005.90686667
43751,4576009.52783333
43752,3893742.50513333
43753,4432505.95123333
43754,4207255.06915714
43755,5412026.10566667
43756,4118740.43773333
43757,2544120.70262381
43758,4608433.46583334
43759,4597695.94496667
43760,4332944.4582
43761,5151738.00496667
43762,4571140.2662
43763,5013859.28896666
43764,3655149.08533333
43765,4336634.82146667
43766,4094381.88936667
43767,4310160.8235
43768,4806103.8402
43769,3342450.45409524
43770,4091916.26904444
43771,3594741.36473334
43772,4892809.9545
43773,3487459.70733333
43774,4224150.7931
43775,4244159.57083333
43776,4351629.0795
43777,4372953.39079047
43778,3305544.15524445
43779,4535000.01926667
43780,3979907.7568
43781,4527240.62686667
43782,4136720.68016667
43783,4293304.6194
43784,3933910.98749524
43785,3558668.6672
43786,4630223.58176667
43787,5211562.79299524
43788,4781270.1606
43789,4737021.82723333
43790,4536324.59693334
43791,3381128.93098095
43792,4062212.38785714
43793,4265814.3432
43794,4353399.24827778
43795,4548899.96203333
43796,4341672.49002381
43797,3540356.72946191
43798,4821928.3099
43799,4088703.29596667
43800,3949960.43597778
43801,4190941.46633333
43802,4738363.31076667
43803,4594701.40863333
43804,4297492.9914
43805,4398755.53513333
43806,4442664.77786667
43807,4279037.60296667
43808,4949547.79133333
43809,4055770.61656667
43810,3974566.0279
43811,4679484.52273333
43812,3716082.0267
43813,5011836.5548
43814,2881082.64430952
43815,4022907.59573333
43816,4147523.02245238
43817,4651828.80196667
43818,4105709.04034286
43819,4659658.75514444
43820,3345948.67256667
43821,5408561.19076667
43822,4624314.18643333
43823,3952379.00686667
43824,4774519.58149048
43825,5113138.8801
43826,4587791.84249524
43827,4855756.41882857
43828,2905961.47216667
43829,4336807.86494286
43830,4439824.0549
43831,5058678.80295238
43832,4302771.74686667
43833,3536981.93167619
43834,3525817.50246667
43835,3222008.62027301
43836,4173996.71833333
43837,4963818.19742381
43838,4185437.5976
43839,4439117.80896667
43840,4405450.89652857
43841,4160212.30887619
43842,3919146.02813333
43843,4217081.5408
43844,5345037.21848571
43845,4247793.82447619
43846,4542815.05643333
43847,4337923.2548
43848,4349944.0367
43849,4315778.70846666
43850,4353915.20835238
43851,3967049.96553333
43852,2914761.46102063
43853,4383859.5827
43854,4505649.06696667
43855,5117075.76726667
43856,4707091.17939524
43857,4002544.27923333
43858,4453709.67532857
43859,4276964.65856667
43860,3285256.36397778
43861,4179810.59286666
43862,3630533.54123333
43863,4861293.2328
43864,4834033.2370619
43865,2799271.54276667
43866,4669827.8431
43867,4487719.22727143
43868,4221091.57426667
43869,4571787.05769682
43870,4743559.7408
43871,2818186.14034286
43872,3765371.06792063
43873,4021339.48497778
43874,5358147.4662
43875,4279862.58145238
43876,3993699.45227778
43877,3856735.10615715
43878,4461476.51483333
43879,4809047.15456667
43880,4952782.13863333
43881,3382254.497
43882,3202648.2111
43883,5381268.8686
43884,4560956.32103333
43885,3991485.12596667
43886,3848336.92439047
43887,4665850.70406667
43888,4306998.22457302
43889,3746965.16466667
43890,5017528.85676666
43891,4893706.4188
43892,3236958.79235715
43893,4536138.58426666
43894,3896105.18318572
43895,5065084.26406667
43896,4924437.4004
43897,5023724.0633
43898,4040205.26014921
43899,3688317.01185397
43900,5030147.9992
43901,4449717.59856667
43902,3563120.05073333
43903,4708543.83146667
43904,3866088.1885
43905,4342144.63866667
43906,4033183.0991
43907,4570667.14791904
43908,4585138.37043334
43909,4069244.8114
43910,3502812.22050635
43911,4027713.79035714
43912,4119283.38229048
43913,4910557.49493333
43914,4195526.20283333
43915,4700469.1011
43916,3993895.62146667
43917,4832645.8595
43918,4331844.67580952
43919,5724413.86296667
43920,3487838.7346
43921,3925755.55876825
43922,4321134.73466667
43923,4970602.36964286
43924,4565856.4656
43925,4310908.6719
43926,4742424.63193333
43927,4664666.05381111
43928,2890013.7251
43929,4643980.18176667
43930,4723963.1092619
43931,4094861.23713333
43932,3993261.97286667
43933,3848763.06803333
43934,4963008.27263333
43935,3929059.16756667
43936,4524161.2317
43937,4899685.5313
43938,4439753.7393
43939,4340576.41536667
43940,4658940.6372
43941,4839252.1458619
43942,4590501.70044286
43943,3927758.56846667
43944,4261355.04973334
43945,2832178.60806667
43946,4063384.53066667
43947,4098114.36784444
43948,4046871.36779524
43949,5043919.7941
43950,3834649.52943333
43951,4770587.62951111
43952,5566641.96496667
43953,4814929.55203333
43954,4026721.47116667
43955,4235470.79346191
43956,3773074.09652381
43957,2715639.89707143
43958,3904348.85093333
43959,4213352.91679683
43960,4482259.3464
43961,3935748.31113333
43962,3907124.23535714
43963,4141534.13753333
43964,3916111.39026667
43965,5165832.14583333
43966,4494174.43287619
43967,4873147.8911
43968,3079133.5621381
43969,4660610.50543333
43970,5791391.35013334
43971,4443529.7991
43972,4406126.6054
43973,4656987.53876667
43974,4327269.45083809
43975,4491940.75195714
43976,4497472.79001428
43977,4396903.28456191
43978,4394861.57446666
43979,4437194.24317778
43980,4074160.69004445
43981,5176832.04723334
43982,4407182.04546667
43983,4545311.59596667
43984,4762183.92223334
43985,4453993.6997
43986,4235875.23065
43987,4275553.26663334
43988,3638087.28426667
43989,5336388.86205238
43990,4324881.1163
43991,4719434.23920238
43992,4660953.28286667
43993,4409193.32973333
43994,4004340.94793333
43995,3786407.48753334
43996,4690521.7404
43997,4049647.39126667
43998,4511358.89579524
43999,4381102.5244
44000,4701690.30796667
44001,4022692.06376667
44002,5560586.9651
44003,3401015.79863334
44004,4330825.51435
44005,2711878.66694286
44006,4646768.0207
44007,3889622.1067
44008,3872299.89893333
44009,3725198.49770476
44010,4530109.23433333
44011,4851837.10916667
44012,4112475.26030953
44013,4372512.4988
44014,4599982.44750476
44015,4087522.95333334
44016,4078698.41937619
44017,4027560.58236667
44018,3416805.57135714
44019,2358855.05104286
44020,3918162.16226191
44021,4860568.2025
44022,4263489.62168333
44023,3150836.59135397
44024,4018370.1089
44025,4315691.09586667
44026,4867816.2779
44027,4754539.47125238
44028,3699342.62611429
44029,4257003.2661
44030,3307714.55056667
44031,4544868.48643334
44032,4384931.385
44033,3154026.76230953
44034,4088696.60279048
44035,5045587.37503333
44036,4649740.74956667
44037,4100877.2831
44038,4152553.63366667
44039,4041075.71763333
44040,4600397.70143333
44041,4620712.35943334
44042,4455499.42913333
44043,5226249.9813
44044,5047188.9845
44045,4519631.0755
44046,4456419.22416667
44047,5075548.44343333
44048,4103949.45005238
44049,4920725.64242857
44050,4210309.7164
44051,3403064.9115
44052,4284645.0116
44053,4453846.19416667
44054,4389930.5167
44055,5941875.8741
44056,5024826.84664762
44057,5051400.53316667
44058,3198355.4482
44059,4375172.33329524
44060,4596076.29313492
44061,4229302.43173333
44062,4389178.86583333
44063,5524823.01118572
44064,4814626.87896666
44065,4926908.22308571
44066,4847427.63913333
44067,5084387.68193333
44068,4123880.14823333
44069,4699805.74393333
44070,4015865.7097873
44071,3980993.39666191
44072,4226019.16961905
44073,4496381.0402
44074,4242369.11401905
44075,3770064.02156667
44076,2810389.36369048
44077,4530170.34273333
44078,4358041.74411111
44079,4367069.60973333
44080,3850445.13247143
44081,2621641.21652381
44082,4688290.1788
44083,3702478.49373333
44084,4298818.95753333
44085,4246488.58661111
44086,3163174.20494444
44087,4149972.51303333
44088,3881181.51422381
44089,4361054.44891111
44090,5082947.71176666
44091,4184797.72613333
44092,2606920.87730952
44093,4014883.92693333
44094,5258959.40846667
44095,5342465.7756
44096,4823656.89796666
44097,4442679.61735714
44098,4440034.50203334
44099,4192928.27916191
44100,4532627.4587
44101,4955924.74263334
44102,4595652.55666667
44103,4133091.3251
44104,4505050.11593333
44105,4089893.62386191
44106,4241976.73846667
44107,4212136.0809
44108,4829546.55173333
44109,2529744.91408095
44110,4123526.58046667
44111,4718116.0796
44112,4967409.23843333
44113,5123289.19896348
44114,4472254.40959206
44115,4544943.07808571
44116,4050975.78233333
44117,3651945.39044444
44118,5641559.67553333
44119,5139349.92356667
44120,4479387.91056666
44121,4531076.74333333
44122,4080241.44738095
44123,3739869.10076667
44124,4526933.06593333
44125,4593788.3277
44126,4551461.3956
44127,4298822.24812381
44128,4266851.06369524
44129,4000648.22333333
44130,5004775.23383333
44131,4306776.34726667
44132,4138950.8728
44133,3218372.87384444
44134,4264845.14814444
44135,4807144.01774286
44136,4455026.21154285
44137,5085509.913
44138,4574299.55386666
44139,4775884.20001905
44140,4762389.61253333
44141,3801287.8859
44142,3994838.55176667
44143,3761388.93346667
44144,5230224.64413333
44145,4973326.01476667
44146,4449579.10174286
44147,3536756.84119524
44148,4372965.95471111
44149,3832057.6306381
44150,5259507.15021904
44151,3771751.06494286
44152,3718652.83636667
44153,5172135.3298
44154,4894248.557
44155,4425402.23143333
44156,3521808.37297778
44157,3638680.07830476
44158,4587082.1685
44159,4161548.82014286
44160,4731943.49366667
44161,4148635.3187
44162,4772584.79613333
44163,4067851.63284762
44164,3329385.07776667
44165,4694281.1267
44166,3897871.7935
44167,4371182.5774
44168,4444114.00283333
44169,4748912.58096667
44170,4278258.09233333
44171,3872118.7001
44172,4436884.6785
44173,4274095.28256667
44174,4673931.98716667
44175,3917347.66566667
44176,4295821.47116667
44177,5554454.18536666
44178,4112090.40291111
44179,4497984.58569524
44180,4772005.585
44181,4442255.19743333
44182,3431464.78593333
44183,4575677.78726667
44184,4426636.41313333
44185,4006936.2169
44186,4963008.27263333
44187,3968868.0102
44188,4869474.6034
44189,4769496.4773
44190,3054870.32776667
44191,4902781.80403333
44192,3759633.42397619
44193,4365423.1217
44194,4833418.08501111
44195,4171347.7585
44196,4252215.64803333
44197,4647355.56833334
44198,3588467.05023333
44199,3677988.60696667
44200,4677347.73706667
44201,3769933.52032619
44202,3544967.5056
44203,3800203.47
44204,4866006.96876667
44205,4888967.81126666
44206,4823643.37773333
44207,4753811.51936667
44208,3988422.57456667
44209,4475786.4265
44210,3826972.82452857
44211,4198726.62726666
44212,4119243.31436666
44213,3910678.4222
44214,4660701.48606667
44215,3176083.41112857
44216,4320545.55993334
44217,4530184.84843333
44218,5074272.4551
44219,4543504.95646666
44220,4756253.17823333
44221,5119305.4919
44222,4892032.55913333
44223,4120745.6217
44224,4053492.37133333
44225,4023670.50112857
44226,4850318.1879619
44227,5045774.46511905
44228,4462882.84456666
44229,4404466.64522857
44230,4507614.89093333
44231,3850689.9244
44232,3971723.38746667
44233,4123653.74216667
44234,4585697.26845
44235,4655998.49917619
44236,3962025.81034921
44237,3144022.377
44238,4043429.35813334
44239,5585928.03446667
44240,4483823.90793334
44241,4786672.25756667
44242,3388264.22536667
44243,4228095.3939
44244,4386596.36896667
44245,4209907.63700635
44246,4317825.67723333
44247,3924959.32223333
44248,3735883.8016
44249,3360571.2139
44250,3925440.93724762
44251,3546476.06762857
44252,4832825.94793333
44253,4152220.7339
44254,4062841.44826667
44255,4002230.17026667
44256,4011778.38298572
44257,4437852.46256667
44258,5220510.04593333
44259,4523041.46213333
44260,4518557.18063333
44261,4394451.7837
44262,3637916.46091587
44263,3247261.35144762
44264,4812104.06224445
44265,3620741.04747302
44266,3384074.19630476
44267,5445335.4182
44268,4318581.7125
44269,3472600.1293
44270,5067259.10066667
44271,3896373.12527778
44272,4659915.55714444
44273,4009137.24343334
44274,3907928.48272857
44275,4681088.85916666
44276,5079643.98766667
44277,3989663.81753333
44278,4465606.53469206
44279,4299277.6971
44280,4670874.79493333
44281,4693152.21125715
44282,4477308.94413333
44283,4688361.1954
44284,4051621.5675
44285,5292961.56582857
44286,4289026.37721905
44287,3560725.13286667
44288,3304577.09666667
44289,4857575.52540952
44290,4539873.62523333
44291,4691102.8599
44292,4418395.15129524
44293,4280910.80158095
44294,4514251.6922619
44295,4221056.12777619
44296,4393995.15951111
44297,4651009.16716667
44298,3217274.62353334
44299,4228586.16423333
44300,4215121.63574286
44301,4924628.98289524
44302,4119615.4840381
44303,4154276.44413334
44304,2951256.64023334
44305,3708281.76576667
44306,3891363.80663333
44307,4443337.86856667
44308,4154441.11327778
44309,5135710.1342
44310,4172307.36894444
44311,4689848.54606667
44312,3404464.07001111
44313,4513626.53061111
44314,4775495.15733333
44315,3826297.35576191
44316,3719601.42481111
44317,4825634.21513333
44318,4275651.56726667
44319,4929452.4254
44320,5270639.48386667
44321,4308642.64416667
44322,4823053.5009
44323,2805840.62346667
44324,4804921.77313333
44325,4997865.6811
44326,3672010.80501905
44327,5000768.4573
44328,3215010.55020635
44329,4281019.7538
44330,4039575.95162857
44331,3662454.22376667
44332,4603548.35023333
44333,4488608.2653
44334,4606930.14266667
44335,4630226.00681905
44336,4320229.52596191
44337,4402037.55816667
44338,5024718.1479
44339,4628861.16026666
44340,3918224.8723619
44341,4582782.23993333
44342,5448190.57713333
44343,4359244.53603334
44344,4600128.76700476
44345,4217706.82676191
44346,4187499.48127778
44347,4804901.9906
44348,4611198.05483333
44349,3150304.78626667
44350,3836302.26388095
44351,4049381.12666667
44352,3452040.41795397
44353,4615911.2207
44354,3916411.24736667
44355,4429238.65391904
44356,4696442.3248
44357,4532732.8674
44358,4494397.90433333
44359,2960259.27197619
44360,5073391.35022381
44361,4253505.26643333
44362,3256978.90077302
44363,5222974.1944
44364,4125655.77753334
44365,4777630.2467
44366,4462607.43893333
44367,3705477.60799445
44368,4567285.44264445
44369,3916973.47726667
44370,4521131.86983333
44371,4572275.8536
44372,3775327.78193333
44373,3968064.06699524
44374,4249358.03322857
44375,4710441.05863333
44376,4711899.53096667
44377,4511074.8132
44378,4632826.42593333
44379,5432424.50206667
44380,5039019.5711
44381,4519653.04453333
44382,4603076.8213
44383,3637210.66565714
44384,4359144.955
44385,3177186.41267778
44386,5159991.89243333
44387,4525267.3551
44388,4701787.37066667
44389,3634260.7283
44390,5113757.96003333
44391,3142181.75414445
44392,3510721.9921
44393,5626279.50021905
44394,5770121.44815238
44395,4931740.28599999
44396,4137336.79403333
44397,4460461.36032858
44398,4178106.63826667
44399,4599036.39363333
44400,4827576.4667
44401,4460185.1323
44402,3431805.91940953
44403,4837342.95876666
44404,4930747.3574
44405,4671172.2202
44406,3809870.51803333
44407,4305226.28133333
44408,4278006.48726667
44409,4950784.9608619
44410,4915174.3929
44411,4518950.27283968
44412,3413316.3476873
44413,5049107.4966
44414,3298075.57571429
44415,4593430.25816667
44416,3960997.2492
44417,3690580.03881429
44418,3358537.49611111
44419,4643822.06303333
44420,2354307.44733016
44421,4444343.26313333
44422,4419512.08456667
44423,5228223.05596667
44424,2935117.19040952
44425,4562472.12123334
44426,4340370.91105714
44427,4596720.98453333
44428,4548400.61886667
44429,4276434.76279524
44430,4739672.85466191
44431,4880896.19048571
44432,3271576.6012
44433,4070769.48916667
44434,3911221.67746667
44435,4372237.22846667
44436,4750299.44176667
44437,3809375.8861
44438,4468524.09513333
44439,5580493.0165
44440,5173609.14963333
44441,4120084.63196667
44442,3984319.37384445
44443,4652515.0554
44444,4961603.35836667
44445,3580428.83859683
44446,4850465.9302
44447,3658575.0693
44448,3728845.83914762
44449,5000325.93486667
44450,4396213.15046111
44451,4523962.94383334
44452,4141002.35444286
44453,4461472.17251111
44454,5322179.97504444
44455,4922646.8794
44456,4397108.92906191
44457,3879901.66306667
44458,4842721.38533333
44459,5251643.30223333
44460,5161474.56766666
44461,4672220.8916
44462,5244662.64926667
44463,3989477.88733334
44464,4862616.11963333
44465,3128202.64246825
44466,4812310.61812857
44467,2904802.04603333
44468,5088828.22328571
44469,3722346.65260159
44470,3616614.77593333
44471,3603830.93347143
44472,4001274.93196667
44473,4737545.50346667
44474,5440231.74039523
44475,4281426.6496
44476,4115557.36141429
44477,4686934.54342381
44478,4112209.70213333
44479,4337525.38413333
44480,4344971.58696667
44481,4358507.55983333
44482,5645230.6737
44483,4472185.56046905
44484,4255901.60396666
44485,4279721.58431111
44486,3349975.46156349
44487,4822166.4692
44488,3878964.10632857
44489,3870179.37367143
44490,4072915.2169
44491,5130816.37972857
44492,5272407.88972857
44493,4137765.63583333
44494,4451376.5
44495,4593096.55228571
44496,4178833.15216667
44497,3421395.7525
44498,4456322.77513333
44499,2569295.81760952
44500,4037311.61051905
44501,5139103.27583333
44502,4410550.42943333
44503,4171105.36523333
44504,4750056.66113333
44505,4260530.70793333
44506,3516513.4049
44507,4589022.75553333
44508,3543844.74186667
44509,4574831.1508
44510,4850673.06963333
44511,5056716.2404
44512,4607411.453
44513,4836545.4062
44514,5136336.39353333
44515,4633051.5779
44516,4407116.37226667
44517,4911799.61943333
44518,5500859.0154
44519,4777367.66001111
44520,4291010.2148
44521,4525497.4103
44522,3821469.26246667
44523,3073245.26106667
44524,4912001.70806666
44525,3967892.17043333
44526,5054743.02178571
44527,4896189.80683333
44528,5220366.30676666
44529,4532890.19959524
44530,4715479.67763333
44531,3928668.3033
44532,4766932.3666
44533,4607406.04486667
44534,5084154.17459999
44535,4929353.26993333
44536,3882878.24210952
44537,4192220.0187
44538,4550120.99073333
44539,4678754.628
44540,4271394.71822857
44541,3732625.82568572
44542,4430414.5836
44543,5234782.02326666
44544,5281521.9076
44545,4646022.09296666
44546,4067582.5521
44547,4491224.01183333
44548,4583878.75756191
44549,4361913.0343
44550,4736112.0186619
44551,3988918.81732857
44552,5830341.50978572
44553,4732555.50886666
44554,3956111.6221
44555,4264671.50872857
44556,3694750.8899
44557,4289115.48516667
44558,4645261.38752857
44559,3711764.34612381
44560,3597865.35931111
44561,4369393.12516667
44562,4310356.45413334
44563,3961247.19184445
44564,4138581.25207619
44565,4679839.2207
44566,4961122.7008
44567,3889875.98066667
44568,3850268.69477778
44569,4841388.59863333
44570,4736592.7832619
44571,3938633.5564
44572,4127697.94573333
44573,4877425.45166667
44574,3426807.39690635
44575,4656082.13946667
44576,4816448.6135
44577,4010055.97526667
44578,5244154.79336667
44579,3520241.1650381
44580,4614936.9891
44581,3465325.1458
44582,2966699.45344286
44583,5334567.63726667
44584,4315767.91586666
44585,4754745.86915714
44586,3306022.50373334
44587,4799027.5974
44588,4638000.78503333
44589,3545547.8129
44590,4151112.99234285
44591,5477220.78815238
44592,4988110.45083333
44593,4667226.2240619
44594,4132932.15153333
44595,3456394.93554286
44596,4786187.75903333
44597,4651920.7717
44598,4654421.55483334
44599,4651406.10736667
44600,3988328.28281905
44601,4374139.96193334
44602,4876182.04605238
44603,4382057.38173333
44604,4051161.3279
44605,4043349.58374762
44606,4710288.00729524
44607,4292979.20546667
44608,5383693.11753333
44609,4888251.74745238
44610,4157622.98506666
44611,3980784.49660952
44612,5195267.31686667
44613,4459754.32016667
44614,4925093.83216667
44615,4967666.68426666
44616,3708242.74324762
44617,4681447.61973333
44618,5839192.785
44619,4034951.10832857
44620,4156884.37622381
44621,4347725.30770635
44622,4177784.58423333
44623,4022286.4406
44624,3833292.34028096
44625,4737657.51273333
44626,4368502.37896667
44627,4585628.6253
44628,3915505.0607
44629,3350936.13940476
44630,4447445.409
44631,4295844.87045714
44632,4729024.6849
44633,4456582.30706667
44634,3984891.7041
44635,3919880.61886667
44636,4490937.7174
44637,4540211.3576
44638,3821792.82496667
44639,4437835.3884
44640,4836551.1317
44641,4140615.00383333
44642,5610187.63633333
44643,4744463.9182619
44644,3911133.42013333
44645,3968607.53812381
44646,3810549.63366667
44647,5279362.93196667
44648,4789611.0626
44649,4177983.49893334
44650,4373427.44326667
44651,4485189.66736667
44652,4154339.2624
44653,4000845.04314286
44654,4705441.22453333
44655,4150656.29283333
44656,3070600.6892873
44657,4884549.03453333
44658,3713378.4725
44659,5719818.69549999
44660,5416860.0226
44661,4253383.30843334
44662,4803836.48213333
44663,4178862.06316667
44664,4535255.34036667
44665,4709353.04323333
44666,5512536.81483333
44667,3730680.73004286
44668,3857015.77456667
44669,5185094.52296667
44670,3533303.4111
44671,4292829.3346619
44672,3802682.15630159
44673,4073174.45636667
44674,4438037.06832857
44675,4471114.0564
44676,3532035.97972857
44677,4574794.14023333
44678,3673228.54086667
44679,3569333.23506667
44680,4997193.987
44681,4450492.67704444
44682,4040062.02623333
44683,3964526.13814444
44684,4607491.84204762
44685,2968222.4204873
44686,2442246.64479048
44687,5510451.8579
44688,3617296.20219524
44689,3620297.81016667
44690,4853828.6576
44691,4569862.82676667
44692,5318241.77146667
44693,4387265.7737
44694,4599943.0615
44695,3450431.17693334
44696,4545406.34423333
44697,3893930.30354286
44698,3714289.37761111
44699,4532813.5591
44700,4398505.5063
44701,4006701.16153333
44702,4227836.9739
44703,4436423.97443968
44704,4279459.7763
44705,3282790.32203333
44706,5257021.95535
44707,4727127.80919524
44708,4219155.79933333
44709,3413387.86390952
44710,3529130.49364445
44711,4716357.14721111
44712,2802388.87676191
44713,4562487.35993333
44714,5257985.54396667
44715,4158262.79670952
44716,4508297.19646667
44717,4560529.01843333
44718,4723947.91673333
44719,3612315.93346667
44720,4859363.82196666
44721,4449669.59576667
44722,4633376.69266666
44723,4280145.92496666
44724,3339590.69008095
44725,5482293.21846667
44726,4305246.78719524
44727,3962931.39636667
44728,3769303.01336667
44729,4363293.80792857
44730,4292324.60213333
44731,4622400.34793333
44732,4562330.55514444
44733,4260712.52503333
44734,4374206.00976667
44735,4924003.86660952
44736,4423928.88799524
44737,3906224.3762
44738,4233968.5565
44739,3857015.77456667
44740,3180372.38354762
44741,5072901.1619
44742,4513928.3672
44743,2937831.57310635
44744,4009868.8177
44745,3656581.54984286
44746,4687001.81963333
44747,3726205.00163334
44748,3848196.54743333
44749,5023010.21516667
44750,3911854.39886667
44751,4337395.6752
44752,4330400.76643333
44753,3889917.58764445
44754,4913077.78423333
44755,3984556.2677
44756,3075776.67650952
44757,4756641.6802
44758,3814191.68769524
44759,4295051.2884
44760,4372383.20083334
44761,3458930.76736667
44762,4127076.01679524
44763,3603523.079
44764,4482322.26016667
44765,4562327.74546667
44766,4382446.27086667
44767,4231853.90127143
44768,4243391.68773333
44769,5330715.4852
44770,4791965.68153333
44771,4637075.77576666
44772,2304594.11060476
44773,4120705.83376667
44774,4536382.3712
44775,4012688.79950952
44776,4703859.77213333
44777,4697462.63648333
44778,4317763.6106
44779,4327009.12240952
44780,4789980.09676666
44781,3941059.6719
44782,3841095.73061111
44783,4855394.81993333
44784,5491335.84163333
44785,4899024.2545
44786,3752217.08976667
44787,5281556.37413334
44788,4740821.10096667
44789,4585595.07556667
44790,3606690.50956667
44791,4645004.21664524
44792,2856472.98050952
44793,5214600.22836667
44794,3500000.31236667
44795,4611938.45589524
44796,4540037.97986667
44797,5165870.3415
44798,4620635.07543334
44799,4721328.4679
44800,4145567.97162857
44801,3183487.69613333
44802,4990317.42581904
44803,4294065.45026667
44804,3086276.24777619
44805,5156991.49553334
44806,3299716.39415714
44807,4101788.5338
44808,4200810.47536667
44809,3598718.53912381
44810,4201852.67543333
44811,4596388.94173968
44812,3199077.75063492
44813,4980116.81019999
44814,4978909.25168571
44815,4238446.71956667
44816,5605957.8096
44817,4908333.93806666
44818,3982678.0204
44819,4509154.82456666
44820,5044230.63131428
44821,4450773.47142857
44822,3919853.8032
44823,4378226.05443333
44824,4718210.2825
44825,4581669.71813333
44826,3049375.98723333
44827,3945495.28353333
44828,4017671.19537619
44829,3932616.99273334
44830,4789773.44053333
44831,4750758.91246667
44832,4919590.6446
44833,4025732.42906667
44834,5343295.40943333
44835,4689969.35323333
44836,4310357.2963619
44837,5219798.91273333
44838,4549025.35783334
44839,5399062.53343333
44840,4249206.166
44841,4034432.60323333
44842,5116234.08723333
44843,5278051.49366667
44844,2569295.81760952
44845,4367185.6228
44846,4181888.96410952
44847,4330413.03916667
44848,4559495.4705
44849,4086366.564
44850,4807329.41376666
44851,3800642.51877619
44852,4648771.8771381
44853,4254565.58923334
44854,5075342.86333333
44855,4599038.847
44856,4850008.41617619
44857,4803216.37246667
44858,4370466.17888095
44859,3733612.3881
44860,4259938.85146667
44861,4228843.96596667
44862,4142781.00266667
44863,3970762.83940476
44864,3391375.11353333
44865,4057309.3324
44866,3751034.14787778
44867,4750653.05131111
44868,4681135.8852
44869,4425360.99715238
44870,4573752.59083333
44871,4581214.8432
44872,5006908.8991
44873,4805057.70806666
44874,4099313.88336667
44875,4741484.17681667
44876,4157236.603
44877,3873460.52039048
44878,5490058.72763333
44879,4260614.2497
44880,5233773.40353333
44881,4523369.643
44882,4101911.982
44883,3576145.00293334
44884,4788025.9536
44885,5054407.05669524
44886,3558163.29724445
44887,5264932.05696667
44888,4449030.0393619
44889,4088846.1616
44890,4288341.31381111
44891,4157730.71597143
44892,4880303.49203809
44893,5104061.45856666
44894,4380959.79701111
44895,4030360.62449524
44896,4603234.28704286
44897,4118370.1589
44898,3214233.2305
44899,4180112.50643334
44900,4232228.06239524
44901,3834581.92616667
44902,2735419.86086667
44903,4886059.4515
44904,4429134.54494445
44905,4322932.22353333
44906,4040631.9116
44907,4465336.11131905
44908,3552130.15286191
44909,4505704.14122857
44910,4727985.01573333
44911,4337893.42174762
44912,4506176.4239619
44913,4380775.66103334
44914,4826849.7608619
44915,4598653.32296667
44916,3475618.40563333
44917,4023891.75356667
44918,3829757.92726667
44919,5319227.6160619
44920,3796575.34836667
44921,4427239.96598571
44922,4101057.37622857
44923,3373710.03410953
44924,3623217.69739524
44925,4910038.91083333
44926,4083725.20481111
44927,4937142.8245
44928,4924760.13401111
44929,5421362.42786667
44930,4307112.84876667
44931,4688651.34974444
44932,4141011.0562119
44933,4482236.7491381
44934,4113911.1462
44935,4298885.26308095
44936,4339675.23636667
44937,4271264.27896667
44938,4286843.14663333
44939,4106052.3331
44940,4180788.0802
44941,4281029.88936666
44942,3887692.13660476
44943,4027628.51556667
44944,5028777.0644
44945,4519582.74723333
44946,4497243.6837
44947,4215627.1953
44948,3683113.38036667
44949,4966059.7718
44950,4413750.09236667
44951,3998171.60196349
44952,4270375.99343333
44953,4815147.7199
44954,3703886.8012
44955,4737128.75023333
44956,4691096.68707143
44957,4558669.85634762
44958,4105175.0918
44959,4908682.54086666
44960,3961103.51510477
44961,4857415.8614
44962,2679410.42876667
44963,4231682.75456667
44964,4334883.85799524
44965,3623534.23370476
44966,4063659.36713334
44967,5013499.24236667
44968,4906875.96891111
44969,5051848.6074
44970,4725026.38241429
44971,4526015.49843333
44972,2569295.81760952
44973,4354321.23014286
44974,4244973.8972
44975,3768680.5915
44976,4484534.01608572
44977,3252220.27750476
44978,3876598.58876667
44979,5026098.21282857
44980,4823407.95323333
44981,3556161.18946191
44982,4181478.20423016
44983,4884412.43292857
44984,4032131.71746667
44985,4487112.42433333
44986,4264159.5317
44987,4205930.73046667
44988,4538039.7158
44989,4299361.49186191
44990,2897974.25248095
44991,3961221.7344
44992,3483377.18986667
44993,4314689.8024
44994,3801371.94294444
44995,4031854.29056667
44996,4673868.44196666
44997,5228204.35573333
44998,4684356.77883333
44999,4420544.78586667
45000,4336886.26386666
45001,4541368.51713333
45002,4454264.76623333
45003,4390812.0139
45004,4910488.85006666
45005,4896138.67733334
45006,4908969.06966666
45007,3612024.15760952
45008,4858372.28649999
45009,4558418.33236666
45010,5228488.63353333
45011,4135858.1908
45012,4307055.7068
45013,3102502.54092381
45014,5001522.46427143
45015,3672963.86892857
45016,3719380.95680952
45017,4414383.76536667
45018,3934384.42944445
45019,3888158.6116619
45020,4078132.696
45021,5042482.21436666
45022,4890578.44276666
45023,4686646.29311667
45024,4500332.82306667
45025,3948449.10789683
45026,4824577.4048
45027,4624776.4088
45028,4037757.6637
45029,4596870.65491429
45030,4411523.77123333
45031,4263773.17386667
45032,5378224.03476667
45033,4051565.6737
45034,4509877.40796666
45035,3967009.32014286
45036,3878458.91467619
45037,3880884.93412381
45038,4268755.83272064
45039,4349430.70333333
45040,4289812.44510952
45041,3202411.11285397
45042,4166366.71343333
45043,4399482.92042857
45044,4271006.52746667
45045,3809086.3406
45046,4082717.2752
45047,4729089.692
45048,3715247.3632381
45049,4838991.4561
45050,3826243.01704445
45051,4286627.9395
45052,4747500.53851111
45053,4889019.03734762
45054,3574442.00026667
45055,4121656.7981
45056,4312950.7499
45057,4619365.86793333
45058,4294731.47
45059,4665995.8558
45060,4754424.75966667
45061,4650832.9016
45062,4070828.0434
45063,4786205.7752
45064,3496803.75021905
45065,4402378.90023333
45066,5224619.94903333
45067,4400471.5319
45068,3700208.97471587
45069,4122081.88079047
45070,4254927.75314762
45071,4959823.00937777
45072,3981369.01146667
45073,3403431.81054286
45074,4128398.69479683
45075,3992644.72937778
45076,3999145.0187
45077,4794457.04363333
45078,4467125.20240952
45079,4474962.51736667
45080,4522186.03373333
45081,4023968.54843333
45082,4114056.0113
45083,4151039.93384444
45084,4360872.33663333
45085,4613070.64963334
45086,4382320.4209
45087,4523432.3965
45088,3678113.4349
45089,3565202.1059
45090,4521906.00896667
45091,4155897.20656667
45092,5053692.29374286
45093,4520017.39316667
45094,4717925.19476666
45095,4070183.48184445
45096,5050981.24336667
45097,4070528.3896
45098,3592423.73973334
45099,5025344.76863333
45100,5124981.5863
45101,3990926.49343333
45102,4655818.53266667
45103,4279943.68239524
45104,4683530.2352
45105,4135625.68630952
45106,3334471.97963333
45107,3852904.26097778
45108,3546346.98266667
45109,4019099.20533333
45110,4342435.62836667
45111,4941894.0379
45112,5455301.18766667
45113,4316965.05327778
45114,4294138.03413333
45115,4034826.2310619
45116,5106140.4873
45117,4374962.5736
45118,3869360.86894444
45119,3613339.4658
45120,4548632.62593333
45121,3910155.90478095
45122,4883874.67659286
45123,4383690.12473333
45124,4919736.52837778
45125,4419445.44976667
45126,4259116.72451429
45127,4424945.5047
45128,3915063.82236667
45129,4773493.23503333
45130,4116716.07569524
45131,4687655.14666667
45132,4014088.7574
45133,4820263.46133333
45134,5189295.80926667
45135,4656438.37869999
45136,4265525.26888095
45137,4398206.14952857
45138,4004200.41580952
45139,4537352.6034
45140,3859249.52088254
45141,4575167.30953333
45142,4303909.11404762
45143,4453474.60366666
45144,5552751.20623334
45145,4438966.24881111
45146,3937567.67751905
45147,3918621.5957
45148,3522077.30290952
45149,4848104.44532619
45150,4297861.0598
45151,3497222.77893333
45152,5581562.51626667
45153,2587777.73410953
45154,4539757.42543333
45155,4073443.4772
45156,4798498.69533333
45157,4493258.88113333
45158,4755174.7508
45159,4361730.20446667
45160,4033918.81306667
45161,3319506.79847143
45162,4646454.42203333
45163,3540660.71894286
45164,4525183.1314
45165,5077080.34666667
45166,4783102.8151
45167,3837204.06723334
45168,4159127.82363334
45169,4201463.84073333
45170,4322410.62339524
45171,4955591.98114286
45172,4745003.3892
45173,5636817.47718572
45174,5351125.07436667
45175,4830232.34948095
45176,4286093.62026667
45177,4171232.3738
45178,3790276.5195
45179,4948471.22096667
45180,3984697.59967778
45181,3111593.17007619
45182,4709263.76923333
45183,4323230.07023333
45184,3545641.47596191
45185,4566168.00616667
45186,4510241.85843333
45187,4575981.50536667
45188,4369155.771
45189,4233905.84386667
45190,4681606.94423333
45191,4025863.23033333
45192,5232972.46993334
45193,4537471.51736667
45194,4045296.69103333
45195,3811309.46860952
45196,4437103.25973334
45197,3930345.01257143
45198,3951185.4529
45199,4029631.97536667
45200,4350277.83331111
45201,4803836.48213333
45202,4289966.36566667
45203,4560773.76336667
45204,4395590.34317619
45205,4099275.38226667
45206,4077354.8834
45207,4485464.63704285
45208,3806816.2046
45209,4587279.49846666
45210,4505891.40524445
45211,4616834.80185238
45212,4877934.92798333
45213,3557159.05873334
45214,5148913.96821667
45215,4404203.36649524
45216,3660898.8920381
45217,5182352.55546666
45218,5214586.80568571
45219,5284634.57211428
45220,4460722.35336667
45221,4575354.5219
45222,4716868.87626666
45223,4400321.11233333
45224,5070752.92806666
45225,3914853.61486191
45226,4226374.36643333
45227,5054493.77153333
45228,4312982.8068
45229,4111248.03213333
45230,4117312.94553333
45231,4649038.3622
45232,4598330.537
45233,4841002.04493333
45234,4788208.939
45235,3631603.00160953
45236,4603312.46943334
45237,5152074.03242857
45238,4298431.27966667
45239,4596960.40316666
45240,4425114.50003333
45241,4918361.31752857
45242,4423640.64116667
45243,3334332.10649048
45244,4268483.47763333
45245,4358390.30717619
45246,4268935.75903333
45247,4204492.54836667
45248,4684539.13623333
45249,4238941.43867619
45250,4261320.66131111
45251,5188247.61361111
45252,3661251.77824762
45253,4090812.6944
45254,3338283.1302
45255,5029376.42026667
45256,4107750.86103333
45257,4162805.7218
45258,4441219.61566667
45259,5519132.94623333
45260,4291944.2813
45261,4355949.8182619
45262,4926908.22308571
45263,4297994.38226667
45264,4168810.6525
45265,4987540.3286
45266,4619892.24186667
45267,4525711.57244445
45268,3827186.487
45269,3646214.32966667
45270,4568671.91203333
45271,5068049.55651112
45272,4686410.52442857
45273,3263796.65724762
45274,4713896.27573334
45275,4660840.09524286
45276,4302236.82603333
45277,4396673.5968
45278,3808087.34262381
45279,3738403.29081429
45280,4718701.40307619
45281,3606926.2989
45282,3885466.66364445
45283,4823053.5009
45284,4565402.94917778
45285,3261175.75216667
45286,4328233.47616667
45287,3841388.14972857
45288,3636028.92876667
45289,4279922.2295
45290,4561431.28993334
45291,3942299.4447
45292,3097987.3704
45293,4129287.93139524
45294,4889765.53953333
45295,4299753.02160953
45296,3912975.3181
45297,4403556.18392857
45298,3831158.36457778
45299,4298689.07746191
45300,4748204.60331905
45301,4870444.3235
45302,3443025.63809524
45303,4454081.26288571
45304,4049356.68916667
45305,3579267.33572064
45306,5431796.02742857
45307,4412261.9348
45308,4160027.2773
45309,3808142.7562
45310,4151470.12786667
45311,3427291.85753334
45312,4838832.777
45313,4902430.2167
45314,4581619.3830381
45315,4304241.70856667
45316,3828120.98192857
45317,3914779.4358
45318,4268394.79244444
45319,5449054.19169524
45320,4594122.80603333
45321,5259928.42666667
45322,3875155.38103333
45323,4706757.40086667
45324,4428115.1387
45325,3867484.36144444
45326,4677500.50529524
45327,4157939.5576
45328,4221564.8571
45329,4504918.1341
45330,4605604.7591
45331,3946173.27556667
45332,3888372.21229683
45333,4240821.06306667
45334,4324136.21816667
45335,4069380.68261429
45336,4401870.47633333
45337,3864971.18073334
45338,4001438.7652
45339,4050173.75898572
45340,4424256.56675714
45341,4351034.75323333
45342,3990168.1166
45343,4126688.90496667
45344,4347830.7002
45345,3912305.05946667
45346,4378778.0702
45347,4114665.93383334
45348,4539556.72803333
45349,4129868.2037
45350,4354408.9256
45351,3583285.22076667
45352,4245021.47827778
45353,4738205.4027
45354,4024216.28513333
45355,5151153.74796666
45356,3801116.51863333
45357,4471537.03007619
45358,4732050.4675
45359,4067553.24619524
45360,4508413.1178
45361,4027948.48183334
45362,4115052.48943334
45363,3229820.33617302
45364,3438877.95583334
45365,5554265.3043
45366,3850005.91286826
45367,3975368.06986667
45368,4082342.47613333
45369,4541864.43613333
45370,4874539.07878571
45371,4572353.76643334
45372,4451390.9031
45373,4194760.608
45374,4274634.63749524
45375,4057701.29562857
45376,4219845.2592
45377,4285653.75116666
45378,4915752.85773333
45379,3759550.9956
45380,4038166.34423333
45381,4750291.66401905
45382,4523840.45763333
45383,3998511.72316667
45384,4990610.2755
45385,4655111.69923333
45386,4517371.6205619
45387,4914556.71678571
45388,3026292.07961429
45389,4749657.34553334
45390,4723656.42093333
45391,4445618.57513333
45392,4014222.66196667
45393,4979997.11125238
45394,3956456.40213334
45395,3217421.0708
45396,3493890.07243334
45397,4426335.49626667
45398,3925938.33047619
45399,4936971.20383334
45400,3824260.19302064
45401,4222031.82356667
45402,2825470.57540476
45403,4928189.30466667
45404,3976847.03496667
45405,4217493.80146667
45406,4540390.86356667
45407,4043844.51482857
45408,4838253.90936666
45409,3791865.90416667
45410,4070505.6109
45411,5622825.98593333
45412,4488953.53143333
45413,5071298.5111
45414,4312523.11888095
45415,4002128.5322
45416,5128098.96173333
45417,4144314.78766667
45418,3692422.51856667
45419,4284771.5271
45420,5137663.96503333
45421,5246378.98543333
45422,3354119.61196667
45423,4339035.8154
45424,3794663.58245238
45425,5370577.0508
45426,4385736.49633968
45427,3900840.83506667
45428,4524057.17733333
45429,4240062.30953333
45430,5087714.57573333
45431,4759528.4294
45432,4292875.63716191
45433,3948850.35302857
45434,4784207.25273333
45435,4092450.46315714
45436,4618496.89976667
45437,5043919.82463333
45438,4747268.0481
45439,3988718.82513333
45440,3889843.2972254
45441,3843638.54509524
45442,4682646.15253333
45443,4652199.75421905
45444,4991167.04206667
45445,4213247.13410476
45446,2900951.77424762
45447,4321853.94643333
45448,5248135.3317
45449,4542330.0652
45450,4316189.48653333
45451,4306064.44596666
45452,3989805.5044619
45453,3918621.0475
45454,4732005.37773333
45455,4429616.00355714
45456,4895314.3241
45457,4814361.69876666
45458,4598555.96043333
45459,4358868.23453333
45460,4473490.90643333
45461,4064781.95214286
45462,4600331.00264444
45463,3547369.84134286
45464,4270280.4758
45465,3334431.20508095
45466,4692564.18996666
45467,3855456.43326667
45468,5121020.94676667
45469,4129127.51358571
45470,4983763.70906667
45471,4481903.74853333
45472,3787288.65413333
45473,4574297.1215
45474,4573620.04166667
45475,4747948.2018
45476,4655644.10223333
45477,5201518.93913333
45478,4359412.30553334
45479,5202320.57293333
45480,5037532.37743333
45481,3139709.25994286
45482,4844696.10323333
45483,5392787.00598571
45484,4503227.03536667
45485,3483438.5273
45486,4242107.98436667
45487,3561687.90404445
45488,4316268.40733333
45489,5041690.90266667
45490,3765527.8599
45491,4159653.18718095
45492,4988076.9116
45493,4394160.8018
45494,4449283.96403333
45495,5060458.49453333
45496,4603647.96263333
45497,4437519.63666667
45498,5013426.08006666
45499,4334707.13483334
45500,3422631.5769381
45501,4602610.25665714
45502,4440212.7756
45503,4746179.86636666
45504,3781271.7241
45505,3812683.5365
45506,3969958.55704762
45507,4520676.98609048
45508,3017407.51535714
45509,3978275.89806667
45510,3930345.01257143
45511,4534118.13196667
45512,4631660.0792
45513,4330605.47293333
45514,4352885.58686667
45515,4555661.79786667
45516,5246327.335
45517,2653698.00827143
45518,3929992.96062857
45519,4305457.36091667
45520,4242720.98873334
45521,4304881.00833333
45522,4371805.30063334
45523,3515150.38564444
45524,4873220.88776667
45525,5233837.19966666
45526,4640121.66856667
45527,4029813.6791
45528,3629375.09605714
45529,5399877.14976667
45530,3419184.68466667
45531,4564365.63336666
45532,4644246.2052
45533,3545950.47426191
45534,4836399.79556191
45535,4427786.10706667
45536,3725056.0302
45537,3576086.20755714
45538,4387474.0215
45539,3810842.56185714
45540,5425546.39037619
45541,4176180.91812857
45542,5456907.00486667
45543,4542230.12600952
45544,4461552.7261
45545,3832029.24586667
45546,3513718.97300476
45547,4263344.91981111
45548,4325256.11726667
45549,4190465.36741429
45550,4810776.48236667
45551,2979994.37063333
45552,4514995.0395
45553,4516066.92762857
45554,4091526.47551111
45555,4577859.70743333
45556,4630360.05165238
45557,3887182.9303
45558,5094208.9305
45559,4303658.17383333
45560,5179505.64146667
45561,4983635.64536667
45562,3964612.30873334
45563,4462676.30227778
45564,4129975.20963334
45565,4586886.52513333
45566,4435699.4532
45567,3965024.284
45568,3970788.81292857
45569,4991332.85546666
45570,4247577.33296667
45571,3865555.7187
45572,5464529.7055
45573,4251256.5835
45574,3613873.62023334
45575,3577173.96660476
45576,4536464.68743333
45577,5665012.89186667
45578,4650961.0047
45579,4433403.70342857
45580,4044001.51744286
45581,4324119.197
45582,4968407.08493333
45583,4455842.79455238
45584,3453995.30646666
45585,3875840.65506667
45586,5164602.3979
45587,4652701.4025
45588,3807048.45163334
45589,3729569.21091111
45590,3854283.10844445
45591,5287606.53196667
45592,4521426.63313333
45593,4687404.23392857
45594,4204079.72926667
45595,5640036.0119
45596,5173330.7505
45597,4739333.5025
45598,3266877.45053333
45599,4633574.2637
45600,3691003.73546191
45601,4287854.44286667
45602,4171886.40424444
45603,5250549.5242
45604,4283529.35191429
45605,4964293.72026667
45606,4341325.62053333
45607,4563093.38376666
45608,3630532.53340952
45609,4976923.61482857
45610,4472607.17686667
45611,4119084.86093333
45612,5141082.09093333
45613,5135719.3864
45614,3938249.85850952
45615,4037270.24760476
45616,4529101.27706667
45617,4719148.17546666
45618,4103683.60580635
45619,3977923.74093333
45620,3896776.12622063
45621,3835282.55823333
45622,4513334.69432857
45623,4066764.89143334
45624,4252503.5746
45625,3279199.1339
45626,4626416.4818
45627,4689095.88983334
45628,2701236.24224286
45629,5044558.01146667
45630,5012826.11046667
45631,3497563.90220953
45632,4019962.1528
45633,4750752.90433333
45634,3928744.61693333
45635,2388414.29964286
45636,4178247.73746191
45637,4252187.28196667
45638,4616668.30363333
45639,5343764.5251
45640,4806472.77266666
45641,4576481.52514286
45642,4609237.3447
45643,5213787.5922
45644,3778903.49416667
45645,3747157.37311111
45646,4621894.65146667
45647,4037681.28383333
45648,3782166.33794445
45649,4031120.55142857
45650,4416830.39486667
45651,4465705.74689524
45652,4079614.25981111
45653,4545873.90763333
45654,4210140.56104445
45655,4589474.72804444
45656,4427499.13566667
45657,3727962.99655714
45658,4462117.44608571
45659,4628778.97376667
45660,4411043.11456191
45661,2907524.39944921
45662,3889603.7338
45663,3853958.39984445
45664,4175187.7222
45665,4472373.56587778
45666,4399286.16753333
45667,2842313.77446667
45668,4565332.3323
45669,4441897.41880476
45670,4064951.71876667
45671,4761147.93068572
45672,4820707.1387
45673,3948846.0693
45674,4882182.9726
45675,4443273.9487
45676,4682148.78206667
45677,4644291.1832
45678,4760206.45662857
45679,4795867.72486667
45680,5178617.0396
45681,3707775.28670953
45682,4689856.82036666
45683,3631127.43861111
45684,4107786.92363333
45685,4148345.27756667
45686,2929718.69373334
45687,4594581.80626667
45688,4664401.36576666
45689,4628735.59468571
45690,4841313.26453333
45691,4604702.7504
45692,4266611.15257778
45693,4338174.5283381
45694,5401973.6276
45695,4462134.88003333
45696,5049655.30903334
45697,5004392.9141619
45698,3972677.20796667
45699,5086276.41346667
45700,4501131.36606667
45701,4910991.9075
45702,4594856.1243
45703,3345792.14963333
45704,5073659.91956667
45705,4947580.5197
45706,4021024.94783333
45707,5146064.88106667
45708,5082310.00116667
45709,3896699.4245
45710,4865140.57219524
45711,4337895.28647778
45712,3352806.86146667
45713,4349678.97476667
45714,3075727.08426667
45715,3761872.00221111
45716,3420944.48350476
45717,5726951.1943
45718,3723854.36373333
45719,4196614.09936667
45720,4376464.03111111
45721,3752999.69809048
45722,3721298.14076667
45723,4534694.62533333
45724,3572339.91783334
45725,4051366.90516667
45726,4328374.94380952
45727,3851797.2112
45728,4034506.24573333
45729,4180388.12232381
45730,3582396.5857
45731,5358337.0677
45732,4226659.41033333
45733,4126018.44740635
45734,4731902.23536667
45735,4983893.87763333
45736,4589319.03645714
45737,5339131.71906667
45738,3563367.72953333
45739,4009217.47003334
45740,4205338.32462857
45741,4616853.05813333
45742,4223120.05416667
45743,4934251.77952857
45744,4359173.54936667
45745,4841664.93086666
45746,3812710.06338095
45747,3953650.30544921
45748,4955660.49373333
45749,3703254.80321111
45750,4325128.72772857
45751,4438904.12386667
45752,4112582.86510635
45753,4007348.52858572
45754,4417377.6441
45755,4317116.01492381
45756,4737756.7774
45757,3570399.24921111
45758,4524347.90503333
45759,4012647.0301
45760,3796473.0999
45761,4282405.81782064
45762,4375792.75976666
45763,4287653.84864444
45764,4014771.82234444
45765,3828823.89455714
45766,4592130.38103333
45767,4505224.11196667
45768,4586621.77053333
45769,3967327.80564762
45770,5013283.54823333
45771,4002448.59366667
45772,4025185.41883333
45773,4462970.57323333
45774,5225515.442
45775,4871760.33033333
45776,3634698.3433
45777,3999141.1951
45778,4190363.723
45779,4964419.2719
45780,3618819.24013333
45781,4119171.67483333
45782,4388325.18757143
45783,4130111.46986667
45784,3891514.57586667
45785,4881065.41235714
45786,3865159.84379524
45787,4337758.8093
45788,4736358.15433334
45789,4833572.1327
45790,5025033.26841111
45791,4622139.2682619
45792,4911364.4967
45793,4718141.28113333
45794,4609725.95536666
45795,4695368.39478095
45796,4299943.8078
45797,4356074.87959524
45798,4023961.19163334
45799,4597939.17376667
45800,3632228.48556667
45801,4737544.05236667
45802,4181187.95676667
45803,4155121.43746667
45804,5628582.43623333
45805,4126812.94293333
45806,5337966.4594
45807,4219590.90721111
45808,4215424.66117778
45809,4067605.4371
45810,4475384.88201905
45811,4360301.80856667
45812,5375785.0726
45813,4730581.69016667
45814,4874588.57533333
45815,4885554.93573333
45816,4408909.2893
45817,4847257.05993333
45818,5429599.84148571
45819,4381934.29138571
45820,4568956.17906667
45821,4624292.9385
45822,3706463.35026667
45823,4604873.95306667
45824,4404712.45713333
45825,5155498.85865
45826,3717028.592
45827,4751122.28596666
45828,4519146.9046
45829,4335555.8141
45830,3689167.41688572
45831,4702047.77223333
45832,3643166.7385
45833,4168121.35803333
45834,3691241.40815397
45835,3801679.903
45836,4065912.08013334
45837,3639082.27548254
45838,4798376.33416666
45839,4864394.01006667
45840,4369686.62567619
45841,5155348.2367
45842,4437867.70586666
45843,4296109.4143
45844,4022493.2866
45845,4522993.21751667
45846,4394476.41403333
45847,3433406.49660953
45848,4184016.4778
45849,5571483.67636667
45850,5146066.81693333
45851,4775633.7673
45852,4932465.47946667
45853,3912275.32213333
45854,4621255.29516667
45855,4201483.1706
45856,4652346.84659047
45857,4316249.2324
45858,3394790.01696349
45859,3804063.6479
45860,4344309.1595
45861,3764537.77173333
45862,4042335.95486667
45863,4642318.40323334
45864,4662752.4761
45865,4010850.73523333
45866,5617778.20656667
45867,3827933.73733333
45868,4282010.74842381
45869,3801015.50561111
45870,4700297.32993333
45871,4665937.3727
45872,4934313.3686619
45873,4374002.20833333
45874,5246382.84346667
45875,4360111.3037
45876,4504066.92157301
45877,4327797.98905238
45878,4177131.98116667
45879,3331217.94870952
45880,4915849.2486
45881,4809357.46843334
45882,4725988.82058254
45883,4157814.1073
45884,4460995.40956667
45885,3992597.92147778
45886,4521172.80064444
45887,3261688.11773334
45888,4617633.13413333
45889,3732790.2228
45890,5084387.68193333
45891,5369510.28076666
45892,4769059.1253
45893,3884355.80403334
45894,4512572.5604
45895,4874901.11236667
45896,5398678.3802
45897,4066006.55531111
45898,3576850.59859524
45899,3836633.57443334
45900,2937180.95457778
45901,4683973.48926666
45902,4272627.93099524
45903,4603617.65986667
45904,4399308.0062
45905,4142241.88876667
45906,3820037.2128
45907,3689907.56919524
45908,4487045.82048571
45909,4876942.69681904
45910,3480554.69311111
45911,5491418.37726666
45912,3974549.10781111
45913,4595979.24756667
45914,5075384.55573333
45915,3540810.0988
45916,3246503.73061428
45917,5396561.8877
45918,5234038.50006666
45919,4923542.70556191
45920,4444840.2475
45921,3866064.68809524
45922,4445144.81836666
45923,3230888.51493333
45924,4682752.6492
45925,3622984.31426667
45926,5048540.25619524
45927,4444383.5846
45928,4102452.9951
45929,5213624.37269999
45930,4544464.33911905
45931,4571677.89123333
45932,4125515.5237
45933,3935589.91253334
45934,4570020.77239524
45935,4399909.5316
45936,4607744.53046667
45937,4436696.9854
45938,4304981.08106667
45939,4856753.29943333
45940,3138743.97597143
45941,2403275.72392381
45942,5168653.26066666
45943,3746318.67126667
45944,4605668.56326667
45945,4753084.4723
45946,4422731.90706667
45947,4179548.173
45948,4752727.43463333
45949,2902084.48724286
45950,3816454.47306667
45951,3783781.84326667
45952,4764545.6635
45953,4582756.67742857
45954,3919701.47546667
45955,4807047.7884
45956,5095588.08133333
45957,4776860.496
45958,3957438.78886667
45959,4104071.54797778
45960,4072756.17731667
45961,4290104.83971905
45962,4583349.622
45963,4565973.73396667
45964,4396746.4936
45965,3983803.12419048
45966,4956032.36956667
45967,3915020.48313333
45968,4046777.6561
45969,4403136.9594
45970,4813635.32962857
45971,4620290.22537778
45972,4032263.25073333
45973,5074765.8521
45974,4041630.58261111
45975,3426024.07622064
45976,4127791.98456667
45977,4441851.32563333
45978,4185729.4236
45979,3959799.6489
45980,4612524.6572
45981,4099031.43753333
45982,3704855.28203334
45983,3531983.13872381
45984,3178744.76481429
45985,3556648.71574286
45986,3845546.59453333
45987,3967872.09022857
45988,3140441.7805381
45989,2559550.28424286
45990,3850687.97676667
45991,5432880.08626667
45992,4137352.96533334
45993,3849036.37743333
45994,5422767.4
45995,5614283.19346667
45996,4411404.76835239
45997,4686472.49022857
45998,4731563.7738
45999,3676502.12361111
46000,3466590.83526667
46001,4134317.48406667
46002,4120039.45536667
46003,4506097.55389524
46004,3660726.68886667
46005,4482588.30572857
46006,4722361.42706667
46007,2506020.75433333
46008,5108465.2454
46009,5519067.81833333
46010,4246063.5375
46011,3550634.34836667
46012,2702120.05526667
46013,4955431.75003333
46014,4238394.5126
46015,4569433.6733
46016,3770272.93086667
46017,4093365.53201111
46018,4547771.43500476
46019,3994539.19936191
46020,4620359.07483334
46021,4284481.73333333
46022,4334718.85233333
46023,4114038.69866667
46024,4134212.53956666
46025,4250678.18113333
46026,3837710.89369524
46027,4306664.35063333
46028,5186693.49968571
46029,4523153.05353333
46030,4408532.13886666
46031,4520333.17616666
46032,4519990.9043
46033,3926182.79569048
46034,3638981.41174286
46035,4704942.6545
46036,4551652.9961
46037,3866617.44706667
46038,4585853.52446667
46039,3829902.67424445
46040,4305181.00533333
46041,4159633.22516667
46042,4184856.2615
46043,4696610.92183333
46044,4749766.91663333
46045,3212546.29959206
46046,4856040.25537619
46047,4967655.7094
46048,5005234.01376667
46049,4386519.49946667
46050,4430213.78163333
46051,4944972.79623333
46052,4540575.0475
46053,3690063.7336873
46054,4439393.80013016
46055,4851959.8744619
46056,4534294.5212
46057,4250139.98583334
46058,4737814.12043333
46059,4128275.26091429
46060,4051920.7945
46061,4231551.35826667
46062,3901288.1087
46063,3603570.71766191
46064,4635212.461
46065,4259451.00773333
46066,4409470.98026667
46067,3776079.19391587
46068,4105583.03778571
46069,5745583.5008
46070,2389686.80780952
46071,3789912.88
46072,4944713.92706666
46073,3680687.47763334
46074,2601160.31341111
46075,3279199.1339
46076,5130692.22953333
46077,4799823.34636191
46078,4324570.21457778
46079,4695702.96003333
46080,4210021.9478
46081,5290935.8532
46082,4652804.2184
46083,4839009.61749524
46084,4993130.02220952
46085,4315721.41851905
46086,5370122.10604921
46087,3830091.77721905
46088,3630224.2148
46089,3964432.78556667
46090,3583955.52998571
46091,4537157.92333333
46092,3597429.46237619
46093,4097072.87822857
46094,5159374.24806667
46095,4159845.38228572
46096,4911492.4149
46097,4013986.87963333
46098,2993904.41163333
46099,4725915.20843333
46100,4793894.42716666
46101,4413461.94145238
46102,3235749.64827143
46103,5057266.43966667
46104,4031739.55856667
46105,4740452.0161
46106,4129081.60976191
46107,4332437.54973334
46108,4277274.6692
46109,2890364.63055397
46110,4590485.72976667
46111,5423368.7091
46112,4631145.14397778
46113,4314103.50134445
46114,2976830.6365
46115,4703829.90956667
46116,4244219.0607
46117,3743898.78174286
46118,4086366.564
46119,4724883.36926667
46120,4702000.0703
46121,4372045.56916667
46122,4627686.32403334
46123,4683581.27916666
46124,4681311.59546666
46125,5399748.08746667
46126,4415885.54811667
46127,3298220.5218381
46128,4103050.94043334
46129,4457585.5905
46130,3582806.2895
46131,4635220.4914619
46132,3947747.9759
46133,3803393.0164
46134,3081310.82492857
46135,4072952.21329048
46136,4378633.47262857
46137,4376272.52883333
46138,5145229.30463333
46139,3465464.4766
46140,4119826.04963333
46141,3963849.50113333
46142,4594810.12993333
46143,4735430.83402857
46144,3897860.40596666
46145,4318684.03643333
46146,4123652.57746667
46147,4282761.42633968
46148,3964877.98743333
46149,5201832.85808571
46150,3067801.4343873
46151,4381186.70733333
46152,4868811.04746667
46153,4637414.69486667
46154,4655439.84243334
46155,4164091.81556667
46156,3195607.36433333
46157,3710274.94566667
46158,4223654.56446667
46159,4543836.4945
46160,4479792.45243333
46161,5020178.49836667
46162,4057781.70230952
46163,2640758.95500159
46164,3398883.33927778
46165,3574515.16506667
46166,2829668.89827619
46167,4587429.12358571
46168,6030102.4054
46169,4595906.83776666
46170,4659477.34762857
46171,5137245.31883333
46172,4220450.07103333
46173,3591076.3236
46174,3938775.05356191
46175,3756755.41240952
46176,4841220.86137777
46177,3487082.7388381
46178,4905905.60776666
46179,4000925.03163334
46180,4238006.09923333
46181,4446302.08241111
46182,4989649.462
46183,4510070.10483333
46184,3701381.72186826
46185,4099367.40165397
46186,5010609.75416667
46187,4352997.95622857
46188,4532981.01125238
46189,4312072.95783333
46190,3894459.02122857
46191,3657331.472
46192,4208204.02261905
46193,4513288.54456666
46194,3986237.21176667
46195,4159959.97191905
46196,3703786.66177143
46197,3376104.69255714
46198,4165922.65066825
46199,4334218.2202
46200,4623085.19143333
46201,4733328.43996191
46202,2337101.07934286
46203,4938287.8821
46204,4173511.8262
46205,4176562.34821111
46206,4723571.26292857
46207,5036303.28876667
46208,4006338.51836667
46209,3711427.66636191
46210,4293772.8342
46211,4152361.81544286
46212,3958851.30853334
46213,5067932.92236667
46214,4499889.23303333
46215,3853095.98613334
46216,4384980.30396667
46217,4512968.07586667
46218,4304166.09903333
46219,3784334.20023333
46220,4393766.47274444
46221,4241561.92688095
46222,4418704.8379
46223,4651917.17323333
46224,3974162.78996667
46225,3869534.33259524
46226,4910696.76703333
46227,4355216.45016667
46228,4993523.51156666
46229,4200594.2753
46230,4780654.07986667
46231,4575751.42083333
46232,4730083.5503
46233,4924352.54723333
46234,4818944.6699
46235,5077362.47546666
46236,4311841.55074286
46237,3649297.96457619
46238,4248016.56013333
46239,3016637.44258095
46240,4781651.58633333
46241,4001544.7119
46242,4199635.94477778
46243,4101655.03217778
46244,3998227.45616667
46245,4379791.58706666
46246,4497901.08133333
46247,5113366.76666667
46248,3622080.52962857
46249,4078008.58607778
46250,3757737.11156667
46251,3560349.28591111
46252,4907806.5702
46253,4020397.89633333
46254,3634625.73640476
46255,4027907.70629524
46256,4870674.08566666
46257,3869607.52994762
46258,4477626.66693333
46259,4352642.01396667
46260,4375580.84413334
46261,4453211.61746667
46262,4688686.18316667
46263,3972507.81103334
46264,3785042.62356667
46265,4167437.62293333
46266,5655975.6649
46267,4188835.99146667
46268,3978760.00056667
46269,4659620.9205
46270,4536789.12176666
46271,4649960.6365
46272,4721220.42496667
46273,4751340.55916666
46274,4367527.49003333
46275,4071308.43123333
46276,4466587.61809683
46277,4410577.97687143
46278,3779231.09013333
46279,4637024.5742
46280,2734169.60069683
46281,3892570.82134444
46282,3855583.4509619
46283,5108564.0305
46284,4391907.71660952
46285,4107965.80633334
46286,4045975.4403
46287,4894364.0736
46288,4480648.81956667
46289,5996082.75786667
46290,3815567.09962857
46291,4016783.18319524
46292,4448529.9463
46293,4380787.37266667
46294,4243431.2051
46295,3518659.48473334
46296,4613495.1318
46297,4237940.2517
46298,4096000.6505
46299,4298226.8171
46300,4431166.42276667
46301,4523539.1926873
46302,4604023.83813333
46303,4180904.68776667
46304,4073168.69543333
46305,3557139.66177619
46306,4453256.57023334
46307,4451929.34397301
46308,3977916.99595714
46309,3905107.08697778
46310,5242054.67135238
46311,4721283.253
46312,5563722.6944
46313,4227323.99832858
46314,3962863.11246667
46315,4852697.54499048
46316,4753836.26916667
46317,4909682.71976667
46318,3470994.0507
46319,4189379.59811428
46320,5129409.81668095
46321,3649825.79282064
46322,4377861.01056667
46323,4587884.27693333
46324,5064237.60773333
46325,4259892.47877778
46326,3689642.86725714
46327,4686340.61833333
46328,4167216.60909286
46329,4175195.9639381
46330,4755346.91176666
46331,5507173.6465
46332,4806266.65213333
46333,4734197.22336666
46334,4352858.89164286
46335,3623701.09463492
46336,5071044.3208
46337,3382234.11109048
46338,4589637.7159
46339,5030190.09413334
46340,4437040.62266666
46341,3822224.9001
46342,4104412.89476667
46343,4901794.91472857
46344,4657272.63366667
46345,4342805.2827
46346,4596317.20803334
46347,2608070.07646667
46348,2445478.35370952
46349,4743413.49046666
46350,4033848.22083333
46351,3808444.10923333
46352,4459720.91564285
46353,5170088.5557
46354,3605390.25394444
46355,4203675.33654286
46356,3936163.27433334
46357,4462311.41416191
46358,4813207.06676667
46359,4512182.84814444
46360,4805036.73255715
46361,3919632.57443333
46362,4198411.70767619
46363,3924544.11736667
46364,4299384.53503333
46365,5068777.69273333
46366,4774746.9869
46367,3739050.07706667
46368,4378474.72346667
46369,4881832.869
46370,4469700.56582857
46371,4399613.42411667
46372,5025184.48546667
46373,4289057.27396667
46374,3506889.56344445
46375,4564485.04041905
46376,4666392.62516666
46377,4485288.82033333
46378,5093114.0244619
46379,3927479.1086
46380,3209449.22600159
46381,4246795.95406667
46382,4920894.76316667
46383,5127430.56053333
46384,3544090.23502857
46385,4545816.75976666
46386,4530867.81766191
46387,3882712.54493333
46388,5024483.7531
46389,4901929.64569524
46390,4160578.86317778
46391,4561394.98073334
46392,4125024.82751111
46393,2433334.47144286
46394,4849255.34806666
46395,4978437.28413333
46396,4831808.06193333
46397,4051429.51733334
46398,3630389.75232064
46399,4660657.50343333
46400,4114454.10926667
46401,4136230.2535
46402,4650684.59529683
46403,4626083.31773333
46404,4596686.2348
46405,4416295.2352
46406,4057831.64333334
46407,4318695.96435238
46408,4283325.59213333
46409,4496359.063
46410,4146369.79456667
46411,4597855.61087619
46412,3929527.7467
46413,5165400.4629
46414,5007726.27973333
46415,4628780.14526667
46416,4818448.63966667
46417,2805674.62974762
46418,3952828.14269048
46419,4926879.03033333
46420,4417898.74087778
46421,4599898.958
46422,3574242.45081111
46423,4687404.23392857
46424,4161128.86174286
46425,4482456.38101428
46426,4337314.49053333
46427,4359642.44443333
46428,4359005.64086667
46429,4519915.44633492
46430,4171520.01641111
46431,4239239.75685714
46432,5439823.9058
46433,3577048.5478
46434,3801108.41011429
46435,4679539.89093333
46436,4522877.86850952
46437,4831739.84986667
46438,3182495.90240476
46439,4809738.11969524
46440,5013049.8112
46441,3286576.08454444
46442,3290521.73459524
46443,4265141.7989
46444,4703986.65623333
46445,3126734.92874444
46446,4477268.60712857
46447,4665660.66406667
46448,4152975.34014762
46449,5090477.54126666
46450,4005993.07013334
46451,5249833.66453333
46452,4804312.4175
46453,4819030.74776667
46454,4719736.26033333
46455,4631461.41176667
46456,4393633.36609524
46457,3680974.26194445
46458,4915862.54514286
46459,4147457.86736667
46460,4408305.4253381
46461,4820654.13226666
46462,3844903.87606667
46463,4749237.275
46464,4167897.17562857
46465,3253462.20023333
46466,4296010.24223333
46467,3515869.89106667
46468,4584577.5547
46469,4450851.8493
46470,4115452.11329524
46471,3078280.06574921
46472,3955032.2117
46473,4085776.73711429
46474,4332322.65101111
46475,4088666.91540476
46476,4430548.769
46477,4338647.21453333
46478,4717872.5906
46479,3636145.1516
46480,2810509.807
46481,4248781.81937778
46482,4636758.08353333
46483,4730905.9115
46484,4521810.9193
46485,5404752.57211905
46486,4518924.55876667
46487,4168882.17672063
46488,3464424.25097619
46489,4249462.76102857
46490,3723563.58541111
46491,4475128.69769524
46492,3388106.77443333
46493,4665110.45373334
46494,4298009.11546667
46495,3975426.39153333
46496,3472619.79830476
46497,4278453.26585
46498,3367279.00736349
46499,4899582.267
46500,3924944.3185
46501,3093947.61530476
46502,4391986.4363
46503,3729080.72933334
46504,4012338.10886667
46505,4489740.15083333
46506,4324630.37796667
46507,5426368.3962
46508,4452249.7634
46509,4523894.19960476
46510,4374439.92171111
46511,3681368.85736667
46512,5045540.10926667
46513,4262804.77302857
46514,4358390.03796667
46515,3748231.44147778
46516,4556684.54313333
46517,4926915.90743333
46518,4858545.6567
46519,4902276.8108
46520,4186239.9652
46521,3770508.93952381
46522,4530602.97483333
46523,4740058.02686667
46524,4619252.88606667
46525,4527242.20489524
46526,3895207.56044762
46527,3811146.22776667
46528,4326923.49340952
46529,5548995.58395238
46530,5274790.36893333
46531,4449891.75756667
46532,4440453.9784
46533,4695668.78216667
46534,4441949.93713333
46535,3894811.53656667
46536,4611713.9565
46537,3925755.55876825
46538,4252174.3050381
46539,4711488.19762857
46540,2764901.36763333
46541,4248249.70119524
46542,4193833.02766666
46543,2669858.39725873
46544,5195979.25806666
46545,3989087.49122381
46546,4380397.86386667
46547,4347391.57390001
46548,4672023.9197
46549,5004901.31026667
46550,4398837.65146667
46551,4908722.24635238
46552,4912603.76596667
46553,3295204.57736667
46554,5511612.78853333
46555,3625364.93733333
46556,4711026.47169524
46557,4662568.18654444
46558,3490459.66017778
46559,4377028.82143333
46560,5019582.87936667
46561,4051561.7141
46562,3598235.81303968
46563,3959628.39453334
46564,4351081.97112857
46565,4267143.54569524
46566,3470505.88829048
46567,4020356.20982857
46568,4259049.4737
46569,4958746.30608571
46570,4262080.3991
46571,4033318.93337778
46572,4391336.42173333
46573,4584616.37933333
46574,3635138.0162254
46575,4453511.20776667
46576,4671365.81396667
46577,3825945.7574
46578,4045160.72283334
46579,4624650.54514444
46580,4437228.11356667
46581,3854917.92145238
46582,4518392.5239
46583,4529591.18456667
46584,4191390.34400953
46585,4222231.18973333
46586,5055851.18946666
46587,4266068.26403333
46588,2396276.61264286
46589,5479280.55686666
46590,5334809.20896666
46591,5001526.5291
46592,4339517.9436619
46593,4700422.18246667
46594,4001604.20070952
46595,4174946.9754
46596,4530947.37907778
46597,4671822.5655
46598,3761711.65167778
46599,4373993.52892619
46600,3134418.2333
46601,4806523.19993333
46602,3346674.11183333
46603,4264168.84791111
46604,4200641.58166667
46605,3366995.84243334
46606,3038746.1571
46607,4202639.17266667
46608,3656597.16553334
46609,4753919.56072857
46610,4633444.5015
46611,4167332.84363333
46612,5234552.57019524
46613,4203560.2445
46614,4901868.45546667
46615,5565762.32156666
46616,5012811.25986667
46617,4911756.73833334
46618,4909137.51306666
46619,5711484.42073333
46620,3787473.18584286
46621,4231663.28906667
46622,4166590.57836667
46623,5748689.45203333
46624,4314654.49956667
46625,4084050.82196667
46626,4957750.66633333
46627,4758126.47
46628,4023937.94858095
46629,4463375.87766667
46630,5003696.97343333
46631,3027378.29680953
46632,3871580.42363333
46633,4942205.49656666
46634,4075152.94466667
46635,3617988.28991111
46636,4526992.99542857
46637,4396484.91113333
46638,4857160.96156667
46639,4227778.76324444
46640,4678634.25101428
46641,3421357.77760476
46642,4224017.97926667
46643,4729092.87386667
46644,4426373.85783334
46645,4810680.88086667
46646,4858240.47646667
46647,4294598.94594286
46648,2526433.73137778
46649,3845563.62587143
46650,3966630.29212857
46651,5172502.62396667
46652,4648604.4979
46653,4767669.24163333
46654,4695399.00213333
46655,4437103.25973334
46656,3311833.87342857
46657,3958612.04882857
46658,3963343.5445
46659,2925840.74514444
46660,4258849.84553334
46661,4493748.4752
46662,4968344.92466667
46663,3834180.9774
46664,3141048.03109682
46665,3162259.56546191
46666,4566671.00333333
46667,4922199.5249
46668,4649935.1191
46669,4382185.34796667
46670,4608798.61063333
46671,4264395.83949683
46672,3596303.18826667
46673,4283004.30033333
46674,4233298.81376667
46675,4261309.78800953
46676,3946074.3949
46677,4265890.24592857
46678,4599738.69348571
46679,4544680.10399047
46680,4673433.432
46681,3916719.525
46682,4439246.73076667
46683,4405150.12525714
46684,4023780.92464286
46685,4376194.99676667
46686,3820180.5384
46687,3698252.14096667
46688,4199159.968
46689,4497514.76415714
46690,3928432.41
46691,5530934.52166667
46692,4470454.77126667
46693,3910084.07253333
46694,5031164.283
46695,4519637.0381
46696,3894455.24487778
46697,4590125.13839524
46698,4046531.6135
46699,4525355.2203
46700,4980352.54018571
46701,3589958.59487143
46702,3687882.92783333
46703,5598827.9633
46704,3241642.42226667
46705,4725002.1411
46706,4667985.02733333
46707,4464832.50780476
46708,4190011.5264
46709,4578742.22706667
46710,4139712.21063333
46711,4370592.07681905
46712,4837713.45398333
46713,4541162.52393333
46714,4697963.17426667
46715,4632673.5297
46716,4493040.1209
46717,4422085.37916667
46718,4265737.91863333
46719,4252562.86535714
46720,4477545.57746667
46721,4723843.45404444
46722,4780664.46006667
46723,5103402.64406666
46724,4343423.415
46725,4081210.1002
46726,4148928.5637
46727,4407098.71253333
46728,4161817.36660952
46729,3876079.46901111
46730,4574641.77446667
46731,4290900.05994286
46732,4504762.53146667
46733,4204387.70783334
46734,4047633.57129524
46735,4458528.18963333
46736,5193135.72413333
46737,4822926.5489
46738,3879083.23300476
46739,3158742.40207143
46740,4808172.06573333
46741,3778286.87536349
46742,4466648.2202
46743,4514494.29123968
46744,2651264.06001429
46745,4953427.61776667
46746,4359144.955
46747,4429729.43916667
46748,3783823.35517778
46749,4187323.0194
46750,4589651.79176667
46751,5104020.4479
46752,4635915.77696667
46753,4635011.58533333
46754,4388031.9715
46755,4242647.6441
46756,4031812.99633334
46757,3754278.75933334
46758,3980604.37254445
46759,4537357.21813334
46760,3462785.26783334
46761,5304501.00143334
46762,4144723.91983333
46763,3803639.4917
46764,4679065.4457
46765,3721075.24304444
46766,3878003.6089
46767,4233785.2949
46768,4527491.65636667
46769,4255232.16846667
46770,4720646.41276667
46771,4519883.504
46772,4536969.4272
46773,3604302.1091
46774,4311271.4897
46775,4334707.13483334
46776,4969048.5601
46777,4409696.5586
46778,4641736.14848572
46779,3561729.64337778
46780,2811120.43102063
46781,4222054.75918095
46782,3807390.31238572
46783,3794199.89526667
46784,4977097.28776667
46785,4172922.24193333
46786,4300665.11773333
46787,4390953.43146667
46788,4610900.7348
46789,3725568.10886667
46790,4412750.06666667
46791,4496047.29323333
46792,3030662.409
46793,4047056.34558095
46794,3794476.99007302
46795,3334894.68067143
46796,4955710.12983334
46797,4811695.38896667
46798,3995767.16363333
46799,4790008.1534
46800,4532040.16303333
46801,2330697.58484286
46802,3612135.61131588
46803,5125651.86713333
46804,4083118.22156667
46805,4788791.46573333
46806,3925303.25035714
46807,4551464.23657143
46808,4136060.77510952
46809,3438302.64626666
46810,3664383.41243334
46811,3255749.89270476
46812,4450977.70603333
46813,3857378.91066667
46814,4377991.50206667
46815,3727422.99021429
46816,4546404.5916381
46817,4082660.96493333
46818,4012888.52259524
46819,3157236.58273333
46820,3200422.1645
46821,3691609.1245
46822,4646982.64653333
46823,4003419.50097143
46824,5105967.98216667
46825,5361489.2733
46826,4438092.36473333
46827,4890483.17236666
46828,4620307.7206
46829,4474723.80560952
46830,5260237.93533333
46831,4670455.23906667
46832,3275398.4492381
46833,5245525.32363334
46834,4257023.05633334
46835,3920505.38956667
46836,3989501.16401905
46837,3993697.5657
46838,4800373.48516667
46839,4780018.0349
46840,4692710.7052
46841,4021379.47633333
46842,4917166.9695
46843,4254013.03646667
46844,3472733.61906667
46845,5197287.52506667
46846,4455282.35506667
46847,3617829.29216667
46848,4281618.71179524
46849,3735683.28333968
46850,4746854.884
46851,3995331.63685873
46852,4372531.58173334
46853,5050520.55553333
46854,4672090.9414
46855,4894079.6477
46856,2929441.9051
46857,4418121.56696667
46858,4058666.37251111
46859,4596692.42153333
46860,4203135.4803
46861,5235238.939
46862,4493547.92416667
46863,4682360.90791905
46864,4756500.91672857
46865,5037409.637
46866,5338149.03846667
46867,3959613.85588095
46868,3430804.26811111
46869,4970602.36964286
46870,4148436.59033333
46871,5108879.03156666
46872,4267441.6857
46873,3767567.69099524
46874,4128844.70590952
46875,4062739.23454445
46876,3038882.03552063
46877,2640852.53694762
46878,4013755.39856667
46879,3641428.00253333
46880,4540134.43823333
46881,3583628.10173333
46882,3958770.04647778
46883,4806132.89943333
46884,4159409.39573492
46885,5303205.18876667
46886,3808711.5166381
46887,4325958.91466191
46888,4030073.1441
46889,4470639.1497
46890,4642480.6772
46891,5230794.92226666
46892,5405990.1181
46893,4228204.86136191
46894,4367651.0622
46895,4055448.15996667
46896,5264337.86242381
46897,4214715.92143333
46898,4014512.01940635
46899,4542012.00266667
46900,4722225.52193333
46901,4651554.49166667
46902,4195311.7747
46903,4414916.77441111
46904,4320674.71203016
46905,4359052.00913016
46906,3949890.36713334
46907,3864057.29226667
46908,3869160.7824
46909,4830300.30235238
46910,4689366.47306667
46911,3296922.07947143
46912,6334096.9807
46913,4305343.94014286
46914,3476834.05083333
46915,4445083.91126667
46916,4677500.50529524
46917,2847775.88629683
46918,4351307.0633
46919,4717258.1791
46920,4925926.11663333
46921,4408969.28043333
46922,4254582.0241
46923,5057571.0869
46924,4758334.99806667
46925,3881672.17666667
46926,3804087.29234445
46927,4298828.99203333
46928,4592168.48463333
46929,4083600.05766667
46930,4476990.15456667
46931,4427607.49197619
46932,4274479.70826825
46933,4856774.80486667
46934,4552430.28463333
46935,4323592.6833
46936,3825542.53184286
46937,4609231.85949524
46938,3652556.5464
46939,3475494.92066191
46940,3991741.28933334
46941,4050532.9756
46942,4204964.35307302
46943,5148414.35353333
46944,4826563.02103333
46945,4540597.63361111
46946,3273221.35089206
46947,4437455.7995
46948,4416454.5788
46949,3695736.64
46950,3245053.5097
46951,3396834.95336667
46952,3358152.095
46953,4165521.35016191
46954,4144511.3672
46955,4969982.40896666
46956,3412679.44293333
46957,4155731.34980476
46958,3798725.10243333
46959,4093752.20713334
46960,4700979.10668095
46961,3314041.7123
46962,4493164.88551429
46963,5329836.40039524
46964,3413207.3322
46965,3765739.73230953
46966,3608406.24243333
46967,3668900.3678
46968,4895218.4962
46969,4001487.49333333
46970,3587941.48722381
46971,3801554.69834286
46972,4873780.12766667
46973,4371946.65587143
46974,3904424.82809206
46975,4412985.3908
46976,4766065.06691111
46977,4126211.45356667
46978,3517143.48431587
46979,2753660.83218095
46980,4305059.3456
46981,3992578.61894286
46982,4257154.50771905
46983,3289583.51761111
46984,3882878.24210952
46985,4740600.3194619
46986,4085453.8912
46987,4243699.20409524
46988,3131921.36367778
46989,3604924.85373333
46990,4244729.72756667
46991,3721107.55983333
46992,4511560.54437778
46993,4627579.40826667
46994,4578096.2398
46995,4777338.71613333
46996,4258852.5842
46997,5663218.68296667
46998,4443665.75736667
46999,4676115.21716667
47000,4421476.60929524
47001,4893016.96346666
47002,4349542.02653333
47003,4712726.64576667
47004,4106510.78387619
47005,4866180.62086666
47006,3580123.6685619
47007,4459630.19373334
47008,4427124.65224444
47009,4683526.16503334
47010,4641232.9491
47011,4634166.7354
47012,4810284.8005
47013,5242795.53783334
47014,4982150.47454444
47015,3773989.38716826
47016,4861362.1571
47017,3913419.23084762
47018,4833499.78163333
47019,3466737.77525714
47020,4821364.535
47021,4800629.96456666
47022,5708931.71246667
47023,3182821.5237873
47024,4344698.42554286
47025,5145768.39463333
47026,4136840.00643333
47027,4607757.57684444
47028,3771990.81071111
47029,4354312.8838
47030,4426089.54193333
47031,4439914.0537
47032,5315073.83629524
47033,4440750.58050952
47034,5666786.54916667
47035,3861021.36879048
47036,2843140.08536667
47037,4508507.69626667
47038,3290088.0191
47039,3644086.87130001
47040,5018364.25346667
47041,4090864.20023333
47042,4023377.52796666
47043,4326684.08183333
47044,4111990.38196667
47045,4334786.0489
47046,4867000.8148
47047,4746839.88963333
47048,4593145.66416667
47049,3940928.79824444
47050,3973633.42590952
47051,4303573.28913968
47052,3935636.47173334
47053,4111296.20640476
47054,3835195.05036667
47055,4435731.15543333
47056,4538039.7158
47057,4093566.30824444
47058,3105017.62817143
47059,4925394.57126667
47060,3403579.27929206
47061,4800337.02483333
47062,4512603.0279
47063,4004398.87853333
47064,4380221.2288
47065,3919030.14846667
47066,4791359.32181667
47067,5481360.46766667
47068,3839151.07759524
47069,4753012.313
47070,5290873.8635
47071,4660317.04326667
47072,3970621.87939524
47073,5404756.54283334
47074,4651618.60826666
47075,4363653.05700476
47076,4178216.6666
47077,4829918.72633333
47078,5222237.624
47079,2736481.59630476
47080,5102631.84311111
47081,4512018.86913333
47082,4775884.13763333
47083,4911193.31604286
47084,5419162.86356667
47085,3439451.6448
47086,4354552.39881429
47087,5006364.88806667
47088,5086242.82556666
47089,4385068.45780953
47090,4782090.64266667
47091,4824547.69053333
47092,3072730.8371
47093,4750693.49803333
47094,3174061.88986667
47095,4728839.6347
47096,3737118.17267778
47097,4490162.64973333
47098,4522890.47689048
47099,4338581.98123334
47100,3322336.95536667
47101,4176536.31623333
47102,3879413.90346667
47103,5346517.78046667
47104,4245509.75936667
47105,4742715.38453333
47106,4059093.29434286
47107,4064195.9718381
47108,4870855.0818
47109,4990665.09986667
47110,4136981.66167778
47111,4689513.9784
47112,4498573.26836666
47113,4061506.17207619
47114,4384807.27323333
47115,4494169.626
47116,4336011.19976191
47117,4368673.17793333
47118,4230109.69753333
47119,4757449.33683015
47120,4468768.34013333
47121,4000476.6724
47122,4261825.92083333
47123,5632023.65252857
47124,4163774.04197778
47125,4228624.156
47126,4716605.04523333
47127,3989220.4376
47128,4672023.9197
47129,4640594.40951905
47130,5290018.35453333
47131,4589327.30331428
47132,4597565.9752
47133,4281151.05444444
47134,3972001.54014286
47135,4540168.66816666
47136,3997410.15706825
47137,4160770.60860952
47138,4576884.08633333
47139,4008246.09743333
47140,3917909.7182
47141,4117456.97926667
47142,3795819.0689873
47143,4627916.6854
47144,4378081.17383333
47145,4908966.4235
47146,4584435.2435
47147,4245581.28997778
47148,5132650.91416667
47149,5054572.59945714
47150,4113213.2936
47151,3494804.28686349
47152,4126018.44740635
47153,4392739.75096667
47154,4740448.99163333
47155,4291992.39186667
47156,4175306.62306667
47157,4222064.34723968
47158,4432362.4472
47159,4385477.72436667
47160,4147132.8303
47161,4333876.17514286
47162,4556099.85003333
47163,3911986.63176667
47164,4836217.82501905
47165,4679311.60189048
47166,2230557.11984444
47167,4122455.77423016
47168,4455866.33496667
47169,4726488.4033
47170,4039923.92833333
47171,3145495.76657143
47172,2926218.93740952
47173,4565416.8124
47174,4185658.18353334
47175,5198052.32686667
47176,5033981.8723
47177,4036204.5545381
47178,4553646.87936667
47179,3767419.84096667
47180,5343955.48476667
47181,4396234.10433333
47182,4448657.33716667
47183,4236872.80773333
47184,3552589.47026667
47185,4077785.89926667
47186,3623030.00747619
47187,3897167.48950953
47188,4644556.09842857
47189,5608591.81296667
47190,3410579.41419524
47191,3125640.01367619
47192,3279924.85684921
47193,3666579.33407302
47194,2547190.78050952
47195,2993657.79800953
47196,4532701.08483333
47197,4464124.86386667
47198,4159252.64684524
47199,4871317.51856667
47200,4825015.511
47201,4609518.976
47202,4221477.03636666
47203,4695532.4069
47204,4185091.7703
47205,3936361.30116667
47206,3890072.9418
47207,4192983.46562857
47208,5015017.27286666
47209,3587358.15403334
47210,3484790.74953334
47211,4001891.64086191
47212,4003709.32360952
47213,3821520.2454
47214,4855682.92006667
47215,4377804.10356667
47216,4321316.3654
47217,3548014.03253333
47218,4042435.05904286
47219,4786408.84556667
47220,4025721.77926667
47221,4360713.63242381
47222,3447277.2875
47223,4491921.2124
47224,3123009.93477778
47225,3699720.21183334
47226,4812543.31136666
47227,4807137.16536667
47228,3818022.4551
47229,5249674.96843333
47230,3820442.01560952
47231,3903282.82043333
47232,4408742.86656667
47233,4796516.95030952
47234,5017114.95441904
47235,5454263.54303334
47236,4111989.09976667
47237,4395074.25882381
47238,4536134.41313333
47239,4930738.49653333
47240,4224388.95498572
47241,4552279.9238
47242,4383395.5056
47243,3923547.38123333
47244,3675141.70870476
47245,4618155.80606667
47246,4986005.32916666
47247,4056773.27076667
47248,5271432.5161
47249,5401265.66226667
47250,4201463.7383
47251,3199983.2301
47252,3227504.40367619
47253,4950299.52711904
47254,4293741.09
47255,4415199.42653333
47256,4449763.33073333
47257,4561914.2089
47258,5443535.48156667
47259,4691014.97333333
47260,4551725.52028333
47261,4774858.58323333
47262,4172381.34743333
47263,4335286.46876667
47264,5151051.75841905
47265,4525961.21346666
47266,4568172.37686666
47267,4611134.99583333
47268,5137391.999
47269,4803432.40825
47270,4018370.1089
47271,4915024.2076
47272,3620260.68107143
47273,3892160.90744286
47274,5021507.9998
47275,4301087.99003333
47276,4309218.22983333
47277,3778601.88427143
47278,4182921.60436825
47279,4253606.5032
47280,2975542.98412857
47281,5020292.02417777
47282,4227889.7994
47283,4318784.5846619
47284,5392934.93905238
47285,4588522.29416667
47286,4099877.80991111
47287,4214137.6763
47288,4915913.19043333
47289,4159634.7409
47290,4281001.57846667
47291,4323277.5389
47292,3450836.19957619
47293,4551850.56144285
47294,4358935.5347
47295,4448497.88139048
47296,4264473.88026667
47297,4797785.74133333
47298,4895633.77123333
47299,3639505.44757619
47300,4766271.7459
47301,4414362.8462
47302,5535934.58273333
47303,5165543.41903334
47304,4371499.57253333
47305,3439695.51782381
47306,4635425.4986
47307,4126017.2293619
47308,4972665.54576667
47309,3929499.2032
47310,4333004.27173333
47311,4249067.22493333
47312,4303678.53496667
47313,4831998.64003333
47314,4738610.12658571
47315,3827042.04763333
47316,4900657.08623334
47317,4010046.85123333
47318,4855831.86993334
47319,4624842.00393333
47320,4434054.73826667
47321,4247147.98665714
47322,3417114.30955238
47323,3720484.30733333
47324,3699658.64027778
47325,3855879.98133333
47326,5276504.671
47327,3912351.70273333
47328,4510363.85193333
47329,4705032.19086667
47330,4347057.8121
47331,4778268.51916666
47332,4610434.69886667
47333,4825990.4992
47334,5033057.36966666
47335,4425998.94893333
47336,3083932.32750952
47337,4356177.72177778
47338,4487652.40273334
47339,4222862.3217
47340,5285371.91886667
47341,4623152.6378619
47342,4816278.8461
47343,5424984.5269
47344,5476401.6229
47345,4624357.91206666
47346,3823394.10511905
47347,4020408.68870476
47348,5259426.22093333
47349,4250365.52685714
47350,4243810.02011111
47351,4931239.34396667
47352,4701838.0197
47353,4743434.4867
47354,4560324.6193
47355,4946874.10196667
47356,4391354.8733
47357,4492615.7924
47358,5048455.6227
47359,4286256.6465
47360,4455175.2372
47361,3878289.32881429
47362,4435008.83966667
47363,4982122.99667143
47364,4427932.5625
47365,4154686.86199048
47366,4612544.9992
47367,4973003.15993809
47368,4161291.89736666
47369,4367163.30044286
47370,5060972.8362
47371,3382254.2834
47372,4523806.94111904
47373,2832792.29506667
47374,3009637.07386667
47375,3333996.69090953
47376,2478472.44687619
47377,3633966.80144444
47378,3127582.97196667
47379,4140066.80973333
47380,4889929.47563333
47381,3982294.45813334
47382,4252141.4738
47383,4325597.23613333
47384,3613874.0103
47385,4813217.76753333
47386,3980124.22873333
47387,2634757.8654
47388,4249079.17895
47389,4808996.36006666
47390,4708929.04353333
47391,4963633.86843333
47392,3918713.99216667
47393,4257703.2258
47394,4490072.75546667
47395,3930266.42330952
47396,5170061.87093333
47397,3215370.48040952
47398,3687032.2695
47399,4474345.71480952
47400,4379443.06308571
47401,4209279.69193334
47402,3984108.62773333
47403,3998971.2424
47404,5117092.60996191
47405,3678987.79515714
47406,3206313.27853333
47407,3859839.3942
47408,4637636.89383333
47409,5056551.57454286
47410,4685494.185
47411,4317628.996
47412,5591492.14076667
47413,4298943.52295714
47414,5304294.8739
47415,4659086.59366667
47416,4684797.91213334
47417,3456810.57943334
47418,3719345.3297
47419,5143395.1591
47420,4274707.6492
47421,4537352.6034
47422,4707810.22793333
47423,4080445.10986191
47424,4829909.73653333
47425,4735673.786
47426,4354355.8202
47427,4539442.64849524
47428,4011517.8428
47429,4502103.7216
47430,4921391.88366191
47431,3152934.06316667
47432,4244210.22406667
47433,4088096.25407778
47434,4185266.65086667
47435,3907450.92537778
47436,4501267.2049
47437,3960566.1364
47438,3535084.03834445
47439,4405293.88715714
47440,3797583.58634445
47441,5174397.3359
47442,5527965.31303333
47443,5627293.61473333
47444,3532956.54586191
47445,4384095.82284762
47446,4154649.6044
47447,4262458.61273333
47448,3080733.27034286
47449,4082662.3761
47450,4165526.3825
47451,4920102.56073333
47452,4230311.48787143
47453,3941130.19446667
47454,4078966.81203333
47455,3971411.81304762
47456,3791704.7804
47457,5339555.20461905
47458,4245709.27866666
47459,3436312.33032064
47460,4803187.9219
47461,4421302.46336667
47462,3873574.74483333
47463,4233808.92476667
47464,2425872.75889048
47465,5159788.16056667
47466,4655007.2723
47467,4846895.00803333
47468,4990737.32496667
47469,4303899.2547
47470,4456363.4846
47471,4172094.42433333
47472,4272736.6326
47473,4145191.41197143
47474,3200701.44788095
47475,4902309.127
47476,4344903.57466191
47477,4523955.36983333
47478,4468009.94696667
47479,4385577.0835
47480,5170549.74196667
47481,4329762.71166667
47482,3640904.49793333
47483,5044264.60416667
47484,4850649.04596666
47485,4495114.38898571
47486,5411235.59383333
47487,4003237.02193809
47488,3596622.08987778
47489,3736573.0037
47490,4855202.43853333
47491,4297959.51065715
47492,4661748.05413334
47493,4424097.6282
47494,4182881.1897
47495,4513334.69432857
47496,4186861.84323333
47497,4517329.21985238
47498,4498849.78176667
47499,3789472.08733334
47500,4400237.87043016
47501,4584653.74806191
47502,4077717.89301429
47503,4076755.86371905
47504,3774430.40217302
47505,4134918.31116667
47506,3908617.56973334
47507,4550922.49736666
47508,4754049.59195238
47509,3936698.68543333
47510,4106566.91067143
47511,4939479.01996667
47512,4670233.3459
47513,4310180.00171111
47514,4253553.21676667
47515,5650497.04463333
47516,2737636.25180476
47517,5396394.77152857
47518,4759687.06503333
47519,4476545.71886667
47520,4121474.81796667
47521,4836263.44193333
47522,4506620.77833334
47523,4701929.96893333
47524,4817604.794
47525,3391780.18953333
47526,4279078.47475238
47527,4376240.61696667
47528,4555048.86596666
47529,3334471.97963333
47530,4424907.3993
47531,3690446.41172381
47532,5036085.80457143
47533,4966763.2744
47534,4406187.4993
47535,5446562.26933333
47536,3960960.60277619
47537,4863352.41
47538,5156076.71686667
47539,4972756.4267
47540,4333007.40043333
47541,4495342.8142
47542,4964336.14473333
47543,4200001.8496
47544,4476312.792
47545,4420920.8072
47546,4974306.37486667
47547,4720508.9925
47548,3332203.30054286
47549,4070009.65403333
47550,4253074.20073333
47551,2915698.35714286
47552,4567508.67186667
47553,4611654.43143333
47554,3840491.808
47555,4433937.9722
47556,4567250.5174
47557,4505023.27453333
47558,2895300.3318381
47559,3707431.73533968
47560,4285713.6953
47561,3925350.9724
47562,4235579.78168571
47563,4695212.9017
47564,4789893.78128095
47565,4299636.17495
47566,4607982.51226667
47567,3526724.68422064
47568,3793984.45756667
47569,4319446.23086349
47570,4365027.44434444
47571,2831041.37583333
47572,4115107.97462857
47573,3874684.30154286
47574,4547799.77684286
47575,4167664.1443
47576,3743729.33928571
47577,4697798.12863333
47578,4738320.34203333
47579,3713850.73355397
47580,4575721.42988333
47581,4242749.94373333
47582,4377615.0369
47583,4364645.45946667
47584,3555241.69321429
47585,4703594.74246666
47586,4775202.62955238
47587,3714315.98334286
47588,4107524.5554
47589,3591800.55810952
47590,4983544.0908
47591,3957363.11561111
47592,3291796.98136667
47593,5159728.48896666
47594,5321573.25663333
47595,3487351.4911
47596,4188590.06343333
47597,4662451.04879524
47598,4606554.05403333
47599,4287160.9389
47600,5433105.6235
47601,4697191.92316667
47602,4261798.68603333
47603,5226122.5447
47604,3831775.29010953
47605,3801554.69834286
47606,3951620.3403
47607,3649869.90466667
47608,4910226.00773333
47609,4876623.65709048
47610,4791286.27268571
47611,5770469.58886667
47612,4286547.0685
47613,5285252.57095238
47614,4241238.74356667
47615,4405123.55993333
47616,4970954.02623333
47617,4021976.66550952
47618,4271292.89636667
47619,3699362.48859048
47620,3568901.57759524
47621,4624195.2252
47622,4679891.51843333
47623,4683259.621
47624,4560983.43506667
47625,4441731.11276666
47626,4941886.6695
47627,2946764.07992063
47628,3660033.57837302
47629,3370553.09041111
47630,5238604.74293333
47631,4483381.7052
47632,3603187.81016667
47633,3568199.31230952
47634,4946408.33723333
47635,3916832.2771
47636,4043347.91523333
47637,3250487.48504444
47638,3764112.54167778
47639,3621227.7802
47640,4506587.1277
47641,3149618.37975873
47642,3730320.41527778
47643,4188520.85896667
47644,4462060.24433333
47645,3564265.24326667
47646,4259714.74
47647,4706713.1809
47648,5428527.0748
47649,4691919.4827
47650,4424543.7057
47651,4808252.24546667
47652,4035770.56374286
47653,4741572.3338
47654,4358701.7437
47655,3484960.43412381
47656,4025607.69335714
47657,5147257.48476666
47658,3908205.08333333
47659,4180761.77893333
47660,4328054.6529
47661,4197878.1287
47662,4028382.89
47663,4101983.83113333
47664,4798727.72143333
47665,3838873.33773333
47666,4165026.64314444
47667,4242669.2678
47668,4522070.1093
47669,4824163.79516666
47670,3301949.14677778
47671,4231774.8239
47672,4373378.9298
47673,3864318.67683334
47674,4322728.16973333
47675,4239349.53006667
47676,4096002.13516667
47677,4530479.0019
47678,4376334.4707
47679,4257318.70793333
47680,4083591.0556
47681,4938206.33321905
47682,4162753.00322857
47683,4254610.72236667
47684,4188568.73553333
47685,3302119.13279524
47686,4166891.48943334
47687,4540104.149
47688,4873377.23296666
47689,3537316.66537619
47690,4424280.25126667
47691,4238376.37529048
47692,3577989.98797619
47693,3720113.12000952
47694,3825914.89535714
47695,4640904.65383333
47696,3780920.70905397
47697,3016448.17334445
47698,4277859.3471
47699,4840190.89296667
47700,4055065.3635
47701,4305813.66756667
47702,3918798.5615
47703,4694940.19633333
47704,3438352.21283333
47705,4967016.02263333
47706,4912864.0192
47707,3336319.16071111
47708,4289689.66215714
47709,3405622.99623333
47710,5168030.2633
47711,5010659.9771
47712,4502395.60113333
47713,4391433.95506667
47714,3180213.19821429
47715,4581357.15553333
47716,3895550.09234286
47717,4335869.83087778
47718,3868828.82556191
47719,3976883.3872
47720,3698985.48634286
47721,4395379.61876667
47722,4270050.01247143
47723,4418072.0335
47724,4242294.7833
47725,3862826.06836667
47726,5004283.5492
47727,3400652.67833334
47728,4000391.76546667
47729,4244428.7405
47730,3143041.22824286
47731,4130840.0645
47732,5081723.00983334
47733,4214090.9475
47734,4251545.63822857
47735,4457759.53017778
47736,5621274.9106
47737,4830777.13636667
47738,4589229.39451905
47739,4132568.49214762
47740,4733372.07480953
47741,4536649.75163333
47742,4550646.77683333
47743,4850743.34916667
47744,3844326.44752857
47745,3445269.58027619
47746,4193478.02982857
47747,4461000.9493
47748,4218267.8951
47749,4986698.93156667
47750,4514367.3781
47751,4204633.52663333
47752,4333780.51626667
47753,4708929.04353333
47754,3580083.7449
47755,5034512.60596667
47756,4780590.33521904
47757,4654408.5
47758,4162847.91360476
47759,4324700.2373
47760,4196158.60506667
47761,5033501.98816666
47762,4507781.14814445
47763,4474014.6186
47764,5038548.99253333
47765,3202330.56906667
47766,3994908.8204
47767,4576968.22799524
47768,4716222.41583333
47769,4450833.16003333
47770,4171282.9244
47771,3112433.2746
47772,4437103.25973334
47773,4525825.37113809
47774,5586648.3351
47775,4198317.1395619
47776,2887517.23661111
47777,4593829.4096
47778,4179381.09721111
47779,3890588.60487619
47780,4684651.10169524
47781,4518497.42054444
47782,4440180.06523333
47783,4643954.8497
47784,4925228.2984
47785,3878166.02896825
47786,4693275.8508
47787,4224675.11416667
47788,4829030.02846667
47789,4370539.47550635
47790,3545704.63391905
47791,3087142.93246349
47792,5167836.66513334
47793,4330575.96493333
47794,3371696.88030953
47795,5191392.30393333
47796,3688127.76866191
47797,4225229.81223333
47798,4893096.36123333
47799,4613650.2636
47800,3786868.1165
47801,4973351.8641
47802,4728191.743
47803,3993505.7326619
47804,4364432.53693333
47805,3485930.14476667
47806,4443166.72976667
47807,4246890.9671
47808,4653951.73396666
47809,4967655.7094
47810,3525680.03645238
47811,3669100.72856191
47812,4529150.12593334
47813,3945107.8344
47814,4863232.0674
47815,4541793.60593333
47816,4522532.50807619
47817,4916831.1279
47818,5127875.97446667
47819,4036443.10006667
47820,4500535.31603333
47821,5619629.49566666
47822,4998434.1395
47823,4281833.1313
47824,5679922.29426667
47825,4681554.21606667
47826,2802954.7905
47827,3620396.61973333
47828,4167589.04784444
47829,4649273.935
47830,4363299.78586667
47831,4161611.83406667
47832,4677521.48053333
47833,4695859.91993333
47834,4299888.22723333
47835,4244540.73243333
47836,4156093.02456667
47837,3942759.40381905
47838,4677848.29806667
47839,4461760.6076
47840,3920157.3211
47841,4740401.37803333
47842,2992518.95532381
47843,5092291.5844
47844,4221374.71526667
47845,4316363.07193333
47846,3305480.15162063
47847,4355392.50682857
47848,4679839.68713333
47849,3710759.69314444
47850,6139499.41396667
47851,4059465.84660476
47852,3883646.71656667
47853,4449528.41508254
47854,4464404.0227
47855,4455580.21179999
47856,5265282.25056667
47857,3098000.18404286
47858,3111593.17007619
47859,4929291.23306667
47860,4932847.11663333
47861,3993878.73024286
47862,4766123.93771111
47863,4314670.05453333
47864,4117817.1653
47865,4615419.12644286
47866,5848776.85303334
47867,2964989.93557778
47868,4041366.20593334
47869,3335293.04206667
47870,4923149.67253333
47871,5301457.5123
47872,3471794.2392
47873,4743848.51417778
47874,3351049.93483492
47875,3662517.4209
47876,3962448.25293333
47877,4186877.16853333
47878,4496446.0176
47879,4414619.1096
47880,5317371.72616667
47881,4708114.68276667
47882,5152892.56326666
47883,4610927.7066
47884,3619976.21396191
47885,4711733.03056667
47886,4417347.77743333
47887,4359919.71286667
47888,4694306.85521905
47889,4826474.49506666
47890,4498986.22576667
47891,4933445.27243333
47892,4377042.3956
47893,3890888.62191428
47894,3941392.79481111
47895,4161143.84876666
47896,3876659.60927619
47897,4642314.62073333
47898,4195731.29366667
47899,4977732.88306667
47900,3875115.44977619
47901,4734422.65616667
47902,4948303.77763333
47903,3802431.08506667
47904,4076324.45036667
47905,4583380.79450476
47906,3832892.42710952
47907,4988852.2843
47908,4457747.21866667
47909,4495601.25721428
47910,3928291.63850952
47911,4695977.28036666
47912,3852300.22166667
47913,5029863.95382857
47914,4142694.35196667
47915,4637654.3
47916,3214875.8297
47917,3562748.97799206
47918,4828047.09436667
47919,4244863.70355397
47920,4233976.31276667
47921,4357663.62583333
47922,4549408.06943333
47923,5496881.5070619
47924,4635964.9319
47925,5183749.84983333
47926,5348273.26313334
47927,4582426.0276
47928,3880829.88269524
47929,3867503.65601429
47930,4219402.74272857
47931,4337354.94526667
47932,4772200.5172
47933,4531861.71306666
47934,2921507.03636667
47935,4740219.27996667
47936,4857503.60216667
47937,4297355.93946667
47938,5238255.99116667
47939,4459580.4112
47940,4039568.90296667
47941,3618505.2374
47942,3940267.2389
47943,3286972.90442381
47944,4219874.05712857
47945,4905335.2124
47946,3944535.49857143
47947,4860557.71513333
47948,4846724.37692857
47949,6219638.43446666
47950,4019919.2675
47951,5027193.88682857
47952,4648693.99946666
47953,4281426.6496
47954,5092922.99413333
47955,5068011.6266
47956,3099109.52140635
47957,2610090.33897619
47958,4246890.9671
47959,3604375.60729524
47960,4722497.4165
47961,4207804.65276666
47962,4275669.3896
47963,4400295.998
47964,4530173.2579
47965,4073617.00783333
47966,4666233.0283
47967,4324014.62715397
47968,4897492.12193333
47969,4402272.3633
47970,4477493.6301
47971,4056800.9523
47972,5074750.10336667
47973,5270963.42386667
47974,3603968.45466667
47975,4681853.41853333
47976,3775271.88176667
47977,4262604.16203334
47978,4131617.93203333
47979,2536769.57702064
47980,4024022.81766667
47981,3811539.00680476
47982,3801410.0139254
47983,4189264.69146667
47984,4068368.55335714
47985,4779511.70073333
47986,5086524.2206
47987,4216643.4873
47988,3967686.33059444
47989,5330419.78126667
47990,5175998.97246666
47991,4282647.24586666
47992,4778091.4972
47993,5299834.7685619
47994,3811479.74229048
47995,4111946.11003333
47996,3147434.79562381
47997,4997349.32076667
47998,4532330.1882
47999,5416634.51023333
48000,4435838.19483333
48001,3670094.2357
48002,4122647.88079048
48003,4950766.5368
48004,4031588.61093333
48005,3095733.3929
48006,3651262.32343333
48007,3196758.38657143
48008,4118221.48351905
48009,3678568.33095397
48010,5381428.70443333
48011,4625044.10636667
48012,3567034.69066667
48013,3589192.34205239
48014,4368052.89096667
48015,4378720.70597778
48016,4503560.25346666
48017,4152515.8827
48018,4900828.30164444
48019,4742873.9472
48020,4196082.28923333
48021,4565426.0655
48022,5197513.72036667
48023,3787804.72093333
48024,4582700.82661905
48025,4247155.12715397
48026,4557261.4263
48027,4590728.36596667
48028,4611792.53656666
48029,4696463.55136667
48030,4792584.1154
48031,4129695.02763333
48032,3811332.96964444
48033,4231650.43086667
48034,5028300.2320619
48035,3487935.96592064
48036,3241425.67107778
48037,4121180.8567
48038,4607387.78915238
48039,4547698.78176666
48040,3961764.6646
48041,4695577.1274
48042,4371775.56206667
48043,4433569.63903333
48044,3833655.27436667
48045,4786947.0027
48046,3732715.74357143
48047,4372798.67176667
48048,4127104.91273334
48049,4865855.5809
48050,4418138.3932
48051,4219420.68776667
48052,4708929.04353333
48053,3856339.4611
48054,3082677.0669873
48055,3849124.89593333
48056,4466500.65002857
48057,3452268.58437302
48058,4315200.55643333
48059,4201226.47496667
48060,4669024.58163333
48061,4046330.25293334
48062,4393155.52393334
48063,5494462.63793333
48064,4384297.04206666
48065,4504405.3096
48066,4444727.08556666
48067,4512114.39406666
48068,4632785.64100952
48069,4130930.68666191
48070,6085862.06243333
48071,3819668.52789048
48072,5866306.40193333
48073,4201343.09021905
48074,4671081.9758
48075,3976316.1075619
48076,3986672.15536667
48077,3817420.7195
48078,4052655.81146667
48079,4226111.83615715
48080,3825456.43126667
48081,3659289.58093333
48082,4383872.99013333
48083,3988291.9034
48084,4250374.60133333
48085,4015780.62793333
48086,4731669.96526667
48087,3964898.67463333
48088,4532875.27136667
48089,4429773.31983333
48090,4290058.169
48091,4093665.8385
48092,4773118.49406666
48093,4516850.76704445
48094,4609389.97663333
48095,4968489.31743333
48096,4086063.38550159
48097,3794663.58245238
48098,4255152.9095
48099,4904786.33566666
48100,5217887.28996666
48101,3790241.59799524
48102,4356374.90203333
48103,3378066.61520953
48104,5086728.26186667
48105,3780865.57753334
48106,4726344.6956619
48107,4169895.5915
48108,3416138.21709524
48109,4305056.46853333
48110,4417851.54107619
48111,4278461.1236
48112,4360477.36942857
48113,5266746.98596667
48114,4225698.1359
48115,5072147.75336667
48116,4356450.95886667
48117,4472713.7906
48118,4801875.61506667
48119,5085732.328
48120,3723334.11733333
48121,3961686.14151111
48122,3300927.71496667
48123,4898734.7141
48124,4787942.82864444
48125,3919846.89317143
48126,2748317.5581
48127,4491602.1619
48128,4936245.20373333
48129,3824251.50083333
48130,4956081.58186667
48131,4757664.63836667
48132,4476015.89801905
48133,4734797.42327778
48134,4770375.77386666
48135,3933102.95876191
48136,3345934.82411428
48137,3596595.56954444
48138,3798673.20024445
48139,4265114.84116667
48140,4361019.89893333
48141,3917225.85006667
48142,4739669.99713334
48143,4154015.33114762
48144,2476454.77610476
48145,3626184.15203333
48146,4825185.74186667
48147,4840737.75975238
48148,4082958.18583333
48149,4046982.76086667
48150,4335756.6208
48151,4490221.45917619
48152,4867838.57463333
48153,4569475.07606667
48154,4038480.41756667
48155,4483520.33433333
48156,4314224.75773333
48157,4506267.64566667
48158,3929250.83337778
48159,3267503.36476667
48160,3485662.41673334
48161,3943547.20746667
48162,4547731.31226667
48163,3265310.76702857
48164,3246891.63563333
48165,4457245.55298334
48166,3990532.69713333
48167,3841041.3196
48168,4173178.34106667
48169,4619612.84273333
48170,4243224.20603334
48171,3950232.3971
48172,4212115.37313333
48173,3740146.17395397
48174,5940496.47696666
48175,4770313.2203619
48176,5201894.5825
48177,5258461.33043333
48178,3861724.08830476
48179,4519840.95673333
48180,4479378.5005381
48181,4759084.9459
48182,4367143.88850952
48183,4256421.24733333
48184,3241879.23170952
48185,3589540.67713334
48186,4514923.50329048
48187,4876173.58843333
48188,4521733.09887777
48189,5104093.98543333
48190,5366451.0359
48191,4846826.15833333
48192,4441908.86296667
48193,4366047.2564
48194,4110345.11948333
48195,4421328.81434286
48196,5398820.21223334
48197,3996232.5405
48198,4461792.75003334
48199,3841489.1975
48200,5554364.15146666
48201,4561330.69993333
48202,4642034.02403333
48203,5650682.88823333
48204,3216548.4457
48205,4587741.2603
48206,4028004.41612857
48207,5344662.7755
48208,4279201.9637619
48209,3897553.42456667
48210,4367008.8039254
48211,3734029.75160476
48212,5263822.91886667
48213,4201883.21276191
48214,4281424.08896667
48215,4295041.43553333
48216,4162182.2357
48217,5465945.0404
48218,5154156.72756666
48219,4798143.13451905
48220,3949510.60390952
48221,4078932.7891
48222,3655058.2726
48223,3740760.67223333
48224,4950075.06183333
48225,4508408.99766667
48226,4163492.70846667
48227,4755698.72243333
48228,4256528.11433333
48229,4194048.91113333
48230,4605737.0693
48231,5614303.77772857
48232,4411723.7296
48233,4513921.1766
48234,4798944.35396667
48235,3925099.42411111
48236,4610162.93518571
48237,4787281.30659524
48238,4494720.6533
48239,5431627.39506666
48240,4040148.8555
48241,4407470.17423333
48242,3902042.35022857
48243,2825947.5151381
48244,3492370.40354921
48245,3834218.3034
48246,4035637.73072857
48247,4100846.16660952
48248,4381457.04873333
48249,3261532.83647143
48250,4496984.1706
48251,4059694.4111619
48252,4003280.27664444
48253,4488506.3493
48254,5222562.08026667
48255,4375580.84413334
48256,4683181.2696
48257,3773785.3710381
48258,3240358.7742381
48259,4723280.78973333
48260,5369510.28076666
48261,3775332.43576191
48262,4663769.3646
48263,4551976.76103333
48264,5326812.0339
48265,4762741.60023333
48266,4088775.80117778
48267,4134005.37843333
48268,4595989.0026
48269,4227142.69396191
48270,5048799.88516666
48271,4280246.59289286
48272,4420240.15296667
48273,4585866.7413
48274,2845870.50889524
48275,4483443.92263333
48276,3410241.03338095
48277,4285580.2037
48278,4275945.89966667
48279,4519274.51996191
48280,3924635.70116191
48281,2868780.52824762
48282,2620426.50296667
48283,3966287.69413333
48284,4205719.24546667
48285,4915355.76633333
48286,4668320.03755238
48287,3920165.77114286
48288,4692448.88452857
48289,3521361.76276667
48290,4383241.65680953
48291,4093397.661
48292,4195303.5014
48293,4302967.57707778
48294,4889910.78383333
48295,4770256.9046
48296,3973204.93606667
48297,3206151.03186191
48298,4292773.31056667
48299,4683090.14666667
48300,5047391.97526667
48301,5014921.4616
48302,3299700.317
48303,4443271.69103333
48304,4821364.535
48305,4053639.803
48306,3699804.26806825
48307,4271867.7847
48308,5083352.86736667
48309,4578492.65046666
48310,3535378.98274286
48311,3863815.44356667
48312,4435536.5027
48313,4635966.69066191
48314,4547878.0276
48315,3705731.25922857
48316,4270572.25356667
48317,4448261.91336667
48318,4678207.5344
48319,4450373.84433333
48320,3642289.56813333
48321,4216055.38691111
48322,4303300.15492857
48323,5213398.38532857
48324,4572492.56526666
48325,3989489.59353333
48326,3680767.91422857
48327,4224613.77613333
48328,4770790.0819
48329,4490746.45863333
48330,3586315.53963333
48331,4909187.9761
48332,4215261.00814286
48333,3769909.26216667
48334,4089261.87653334
48335,4643104.67296666
48336,5897316.02943333
48337,4209110.06729048
48338,4918641.0101
48339,4906880.17273333
48340,5266147.2803
48341,4260006.13756667
48342,4111573.5238
48343,4329900.06802857
48344,4791682.55336666
48345,4437523.2137
48346,4390793.28453333
48347,4605789.69136667
48348,4694119.5501
48349,4341132.9279
48350,4383649.90343333
48351,4589430.28721666
48352,5010994.33863333
48353,4298314.7966
48354,4420845.45493333
48355,4458891.94574444
48356,4502678.78189524
48357,4714692.821
48358,4081783.92150952
48359,5122626.835
48360,4432633.67986667
48361,5508474.06166667
48362,4136813.87102381
48363,3497249.15011111
48364,3002389.0658
48365,5448847.5366
48366,3760268.5991
48367,4567146.13052857
48368,4554710.2373
48369,4710629.97206667
48370,3596617.2853
48371,4351173.40914286
48372,4963519.93323333
48373,5229991.06826666
48374,3849008.27386667
48375,4308327.18903333
48376,4217891.69542381
48377,3817861.43626667
48378,4219256.99434444
48379,3865765.16787778
48380,4654875.29271905
48381,4010218.40950476
48382,4229343.93296667
48383,4768592.48983333
48384,4681606.94423333
48385,4420979.42033333
48386,4683259.621
48387,3625763.32162064
48388,3934862.2681
48389,4475129.82226667
48390,3772372.79997778
48391,4719822.3358
48392,4221296.72516667
48393,4668488.93943333
48394,4148502.93626667
48395,4351925.75646667
48396,4027654.60826667
48397,4293659.93996667
48398,3274926.22920953
48399,3814410.16406667
48400,4509525.70723333
48401,3610483.43420953
48402,3922450.3655
48403,3201416.72593333
48404,4653068.0349
48405,4111519.71723334
48406,4693607.26406191
48407,4149127.5051
48408,5351308.09266667
48409,4685671.35536666
48410,4307218.03756667
48411,3845461.88426666
48412,4409459.73333333
48413,4674382.20186666
48414,4896075.86136666
48415,4889954.23393333
48416,4660415.34983333
48417,3860114.738
48418,3554057.8296
48419,3420953.66163334
48420,4238582.04379524
48421,4025460.1383
48422,4121036.97703334
48423,4603126.44949524
48424,4042431.4013
48425,5390415.58133333
48426,3030113.49000953
48427,4630078.8686
48428,4015929.4051
48429,4073887.2468
48430,5088757.65163333
48431,5573877.50603334
48432,4043010.55554762
48433,2929560.39332857
48434,4371658.16718571
48435,4632499.77796667
48436,3969140.09166667
48437,4437685.33306667
48438,3615338.51088095
48439,3499702.93123333
48440,5946582.13513333
48441,4566720.36043333
48442,4030235.67599048
48443,4200673.52036667
48444,4351377.75169524
48445,4353696.08716667
48446,4207324.89506667
48447,3968971.19661111
48448,4223886.6388
48449,3933045.95792857
48450,2473643.39038095
48451,4163177.12603333
48452,4512698.91076667
48453,4845887.22123333
48454,4279035.12013333
48455,4811800.5689619
48456,3465525.28449048
48457,4416553.24747301
48458,3886377.98596667
48459,5488591.84756667
48460,3911968.29131111
48461,4079676.25326667
48462,4399589.10452857
48463,5132644.25606667
48464,5030465.62523333
48465,4509525.70723333
48466,4187805.32951111
48467,4412380.33800952
48468,4107282.31674286
48469,4962147.71136667
48470,3818202.90314762
48471,4165068.57959206
48472,4688727.14313333
48473,3663801.50953333
48474,4233445.86916666
48475,4154581.79337778
48476,3446429.36103333
48477,4466622.0946
48478,4401772.7356
48479,4031692.57166667
48480,4940724.89513334
48481,4732939.53579048
48482,4365780.29737778
48483,4459565.87003333
48484,4206673.6985
48485,4510348.9515
48486,4464794.16366666
48487,4480858.9365619
48488,4197623.48633334
48489,4841318.65055238
48490,4157522.72746667
48491,4708730.33342857
48492,4252816.53703333
48493,4646097.74906667
48494,4160191.2787
48495,4322356.77566666
48496,3627705.52302858
48497,4807694.23563333
48498,4027331.63436667
48499,3717347.4807
48500,4352301.30293333
48501,4540773.76562381
48502,4635421.58903333
48503,3363521.64914286
48504,4290336.70280476
48505,4991343.88843333
48506,4408472.87413334
48507,4091351.18243333
48508,4617921.18275
48509,5254128.569
48510,5087629.25823333
48511,5594024.86212857
48512,2967243.46070952
48513,4714333.52587778
48514,4616669.11393333
48515,4318659.36903333
48516,3432608.52956667
48517,3660224.15041111
48518,4302339.93766667
48519,5306040.8493
48520,5145469.27456667
48521,3243817.74146667
48522,5052239.14176666
48523,4823929.9592
48524,5186476.29863333
48525,4601889.70373333
48526,4398311.32956666
48527,4972469.65306667
48528,4122425.114
48529,3914853.61486191
48530,5182006.63406667
48531,5110905.6257
48532,4635299.09063333
48533,4260484.59503333
48534,3682140.58363333
48535,3573083.98546667
48536,3569162.66396667
48537,3709436.71993333
48538,4650067.32466667
48539,4675844.57266667
48540,3563671.92846667
48541,4219694.40886667
48542,4041247.0488381
48543,4416138.3808381
48544,4748768.82323333
48545,4646936.31413333
48546,4845710.10013333
48547,4794827.51243334
48548,4070555.0858381
48549,3920254.87687778
48550,4531257.63446666
48551,4588063.39927619
48552,3524436.67276667
48553,3688377.2385254
48554,5173369.06626667
48555,4334429.74059524
48556,4397498.32326667
48557,4190475.12017619
48558,4307046.39603333
48559,4405483.78053333
48560,4775730.89924445
48561,4522901.70546667
48562,4862449.77989523
48563,4041983.84023334
48564,5391988.76223333
48565,3709205.72043333
48566,4831354.16656666
48567,3904700.28113333
48568,4525268.7856
48569,4357481.89796666
48570,4319397.47456667
48571,4837631.6687
48572,4437680.4515619
48573,4925990.38641111
48574,4842392.5831
48575,3794793.25524445
48576,4153329.87903333
48577,4285777.69613809
48578,4088996.83346667
48579,4121709.60807778
48580,4596260.13193333
48581,4404746.97403333
48582,3755484.44586667
48583,3754642.76746667
48584,4124976.8926
48585,5264344.48883334
48586,4162836.94697778
48587,4873170.16626667
48588,4804725.31353333
48589,4872782.89556667
48590,4603387.86243333
48591,3700364.8384
48592,4336315.82008333
48593,4308665.1654
48594,4268363.11793333
48595,4520943.31636667
48596,4152624.1331
48597,4705765.42999524
48598,4257045.83843333
48599,4280898.08503333
48600,4467699.0451
48601,4342883.4991
48602,4320427.0681
48603,4981920.38913333
48604,5014488.35546667
48605,4230186.6763
48606,4987813.0417
48607,4761901.8742
48608,4235664.81596191
48609,4889300.11514444
48610,4124835.98553333
48611,3926182.79569048
48612,4125282.5734
48613,3627397.64963333
48614,5248572.81503333
48615,4884377.81193809
48616,4779944.21636191
48617,4795404.37123333
48618,4311498.8509
48619,3771446.31183333
48620,3859121.05363333
48621,4260604.2651
48622,4265904.27632857
48623,2944541.10208095
48624,3666009.33293333
48625,4649092.8436
48626,4698046.0329
48627,3778580.17206191
48628,4482957.42153334
48629,4447357.27933333
48630,4708161.55586667
48631,4783884.7013
48632,4382397.5001
48633,4893318.14183334
48634,2919169.00933333
48635,3711924.68353333
48636,4234596.42983333
48637,4692997.31305238
48638,4961077.7727619
48639,4643343.49166667
48640,5248702.0421
48641,5496377.52493333
48642,4730675.06803333
48643,4281880.9778
48644,4645380.7994
48645,4121348.29403334
48646,4868276.71158095
48647,4476735.57723334
48648,3577461.92455397
48649,4957425.29756667
48650,4116661.22403334
48651,4888986.99113333
48652,4693842.1695
48653,3882487.13944445
48654,3406410.83399048
48655,4536354.09587619
48656,4228086.10446667
48657,3643899.89333333
48658,4507972.19793333
48659,2519368.46588095
48660,3849357.1669
48661,4309952.23193333
48662,4867955.19336667
48663,4015524.16036667
48664,4648552.88696667
48665,3950432.39738571
48666,6001713.2914
48667,4126507.78566667
48668,4516379.84436667
48669,3197073.84182857
48670,3838171.69686667
48671,4354841.7146
48672,3871416.52241111
48673,4649069.0203
48674,3278477.32769048
48675,4262078.7282
48676,4626341.406
48677,3766489.71356667
48678,4464834.43456667
48679,4443474.069
48680,4368953.71520952
48681,4088933.37998095
48682,3464134.14267619
48683,4707318.73713333
48684,4384793.80533333
48685,4589321.06786666
48686,3691575.90003968
48687,4738461.1325
48688,5247096.46658571
48689,5716167.055
48690,4869994.86703333
48691,4686777.93846667
48692,3954815.16326667
48693,2559041.95269524
48694,3404697.9348
48695,5262209.19446667
48696,4289764.36624762
48697,4465365.42774286
48698,5495904.24098571
48699,3276989.8154
48700,3924408.88307778
48701,3656469.19703334
48702,4098322.01836667
48703,4582464.56927778
48704,4333428.63801428
48705,3422433.24076667
48706,3813296.89119048
48707,4394418.0181
48708,4717588.0419
48709,4076087.69573334
48710,3925291.08273333
48711,5080716.57323333
48712,4606049.9158
48713,4691365.78836667
48714,4053712.30686667
48715,4397879.6809
48716,4207124.373
48717,3365103.66036667
48718,4650685.82873333
48719,4173395.73029206
48720,4700086.57146667
48721,3668164.83707143
48722,4807284.6899
48723,4778690.37333333
48724,4551892.98403333
48725,5205575.1178
48726,4404344.28686666
48727,3142171.08794286
48728,4275967.11104286
48729,5022206.505
48730,4623059.24126667
48731,5141881.6566
48732,4948849.34543334
48733,5129329.46316667
48734,3841526.23062064
48735,4244634.58324762
48736,4534242.80539524
48737,3763744.31886667
48738,4141623.75397619
48739,4145540.63727619
48740,3234812.71078254
48741,4012062.8868
48742,4699989.26503333
48743,3633679.9889
48744,4066444.37883334
48745,3941589.67036667
48746,3061806.5379
48747,4831884.1886
48748,4991964.12683333
48749,4918456.58716667
48750,4421895.2145
48751,3049054.23997619
48752,6180648.71053333
48753,4450042.34126666
48754,3667939.1029
48755,3664851.17413333
48756,3914925.15322857
48757,3329283.7277619
48758,4298533.6308
48759,4794509.96746666
48760,3854309.89729048
48761,3878906.71016667
48762,3897835.07247619
48763,4707723.8291
48764,3501037.96290952
48765,3212423.3248619
48766,4634299.84966191
48767,4639003.89603333
48768,3206039.44603334
48769,4426467.62156667
48770,3925653.7068
48771,4689775.9516
48772,4156485.48858333
48773,3028396.78270476
48774,2779117.94898254
48775,4968489.31743333
48776,5009494.722
48777,4174567.96798254
48778,5670053.87803333
48779,4315062.64406667
48780,3192292.06867778
48781,4492185.80236667
48782,3632048.14433016
48783,4678889.72403333
48784,3938687.80166667
48785,4381995.2998
48786,4114615.00499524
48787,3500148.74646667
48788,4354287.55753333
48789,3851052.9232
48790,3899838.7877
48791,4261684.47193334
48792,3940246.07673333
48793,4429905.70036666
48794,4853750.929
48795,4489782.35973333
48796,4837465.59300635
48797,4883168.36943333
48798,4261364.3609
48799,4165366.12996667
48800,4874420.96123333
48801,4635099.60463333
48802,4618900.78231111
48803,4639874.166
48804,3256686.36320476
48805,4438737.50816667
48806,3875932.1379
48807,4085716.017
48808,3963114.22616667
48809,4713439.672
48810,3937398.5085
48811,4670944.33843333
48812,4760332.33173333
48813,4137015.80936667
48814,4689419.57097143
48815,4124973.77796667
48816,3816341.52192857
48817,4619306.78626667
48818,4733127.17843333
48819,4249206.7043619
48820,4170481.61966667
48821,4177794.99193333
48822,4549202.24363333
48823,3946024.6649
48824,4675326.96196666
48825,4996211.19226667
48826,4966251.37253334
48827,4934519.29276666
48828,4629611.89913333
48829,4962850.79323333
48830,4784952.26193333
48831,3460895.52919047
48832,3848955.00236667
48833,3113795.12243333
48834,4265354.02754444
48835,3934034.94426667
48836,5032934.11908572
48837,3080776.87216667
48838,4519300.25416667
48839,4379640.12611111
48840,4605343.4413
48841,4566532.23556666
48842,4454777.41478571
48843,4058469.8336
48844,4595771.30966667
48845,3424851.14891111
48846,4567376.31043333
48847,4111444.01363334
48848,3377082.13874445
48849,4691765.13976667
48850,4483097.97266667
48851,4086222.6011
48852,4255192.2846
48853,4790469.70226667
48854,4099897.67789048
48855,4211921.57844286
48856,4283805.7583
48857,4754843.8365
48858,4291629.83078095
48859,3860720.1743
48860,3324111.33190953
48861,3280147.90593334
48862,3481094.23101905
48863,4860875.9335
48864,4180098.51153333
48865,3712437.45227619
48866,4472308.81686667
48867,4119795.06643334
48868,3760956.48274286
48869,4984201.56483333
48870,4762955.83956667
48871,4284007.8607
48872,3424256.05689524
48873,3605017.04906667
48874,4475626.44324285
48875,3804869.45962857
48876,4472562.89164286
48877,3756841.89785873
48878,4699464.72663333
48879,4552687.37783334
48880,5220708.52223333
48881,3948008.06508572
48882,4918582.4685
48883,3358550.53220952
48884,3921829.11994445
48885,3531221.83826667
48886,4956966.97186667
48887,4739098.5936
48888,3350936.13940476
48889,5518256.37646191
48890,4823789.6025
48891,4474988.3482
48892,4187368.40303333
48893,4473460.27303333
48894,3430768.87454444
48895,4238832.64439048
48896,3765448.60143333
48897,4938258.1962
48898,4474076.75546667
48899,4498942.99141111
48900,4036880.84413333
48901,3669462.11623333
48902,4262911.1604
48903,3480092.73673333
48904,4134177.28316667
48905,4976249.46886667
48906,3810024.68750476
48907,2661265.64702381
48908,4295349.2394
48909,3981328.68747619
48910,4930388.70013333
48911,3815702.29860953
48912,4127114.31243333
48913,4589529.37829524
48914,4134000.64080952
48915,3938653.80046667
48916,3607910.94197619
48917,3677735.6532381
48918,3178227.58537778
48919,4143545.29674444
48920,3401012.39854444
48921,4531816.45656667
48922,5355956.79796667
48923,3612368.0381
48924,4372583.20953333
48925,4393497.0005
48926,4393685.9307
48927,3730360.29429524
48928,4029835.83486667
48929,4137650.8612
48930,4350993.4760619
48931,4093015.60975
48932,3637234.92
48933,5119255.54697778
48934,5340742.1678
48935,4033781.39966667
48936,5480093.64796667
48937,4563452.6477
48938,4175607.9107
48939,4306284.08517778
48940,3914925.15322857
48941,4843757.29526667
48942,5654476.67833333
48943,3772202.13781905
48944,4308992.06695714
48945,4118399.7598
48946,4180361.39986667
48947,3774930.85202858
48948,4569215.34708095
48949,3412088.44651429
48950,3946489.51013333
48951,2874114.4114
48952,4752334.73913333
48953,2561136.58950952
48954,4713929.91703333
48955,4583893.9172
48956,3516535.5869619
48957,3761689.95906667
48958,4445960.23373333
48959,5191270.71253333
48960,4260162.7175
48961,3220032.62093333
48962,2734080.80064286
48963,4044092.63285714
48964,3990649.29362857
48965,4858229.9822
48966,4471130.37563333
48967,4132300.4209
48968,4439200.75856667
48969,4330965.47386667
48970,4127474.72915714
48971,4382143.74837143
48972,5332099.7559
48973,4556002.35046667
48974,4199671.75696667
48975,4804606.56326667
48976,5287243.3366
48977,5190767.65643334
48978,5123676.97483333
48979,5477206.59686667
48980,3950574.5202
48981,4598982.22086667
48982,4291192.40473334
48983,3023919.78263333
48984,4887555.19043333
48985,3861940.90963333
48986,4767733.81753333
48987,4091256.20983333
48988,4900932.30913333
48989,3875351.2635
48990,3761689.95906667
48991,4635511.788
48992,3910382.40986667
48993,4767561.16266667
48994,4057432.34243333
48995,3902868.75334286
48996,4293020.03043333
48997,5051852.39332857
48998,3706298.81241111
48999,5136913.18863333
49000,3862047.93483334
49001,3489398.87073334
49002,3872591.67392064
49003,4306776.75786667
49004,3319142.23976666
49005,4051355.72596667
49006,4329110.52437619
49007,4020613.3637
49008,3746110.91752857
49009,4394216.68317778
49010,2996902.82657619
49011,3933323.04820476
49012,3664125.65168095
49013,3686519.82231111
49014,4603110.99223333
49015,4270332.04273333
49016,4799328.6069
49017,4646578.8015
49018,3896219.53136667
49019,4420240.15296667
49020,4420530.87586667
49021,4345978.13774444
49022,3837397.85700952
49023,3662760.61991111
49024,4743606.38119047
49025,4194974.42140635
49026,4333289.45186666
49027,4387954.31658095
49028,4732084.08038572
49029,3963389.20753333
49030,5212338.5405
49031,4014272.70246667
49032,3863687.31416667
49033,4651732.50063333
49034,4270833.87162857
49035,4501333.50736667
49036,4800100.4152
49037,4300699.05641905
49038,4545234.94991111
49039,4337292.99603333
49040,3601064.43980952
49041,3612789.21824762
49042,4671488.83413333
49043,4403973.6673
49044,3697942.5135
49045,4427933.69842857
49046,4496118.35166667
49047,3256705.51073333
49048,4144183.7645
49049,5084429.25486667
49050,3340781.10717778
49051,3932655.85227302
49052,3971808.29166667
49053,3979292.09043333
49054,5079816.90486667
49055,4778364.8099
49056,3996365.68316191
49057,4203581.27853333
49058,5304567.86143334
49059,4473101.56776667
49060,2800847.59811429
49061,3819445.54714286
49062,3812652.96499524
49063,3932293.41956667
49064,4138361.63516667
49065,4559139.53743333
49066,4540063.70043334
49067,3822146.54517302
49068,3944927.7692
49069,4345041.3827
49070,4821449.29876666
49071,4151714.91933333
49072,4677185.76996667
49073,4309850.33666667
49074,4118409.84503333
49075,4287661.0947
49076,4406879.44093333
49077,4222379.38058572
49078,4846885.64226666
49079,4769277.30762857
49080,4619320.07473333
49081,5312871.24856667
49082,4784590.8351
49083,4261501.0122
49084,4680276.88196666
49085,4128063.7516
49086,4356450.95886667
49087,4467050.16563333
49088,4908591.53233333
49089,4179147.79296667
49090,3997977.15116667
49091,3765565.6318
49092,4671646.7867
49093,4834178.27886667
49094,4265694.03293333
49095,4261955.11536667
49096,4108471.49889524
49097,4858959.10306667
49098,5038819.31990952
49099,4474727.15561905
49100,5395048.4412
49101,4926579.90262619
49102,4892532.577
49103,4123826.93766667
49104,4667148.42116667
49105,4510732.2221
49106,3971394.79982857
49107,5566887.88476666
49108,4253675.77292857
49109,2832792.29506667
49110,5470696.43316666
49111,3345825.10677619
49112,4389997.00753333
49113,4857006.9598
49114,3562882.00216667
49115,3852821.61763334
49116,3079851.53231905
49117,4260934.4502
49118,5374229.35253333
49119,4603015.0862
49120,4505250.37739047
49121,4255958.94980952
49122,5221752.14866667
49123,4190402.29457619
49124,3900325.13793334
49125,3887531.88401111
49126,3908563.84943333
49127,4345450.38693333
49128,4763472.36196667
49129,4896005.88363333
49130,3576116.61177143
49131,3727064.9519
49132,4454035.06646667
49133,3767909.26182064
49134,4811217.83883333
49135,4544674.65903333
49136,5469713.9792
49137,4143382.2912
49138,3873912.45886667
49139,4841027.47652857
49140,3984547.98246667
49141,4785892.91253333
49142,4821099.85146667
49143,4673985.68473333
49144,4465954.5456
49145,4318668.22030952
49146,4806369.10373333
49147,5070582.67546666
49148,4962226.93293333
49149,4214839.54411111
49150,3883961.07161429
49151,4197672.81214921
49152,4297231.85911111
49153,4493604.32966667
49154,4438534.80093333
49155,4300978.54516667
49156,3488092.17995714
49157,4119852.13509524
49158,4687041.51329524
49159,5416356.6409
49160,3922224.1543
49161,4843688.8611
49162,3970996.49206667
49163,5238075.33813333
49164,3913001.55366667
49165,4976966.01408571
49166,3697838.10903334
49167,4581269.53616667
49168,4181260.78983333
49169,4469681.75268095
49170,5368785.636
49171,3512734.00526667
49172,4782615.94632381
49173,3910707.72646667
49174,4112418.8408
49175,5158723.7388
49176,3111593.17007619
49177,4241798.67086667
49178,5357621.14303333
49179,4250985.83936667
49180,4065867.81406667
49181,4300515.04706667
49182,3430969.58092064
49183,4655984.67821905
49184,4247417.06413809
49185,3967159.57796667
49186,4465255.31923333
49187,5227309.85386666
49188,4481491.6835
49189,5094665.8173
49190,3273986.97953333
49191,4356308.1682
49192,4578781.9293
49193,4351287.40093333
49194,3954854.54893333
49195,3970510.91083334
49196,4207045.09361111
49197,3513192.5355619
49198,5235973.59046667
49199,5276680.69969524
49200,4639461.96493334
49201,3761339.54544762
49202,4658549.09046667
49203,3068135.91725397
49204,5189268.59836666
49205,4415485.314
49206,5056791.29546667
49207,3436312.33032064
49208,3787268.9435
49209,4222203.99856667
49210,3726351.62954445
49211,4531792.1284
49212,5013580.5407
49213,3784385.04916667
49214,4583380.79450476
49215,4892320.2018
49216,5257827.96122857
49217,4197503.65734444
49218,4841193.14
49219,4283720.91006666
49220,4609736.05263333
49221,4697533.6994
49222,4641001.27843333
49223,4334429.74059524
49224,4628250.1519
49225,4411137.34003333
49226,3689614.55326667
49227,3779084.14923333
49228,5356524.70573333
49229,3910511.17136667
49230,4794693.3399
49231,3692987.28799048
49232,4241915.71356667
49233,4887419.41823333
49234,4859048.07216667
49235,5131687.0771
49236,4981255.58089524
49237,3420952.19170476
49238,4053967.87146191
49239,5359145.2858
49240,4198674.85080953
49241,4229147.93618254
49242,4472969.14783333
49243,3737747.37290952
49244,4596855.65976666
49245,4323026.94956667
49246,5146100.90925238
49247,4654527.8573
49248,3819479.60068096
49249,3586961.12957778
49250,5063908.72049524
49251,3823641.04473333
49252,3737911.86540635
49253,4291881.51653333
49254,4884245.71156667
49255,3371611.61736667
49256,4714082.52373333
49257,4745390.1109
49258,4659284.05336666
49259,4470899.95630952
49260,4418370.74582381
49261,3668164.83707143
49262,4170725.14225714
49263,5017449.43005238
49264,3763003.20643333
49265,3681955.28126349
49266,3983803.13986667
49267,4830851.1445
49268,3242642.90128572
49269,3788720.44921111
49270,4790196.60243333
49271,2470043.1716
49272,3466282.82462381
49273,4997632.01576667
49274,4476014.6785
49275,4181332.31444445
49276,4477100.18413334
49277,5432789.9106
49278,4023364.29343334
49279,3672233.93020952
49280,4370391.15366667
49281,4121428.73871905
49282,4516306.49922857
49283,4856686.39306666
49284,4711792.66336667
49285,3260216.8527873
49286,4672023.9197
49287,5251240.7092619
49288,4186625.50206666
49289,5092183.77643333
49290,4063106.59316667
49291,4372976.02943333
49292,4595455.76381904
49293,3668633.10988572
49294,4168163.05613333
49295,4656923.81962857
49296,5336888.62953334
49297,4379266.43962857
49298,5719254.6608
49299,4648213.64583333
49300,4167247.19702857
49301,3623023.14409524
49302,3894704.84927778
49303,4993048.32883333
49304,4421517.58913333
49305,5259896.5932
49306,3404868.44824286
49307,5381390.8839
49308,5153766.25076667
49309,4314877.42923334
49310,4407932.51497778
49311,4330807.32330953
49312,3251686.47412539
49313,3887425.73206191
49314,4605223.0084
49315,4849255.34806666
49316,3493921.46444286
49317,3964867.3809
49318,4161873.86453333
49319,3935541.94767778
49320,4372505.34306667
49321,4972797.20586667
49322,3489026.59477778
49323,4211080.66136191
49324,4072593.6857
49325,4980316.6825
49326,4025368.63470952
49327,4383368.54802064
49328,5107866.32404285
49329,4023687.11099048
49330,5128155.91296667
49331,4699197.3584619
49332,4278404.88607778
49333,4123584.06279683
49334,4103477.86316667
49335,6244845.42916666
49336,4733635.30613333
49337,4798386.98268571
49338,4927211.97553333
49339,4888091.1091
49340,4128411.2038
49341,5130304.78743333
49342,5121758.08093333
49343,4906068.84723809
49344,4280391.6608
49345,4366367.75798095
49346,4556092.61936667
49347,4124839.179
49348,5479331.13086667
49349,4907958.3079
49350,3869425.71436191
49351,3151163.83510476
49352,3828296.17367778
49353,4522537.14
49354,4697088.0377
49355,4352347.38876667
49356,3922843.4100619
49357,3971221.15657619
49358,3888796.00194444
49359,3862158.46473333
49360,4451865.49632857
49361,4319397.47456667
49362,4008240.32013333
49363,3854434.08894286
49364,4640516.54863333
49365,4520645.403
49366,3304582.04172857
49367,4074490.25323334
49368,4336312.73183333
49369,4483938.98486667
49370,4266796.89223333
49371,4959770.85259999
49372,3993170.41261111
49373,4236878.02766667
49374,3094587.32616191
49375,4237193.479
49376,4398239.72226667
49377,5041202.982
49378,4241260.01688096
49379,3786810.0874619
49380,4396455.44776667
49381,4838470.06403333
49382,3753233.06775397
49383,4991451.76436667
49384,4814014.8979
49385,4872939.58214444
49386,4144828.4416381
49387,5089156.87256667
49388,3982582.75476667
49389,3383301.62286667
49390,4912070.40239524
49391,4178871.85756667
49392,4397474.77456667
49393,4416503.35656667
49394,4257978.30166666
49395,4808626.92546667
49396,3834135.82588572
49397,4462921.14916667
49398,5245714.46336666
49399,4447967.8951
49400,3806709.7385381
49401,4619599.4545
49402,4888447.23909524
49403,4854691.0811
49404,3656282.39883334
49405,4719148.3482
49406,5121712.29353333
49407,4162499.19134445
49408,4467703.00606667
49409,3995630.14863333
49410,3554983.85574762
49411,3734957.1654381
49412,4539713.8368
49413,4424256.19476667
49414,3898528.42853333
49415,4803819.421
49416,5506738.105
49417,3553589.23693334
49418,4702907.9679
49419,3463930.8701
49420,4903798.85963333
49421,4647317.2025
49422,4275456.14286667
49423,4359164.29567778
49424,3304101.71723016
49425,3889357.94548254
49426,3911212.28573334
49427,4976232.9587
49428,4507900.2433
49429,4843572.53485238
49430,4722425.99525238
49431,3105736.78834762
49432,5155004.69186667
49433,4022615.05656667
49434,4727193.3318
49435,2524426.53840952
49436,4287065.1553
49437,4172961.8342
49438,4293076.48926667
49439,4076388.70306667
49440,5166766.0477
49441,4038949.51486667
49442,3951109.08176667
49443,4321227.17303333
49444,4844091.31817619
49445,4621009.3344
49446,3768604.2733
49447,4869320.88475714
49448,4100872.54387619
49449,4469000.67889524
49450,3825917.11509524
49451,4317981.54431905
49452,3738548.72161111
49453,4113382.1114
49454,3862576.09475238
49455,4342538.2951
49456,3715731.22663334
49457,4996322.74574444
49458,5465212.97286667
49459,4558406.73116667
49460,4987933.43616667
49461,4502085.471
49462,4279607.40326667
49463,4943175.803
49464,4508185.80933333
49465,4637587.88456667
49466,3889290.56548571
49467,3502206.26755714
49468,4223906.0408381
49469,3969917.75616666
49470,4562179.02937619
49471,4007140.5288381
49472,4335947.95686667
49473,4609966.03259524
49474,4207720.10863333
49475,3956368.14931111
49476,4892698.2249
49477,5178883.44796667
49478,4445829.426
49479,5090118.4815
49480,4172093.79697619
49481,3009796.70989524
49482,4088503.25746667
49483,4094109.3961
49484,4627122.74706667
49485,4375355.76713333
49486,3319184.9602873
49487,4370710.02296667
49488,4419084.03207778
49489,4377648.0536
49490,4081605.4875381
49491,2951858.96989683
49492,4166248.9467
49493,3955710.34173333
49494,4878694.8203
49495,5065147.12196666
49496,4634138.42016667
49497,3954332.32905238
49498,3992678.83326667
49499,4226627.03796667
49500,4447024.87685714
49501,4139485.25896667
49502,4092540.76414921
49503,3846487.7911
49504,4920093.3533619
49505,3717255.32793333
49506,4265277.72696667
49507,2725815.77338571
49508,4904786.33566666
49509,2731773.44932381
49510,3870940.75235873
49511,4844616.64626666
49512,4290573.51826666
49513,3897661.78656667
49514,3999256.63360953
49515,4842456.95093333
49516,4595287.11469524
49517,4251296.87985238
49518,4597109.25673333
49519,4942288.90026667
49520,4086031.60583334
49521,4046871.36779524
49522,4676513.0913
49523,4121800.45173334
49524,4771886.95736667
49525,4031607.78663333
49526,4491965.25543333
49527,4088050.20131905
49528,3904433.03421905
49529,4007423.68756667
49530,3956545.56209524
49531,4704705.21393333
49532,4208598.73446667
49533,2783783.47566349
49534,3842353.56246667
49535,4067200.74973333
49536,4504907.23723333
49537,3718269.64610952
49538,4396171.80070953
49539,5309047.81793333
49540,4328423.67216667
49541,5120240.91583334
49542,4958739.22895238
49543,4833201.73126667
49544,4215646.0598
49545,4002676.06523333
49546,4373572.10636667
49547,4816124.68316667
49548,4505742.2284
49549,4536353.4811
49550,4128030.24004445
49551,4541908.5955
49552,4362386.7022
49553,3600259.27359524
49554,3817965.32787619
49555,3947718.30193333
49556,4123404.51263333
49557,4599635.7856619
49558,4239475.08800953
49559,4420874.75113333
49560,4817410.74836667
49561,4108342.06369524
49562,5325111.0264
49563,4017775.5001
49564,3094467.8181873
49565,4310764.16023333
49566,3579834.707
49567,4506802.0983
49568,4253675.77292857
49569,3605085.36626667
49570,4733015.467
49571,5594876.34356667
49572,4548206.79781111
49573,4482111.07866667
49574,4283805.9076
49575,4710827.75881111
49576,4657139.86400476
49577,4392528.79953333
49578,3023853.37856825
49579,4536569.77887619
49580,4250967.06281111
49581,5721216.41983334
49582,4759892.29593333
49583,4655412.09553334
49584,4812038.42303333
49585,4695924.4248
49586,4463868.73086667
49587,3731751.03879524
49588,4545306.76540952
49589,4509525.70723333
49590,4630483.61383333
49591,4266509.76966349
49592,4803036.22906666
49593,3453681.15877619
49594,3163835.39125715
49595,3830586.21996667
49596,2907126.54279683
49597,4216548.82597143
49598,4609551.3659
49599,3973000.92206667
49600,4644574.62122857
49601,4796683.7084
49602,3835359.6017
49603,5003469.13683968
49604,4884885.3611
49605,5104257.66036666
49606,4678114.6
49607,4875259.69986667
49608,3200019.03921111
49609,4765394.07146667
49610,3847878.03744444
49611,4477615.49146667
49612,3690950.41573333
49613,3805509.7868
49614,4148631.39616667
49615,4576838.03466667
49616,4580875.73836191
49617,3985175.26940635
49618,5013000.95773333
49619,3976261.07371429
49620,3975829.65360159
49621,4037745.42236667
49622,4352441.0074
49623,4334771.19426667
49624,4420107.50683333
49625,5414023.00686667
49626,4135705.5265
49627,4761426.14786667
49628,3801921.19401111
49629,4898383.18616667
49630,4215703.39993333
49631,4143305.56263333
49632,4495882.62203333
49633,3940933.37853333
49634,3459694.25076667
49635,4239346.5549
49636,4655935.1723
49637,3685254.1767381
49638,5305261.11026667
49639,4461878.5016
49640,4635154.88556667
49641,4915392.01923333
49642,4602752.71673333
49643,4500277.14643333
49644,4643522.17716666
49645,4652723.4209
49646,4756476.17063333
49647,4010858.5488
49648,4341591.14536667
49649,3726341.8426
49650,4674612.72263333
49651,5421895.61626666
49652,3334471.83620952
49653,5161409.35813334
49654,4462149.5183
49655,4720890.75393333
49656,4255484.5407
49657,4181359.9354
49658,4935589.31836667
49659,4316804.74336667
49660,4278556.5391
49661,4916083.95153333
49662,2888083.28319206
49663,4942657.56013333
49664,3993426.9559
49665,4807053.64276667
49666,4436743.41352857
49667,4474518.50903333
49668,3617305.70795714
49669,4712479.86326667
49670,4830847.81496666
49671,2998294.25612064
49672,4387710.23913333
49673,4361664.29356667
49674,3601622.85126667
49675,4415182.99143333
49676,3915043.51696667
49677,4110805.4987
49678,4852676.90405238
49679,4668376.17086666
49680,4019079.33387619
49681,4499347.24407619
49682,4231087.69743333
49683,5543763.76973333
49684,4397208.6991
49685,4835086.32353333
49686,5001014.64593334
49687,4855001.09996667
49688,4312470.14931111
49689,4039106.9674
49690,4833133.2011
49691,4672775.24646666
49692,3742118.36405714
49693,4690287.7347619
49694,3437744.11908095
49695,3532238.18430635
49696,4123682.89203333
49697,4814823.9177
49698,3480375.25063333
49699,4299435.64597619
49700,5073762.18096666
49701,4144404.50896667
49702,5079769.17226667
49703,3739887.20013333
49704,4537582.64783333
49705,4074634.05016667
49706,4070482.60926667
49707,4294158.91923333
49708,4635220.4914619
49709,3817279.84833333
49710,4458238.459
49711,4223240.10409524
49712,4804434.1598
49713,4764829.19867619
49714,3782396.43964445
49715,3499427.09891111
49716,4409247.77426667
49717,4076178.18573333
49718,4874715.52546667
49719,5114998.50156666
49720,3848290.64313333
49721,3634860.56297143
49722,4247062.70783333
49723,4081852.59035238
49724,5079461.27962857
49725,4994212.9897
49726,4313112.7941
49727,4467117.70583333
49728,5097708.16206666
49729,4092301.94056667
49730,3938763.57226667
49731,5120663.84273333
49732,4049323.37386667
49733,4404085.98506667
49734,4094961.84859524
49735,3671537.08057143
49736,5073062.7052619
49737,4303832.78692064
49738,3329052.25059524
49739,3643088.7580619
49740,4452028.2667
49741,4187503.95353333
49742,4639918.81536667
49743,4072045.8274619
49744,3786073.89713334
49745,4115761.51290952
49746,4632547.03823333
49747,4514677.36203333
49748,4115626.5865
49749,4293545.93006667
49750,4495147.9398
49751,4539008.85785238
49752,3874991.14356667
49753,4618456.44907778
49754,4160644.17406667
49755,4731218.10709524
49756,4114343.38066667
49757,5439087.97273333
49758,4403596.6651
49759,4606981.6525
49760,4296378.00483333
49761,4651281.22806667
49762,4369997.66942064
49763,3206895.4522873
49764,4120471.91306667
49765,4176023.89247777
49766,4119192.98986667
49767,3377053.66313333
49768,3421946.31967302
49769,4420442.9766
49770,4177465.92946667
49771,4981447.91856667
49772,4477211.39993333
49773,4292430.85179524
49774,4583885.93380476
49775,5060512.8318
49776,3796835.50856667
49777,4294801.18773333
49778,5374321.31183334
49779,5016626.11809999
49780,4501743.32333333
49781,5184664.89343333
49782,5258942.79163333
49783,3219432.91253334
49784,4050006.5075619
49785,4100102.31953333
49786,4563801.97353334
49787,4079260.56095
49788,4432223.12166191
49789,4742897.82541905
49790,4188677.41000476
49791,4600477.26657619
49792,4093595.30386667
49793,4375309.26766666
49794,4180376.24516667
49795,4506752.8267
49796,4795489.02442857
49797,4342483.2649
49798,4561091.74473333
49799,4399463.23749524
49800,3847567.29536191
49801,3540869.05971111
49802,3656735.31223333
49803,4372243.6222
49804,4110037.79921111
49805,4872417.90087301
49806,4107765.9101
49807,5166718.00029524
49808,4484068.8118
49809,4170509.59006667
49810,4147453.14935238
49811,4163780.32277778
49812,4329200.28506667
49813,4466121.34206667
49814,4193487.41270476
49815,3521232.7142
49816,4031754.30283334
49817,3955841.20102857
49818,3510126.67463334
49819,3611195.01878572
49820,3429852.9492381
49821,4541992.92716666
49822,4988292.54306667
49823,3613873.62023334
49824,4044224.12625238
49825,4419878.7528
49826,3770535.11543333
49827,4818859.3145
49828,3709058.15587143
49829,5084503.26376666
49830,4759803.8166
49831,5367074.5846
49832,4739369.7385
49833,4710321.15843333
49834,4466479.88373334
49835,3786156.70757778
49836,4785294.21826667
49837,3742179.31731111
49838,4867799.1116
49839,4589790.2447
49840,4993106.54816666
49841,4101539.69645873
49842,4394999.70099524
49843,5139387.9323
49844,3380894.23452064
49845,5116522.93776667
49846,4344325.54193333
49847,3324797.2076381
49848,4418790.67903333
49849,5123249.4783
49850,2953808.44450952
49851,3973172.7733
49852,4316818.4699
49853,4758472.4777619
49854,4840928.15426667
49855,4899432.02436667
49856,4046764.89827619
49857,4811306.31826666
49858,4025316.86206667
49859,3824687.337
49860,4517975.40861905
49861,4744808.02093333
49862,3522644.31236667
49863,4340606.56586667
49864,4094195.66223333
49865,4606363.89209524
49866,4896084.77716667
49867,4520962.55506667
49868,4059628.32272381
49869,4875335.1353
49870,4809434.08766667
49871,4595780.05313333
49872,4265789.4526619
49873,3703452.23434762
49874,5167737.148
49875,4815676.9774
49876,4610053.28923333
49877,4290544.86116667
49878,3744502.0242
49879,3142051.10952064
49880,5055629.298
49881,4120537.7974
49882,4704018.2377
49883,5024048.0974
49884,4286210.60306667
49885,4403627.42436667
49886,4565269.84462063
49887,3669674.66130476
49888,4084758.6582
49889,5019385.25066666
49890,5046415.7942
49891,4573093.30747778
49892,5161485.4226
49893,4334719.88863333
49894,4274374.61051905
49895,4596837.30393333
49896,4729583.5926
49897,4014402.61756667
49898,4185368.00026666
49899,4018320.50261111
49900,4676586.18906667
49901,4671877.646
49902,3907275.4233
49903,3462309.4198381
49904,4414005.6532
49905,4257134.66143333
49906,4344450.1101
49907,3368054.58688095
49908,4859019.6274
49909,2640401.56000476
49910,4328108.09990952
49911,4077612.2858381
49912,4932048.20806666
49913,4679887.18096667
49914,4312218.853
49915,4186006.81275952
49916,4010685.64866667
49917,4601688.3058
49918,3861275.5543
49919,3671467.82056667
49920,3895427.43032381
49921,4387874.62126667
49922,4445389.26845714
49923,4023881.71566667
49924,4323071.21436666
49925,4888493.3239
49926,3653264.22624762
49927,3943293.29094286
49928,5281788.15989524
49929,4799729.29226667
49930,4175668.22885714
49931,4401508.60870476
49932,4959308.72963333
49933,4399053.13186667
49934,4303420.321
49935,4688315.72906667
49936,4703103.10465238
49937,4316176.97194286
49938,2888475.13667143
49939,4419084.8653
49940,3371683.46350397
49941,3745858.97726191
49942,3846303.72393333
49943,3672104.57112857
49944,4960406.79616666
49945,4844864.381
49946,4201829.82719524
49947,5018769.62576666
49948,4112404.33736667
49949,3467760.75170953
49950,4320641.49809524
49951,5650339.07533333
49952,4078588.6163
49953,3944978.32043334
49954,3176266.51457619
49955,3927296.16016667
49956,3824918.4222
49957,4675517.84545714
49958,4002378.23730952
49959,6300810.03573333
49960,5366335.87956667
49961,4920289.5138619
49962,3780909.20680952
49963,3629775.46020476
49964,4600446.76436667
49965,4740404.3419
49966,4984187.7157
49967,3985777.69142063
49968,4424298.12186667
49969,4596135.90026666
49970,4862685.4211
49971,4198217.78546667
49972,5352437.1854
49973,4663204.5828
49974,4979852.26843333
49975,4941880.16543333
49976,4236706.97576666
49977,3503141.00155715
49978,3589655.6479873
49979,4989589.17386667
49980,4195980.02266666
49981,5293480.64042857
49982,4024299.26633334
49983,5111218.1022
49984,3673993.8192
49985,3837072.63946667
49986,3211662.58256825
49987,4001554.55553333
49988,4964482.29373333
49989,4107680.5508
49990,4499002.86721111
49991,4030929.42069048
49992,2857806.27391111
49993,3747949.89160476
49994,4429212.7736
49995,4434876.24747143
49996,4356217.52166667
49997,4430686.844
49998,4158181.68013334
49999,4472671.86959524
50000,4533126.07539524
50001,4243593.2506619
50002,2404193.29339048
50003,4761652.99343333
50004,3697269.69383333
50005,4192887.08544444
50006,3508055.20371111
50007,4280884.74286349
50008,4212624.8329
50009,4865479.32383333
50010,3075544.37033333
50011,4519806.49006667
50012,4724833.92963334
50013,4909290.8172
50014,3798464.01490952
50015,4817800.50886667
50016,3935733.61240952
50017,3777749.3610381
50018,3882878.24210952
50019,3761409.49735714
50020,4141070.29536667
50021,4255834.97773333
50022,3863350.92470635
50023,5106326.4892
50024,5499183.8355
50025,3225584.89435397
50026,3999477.34186667
50027,3475823.69241111
50028,5190577.6345
50029,4114804.72836667
50030,5297943.20096666
50031,4837024.7110619
50032,4865446.8941
50033,4682232.87126667
50034,3403570.61879206
50035,5021378.18246667
50036,4524106.70886667
50037,4622221.0149
50038,4999576.95433333
50039,3631304.49524286
50040,2818905.53603492
50041,4120732.4865
50042,5413372.59836666
50043,4855944.07085238
50044,5133154.91566666
50045,4596772.70053333
50046,5125247.87736666
50047,4243586.95871111
50048,3973453.24047619
50049,3409602.91653333
50050,4260530.8913
50051,4961126.24476666
50052,3228828.97490476
50053,3638234.12818254
50054,4476102.15786667
50055,3994003.68386667
50056,4270310.329
50057,4675098.43031111
50058,4672023.9197
50059,4338594.08646667
50060,4477117.81277619
50061,4451078.80453333
50062,4343657.54736667
50063,4191489.09773333
50064,4515925.1138
50065,4072427.3068
50066,4839857.8679619
50067,4117728.68934444
50068,4209049.43893095
50069,4104230.8837
50070,4609218.625
50071,5176490.6319
50072,5125814.7366
50073,4940656.38853333
50074,3185011.09809206
50075,4283792.27793333
50076,5049345.91443333
50077,4539858.43086667
50078,3685222.38730476
50079,3244776.89363492
50080,4232237.65841905
50081,4661727.99646666
50082,4717402.9701
50083,4443005.6238
50084,4587216.00326667
50085,3726616.30497778
50086,4256734.49566667
50087,4506273.0055
50088,4572518.47966667
50089,3844686.21313333
50090,4832115.7946
50091,4696509.753
50092,3694334.16078095
50093,4680887.45563333
50094,4630129.14553334
50095,4212412.30276666
50096,4145191.41197143
50097,5304767.6298
50098,2734080.80064286
50099,4240887.64973333
50100,4068029.91314286
50101,5327480.3951
50102,3952603.77366667
50103,3769280.9772
50104,4165964.23536667
50105,4844893.40051111
50106,5370827.35223333
50107,3916952.95046667
50108,4238792.49454762
50109,3760385.77606667
50110,3377571.85456667
50111,5388450.62178571
50112,4543099.54296667
50113,3548348.70797778
50114,4315655.4008
50115,4698362.34223333
50116,4245988.91683333
50117,3331687.68567778
50118,4455356.45136667
50119,3409981.38536667
50120,6432358.09663333
50121,4802154.32983333
50122,4590953.28863333
50123,4584640.97933333
50124,5173670.48883333
50125,3620100.9443
50126,3187996.90693333
50127,4861594.01533333
50128,4944098.71832857
50129,4165280.01063333
50130,4835249.76462857
50131,3978424.49376667
50132,4704848.47806667
50133,4184289.0597873
50134,3846258.72813333
50135,4139536.87087778
50136,4791557.8968
50137,4479892.69572857
50138,4321376.83716667
50139,4233391.51235714
50140,4067859.50475238
50141,4982360.32256349
50142,5005857.66336667
50143,4830183.84303968
50144,5145874.60482857
50145,4251387.53086667
50146,4799372.72214444
50147,3144186.07373333
50148,4302223.475
50149,4987677.07526666
50150,4358053.90236667
50151,3617664.01383333
50152,4218493.91911429
50153,3852279.64640476
50154,3919260.8112
50155,4203495.73103334
50156,3789857.35603333
50157,3849090.7165
50158,4203594.87003333
50159,4236311.79203333
50160,4368234.3516
50161,3892844.56169048
50162,4166254.94831111
50163,5037305.7734
50164,4925137.61
50165,4457131.3487
50166,4937085.06703333
50167,3390146.54221905
50168,4644176.5414
50169,4464701.50633333
50170,5240360.84056667
50171,4534502.85573334
50172,4186409.28473333
50173,3490121.83496667
50174,3533207.7403
50175,3313847.03883334
50176,4516616.36656666
50177,3653263.70338095
50178,3372303.71610952
50179,3794653.83406191
50180,3527672.3204
50181,4822139.55408571
50182,4404728.85503334
50183,4752290.2822
50184,4116542.87466667
50185,5720772.54066667
50186,4980487.91363333
50187,3463113.64774445
50188,3968329.59147778
50189,4051938.827
50190,3927083.43240953
50191,4734573.62673333
50192,3694706.69624762
50193,4813393.26096667
50194,4660838.96712857
50195,3015640.87955714
50196,4807330.54961905
50197,4816903.00916667
50198,4047359.53192381
50199,3179940.15492857
50200,4546336.63823333
50201,4672943.95086667
50202,4280137.85066191
50203,5711694.31746667
50204,3529225.76434921
50205,3918208.49883334
50206,3368633.9532
50207,5052866.79653333
50208,3801031.0344
50209,4790439.7384
50210,4044692.86466667
50211,4235198.03474286
50212,4021377.7393
50213,4414277.70117778
50214,4121024.76832381
50215,4886967.33013333
50216,4118105.5995873
50217,3820260.5216
50218,4376464.25361111
50219,4352557.4677
50220,4858248.85573333
50221,4519368.22527619
50222,4411449.87526667
50223,4502594.00116666
50224,4937079.35346666
50225,5090796.9802
50226,4810345.49936905
50227,3673299.30679524
50228,3898165.87257778
50229,4515342.2885381
50230,4318076.6253
50231,4396294.51136667
50232,5259013.05523333
50233,4752268.08843333
50234,4497472.79001428
50235,4883724.54206666
50236,4841555.763
50237,5243857.67816667
50238,4588657.72507143
50239,4384594.4855
50240,4319993.7165
50241,5233460.70506667
50242,4890522.3118
50243,4585178.67298571
50244,4753995.5496
50245,3873467.34500635
50246,3879437.37236667
50247,4411194.99963333
50248,4905989.2687
50249,4997782.04768571
50250,3865836.87876667
50251,4213696.51936667
50252,4458324.3856
50253,4482706.70023333
50254,4814628.2757
50255,4660655.49926666
50256,4276012.71999683
50257,4751064.62398095
50258,3519600.66164286
50259,4427623.99793016
50260,4604693.1533
50261,3918557.96309524
50262,4535150.7717619
50263,4152599.07783333
50264,4824136.54436666
50265,3822740.60074444
50266,4354290.9025
50267,4378234.67976667
50268,3842551.13553492
50269,3702956.45023334
50270,5282870.39856667
50271,3513070.24172064
50272,4147888.36784445
50273,3267109.48614762
50274,4560294.75896667
50275,4175898.70942857
50276,4132067.18443334
50277,3543876.3992
50278,4248692.52783334
50279,4230483.58806667
50280,4614933.0126
50281,3275383.05437619
50282,3583966.2175
50283,4497667.24943333
50284,4598640.75816667
50285,3664244.31073334
50286,4931133.08413333
50287,3664664.43035714
50288,4589442.39533333
50289,3094990.83597619
50290,3090806.94318095
50291,4055496.9927
50292,3778221.66775239
50293,4688246.5601
50294,3957566.00966667
50295,4591841.83486667
50296,4939912.14359524
50297,4770565.3498619
50298,3897259.17293333
50299,4782083.11301111
50300,4104294.0058
50301,4208110.30003333
50302,4428833.1462
50303,4822591.6082
50304,4293136.22683333
50305,5115381.26596667
50306,4788980.25993333
50307,3873950.62193333
50308,4254748.86106667
50309,4876285.7666
50310,3767234.14259048
50311,3974312.11829524
50312,5157317.1835
50313,4852113.09616666
50314,4118567.61346667
50315,3994613.12746191
50316,4524379.55243333
50317,3169056.97235714
50318,4136585.61830476
50319,4039439.1873
50320,4184743.73272857
50321,4553177.0709
50322,4610110.86741111
50323,4472221.1397
50324,3705159.51933333
50325,4350684.61627143
50326,4234411.14293334
50327,3902868.75334286
50328,3794137.18805714
50329,3070600.6892873
50330,3837910.7947
50331,4493515.44553334
50332,3826236.38496667
50333,4192596.31996667
50334,5115693.82163333
50335,4738914.793
50336,4668320.82636667
50337,3731751.03879524
50338,5204443.6629
50339,4417504.98885
50340,3326012.01056667
50341,3784091.0943
50342,4258994.1686
50343,3133340.08727778
50344,3745530.46313333
50345,5076191.24983333
50346,4595174.48823333
50347,5005952.69543333
50348,4234941.2564
50349,3444933.29555714
50350,4730287.22297778
50351,4530797.92163809
50352,4467732.39046666
50353,4223318.3021
50354,3684443.4590381
50355,4566834.79116667
50356,4681718.3575
50357,4206501.82576667
50358,4288283.40186667
50359,4537977.82465
50360,4510397.53196667
50361,4853650.46093333
50362,4706290.58706667
50363,4524192.28536667
50364,4223948.00463333
50365,5290119.63535238
50366,4426787.92983333
50367,4048747.746
50368,4907146.1270619
50369,4885160.04483333
50370,4512686.60436666
50371,4470052.20043333
50372,4952786.65873333
50373,4901641.0926
50374,4676291.78035238
50375,3406847.39345873
50376,5016389.06626667
50377,2769473.70292381
50378,3283768.16147143
50379,4356450.95886667
50380,5257588.95713333
50381,4032441.61052857
50382,4281718.02746667
50383,4538152.5668
50384,4187245.54356667
50385,3705300.96453334
50386,3777749.3610381
50387,5526620.897
50388,3540297.66801111
50389,5152581.76513015
50390,3956773.83746667
50391,4124002.71666667
50392,4667738.72096667
50393,3034213.41939047
50394,4054361.65503333
50395,4442162.9494
50396,4479391.38333333
50397,4825826.54892857
50398,4573105.33516667
50399,4188474.4567
50400,4258718.13996667
50401,5542643.4421
50402,4917809.3667
50403,4535195.88169524
50404,2872839.57007143
50405,5230807.31486666
50406,4482236.00396667
50407,3741082.14156667
50408,4589869.2336
50409,4679786.72926667
50410,3964955.68296667
50411,5099752.76106666
50412,3894627.05910635
50413,4974986.6289
50414,4807751.48226667
50415,4711680.68259524
50416,3209069.78974762
50417,4377606.76113334
50418,4773480.09115238
50419,4265737.91863333
50420,3899125.91239524
50421,4772872.12707142
50422,3378410.764
50423,4147631.8699
50424,3917578.92683333
50425,4457858.00096667
50426,4338090.17110953
50427,5086725.32963333
50428,4783350.696
50429,4830739.00093334
50430,3872460.60763333
50431,4071226.2424
50432,4400002.0785
50433,4226899.24759524
50434,4161342.27896667
50435,3984139.99540952
50436,4357653.14796667
50437,4842275.28008572
50438,4566778.57106666
50439,5230226.20653333
50440,4377553.91026667
50441,4660312.50566666
50442,5095054.06826666
50443,4071667.508
50444,4477273.47396667
50445,4320221.58736667
50446,4884082.18619524
50447,4127599.59757619
50448,5042074.42176666
50449,4513937.32736667
50450,4734254.94573333
50451,4987757.43976666
50452,3950434.8085
50453,4200560.87353333
50454,4877092.88773333
50455,3880107.62377778
50456,4088373.99804444
50457,4454061.39623333
50458,3550064.90541429
50459,4208629.84826667
50460,4178353.57943333
50461,4788912.5563
50462,4566478.38856667
50463,5379822.20563333
50464,3666505.6772381
50465,3523458.25897619
50466,4816751.78916667
50467,5078238.42422857
50468,3105596.00028095
50469,4842037.24873333
50470,3546754.04026667
50471,5166254.49462857
50472,4221864.44129524
50473,3588171.5539
50474,4956372.4717
50475,4170993.4044254
50476,4203104.65171905
50477,4005281.12594444
50478,4811018.0938
50479,4088236.32273333
50480,3634148.53894444
50481,4172153.76071905
50482,4177728.14853333
50483,5566270.94726667
50484,4194878.89216667
50485,4384904.23336666
50486,4714202.45796666
50487,4489620.38356666
50488,3798602.49371588
50489,3503767.30004286
50490,5510213.04763333
50491,4185134.33603333
50492,3773625.81846667
50493,4746152.8754
50494,3713534.12520001
50495,4174198.6406
50496,4758334.99806667
50497,5018282.85983333
50498,4388772.99699524
50499,4610746.14636667
50500,5277210.35570001
50501,4960003.9454
50502,4818740.27953333
50503,4666868.4001
50504,5163857.06833333
50505,3852964.39422381
50506,4003309.59214286
50507,5259025.1097
50508,4456946.12884286
50509,5159409.01666667
50510,3645564.63623333
50511,4281382.7357
50512,4057529.1514
50513,4086222.94103334
50514,4052532.05304444
50515,3532838.27946667
50516,5112152.28993333
50517,4610754.10663333
50518,3327921.99117143
50519,5020784.9086
50520,4437417.93293334
50521,4340349.3768
50522,4441506.5359
50523,4029016.52876667
50524,4540962.36104286
50525,4671067.4194
50526,3743403.7909
50527,4948772.88996666
50528,3975230.55236667
50529,4258485.09428095
50530,4854607.76063333
50531,3940002.47791111
50532,3705462.5352
50533,4157981.4392
50534,4680641.3201619
50535,3967094.05806667
50536,2516560.75325714
50537,4823442.2352
50538,3910024.45157619
50539,3939381.6769
50540,3404165.38126666
50541,5362222.36112857
50542,4563172.0321
50543,4872775.05453333
50544,4470742.07539285
50545,2984926.41134286
50546,2847907.91294762
50547,4835909.0809
50548,4267525.01783333
50549,2561033.2653873
50550,4636377.29683333
50551,5074466.19546667
50552,4202483.51607619
50553,4567249.37674444
50554,4503996.31453333
50555,5265106.26656667
50556,4595096.86871111
50557,2807553.74179048
50558,5206579.6247
50559,4488654.3262
50560,3891552.67091111
50561,3993592.98839524
50562,4853638.11083333
50563,5378072.09561905
50564,4873127.95656667
50565,5123802.59823333
50566,4088311.99066191
50567,5000485.62006667
50568,4707431.4258
50569,4163735.75370476
50570,3796254.1706
50571,4404639.8201
50572,4412575.17586349
50573,3968509.5379
50574,4159648.39573334
50575,4394607.51226666
50576,4358549.51624286
50577,4781130.61536666
50578,4416600.38436667
50579,3580476.2677
50580,3004309.0828619
50581,4369678.52105238
50582,4361513.92333334
50583,3484376.14724286
50584,4283621.42736666
50585,5188819.76763333
50586,3260655.47906191
50587,4179834.55283333
50588,3333417.74700952
50589,3619097.20413334
50590,4550897.53854762
50591,3604630.33269524
50592,4672004.94563333
50593,3314951.4002381
50594,4421642.07709048
50595,4129868.2037
50596,4253030.11999524
50597,4965208.94138572
50598,4818859.3145
50599,4861362.1616
50600,2648908.92843334
50601,4368325.75851111
50602,3096410.24700952
50603,3997434.4644
50604,4314624.81154286
50605,4186480.2825
50606,5488655.97503333
50607,4732437.1973
50608,4137085.87777778
50609,4444117.28423333
50610,4626703.02448333
50611,3938869.06655715
50612,5507300.51156667
50613,4370855.7045
50614,4652725.1092
50615,4195013.05756667
50616,4064971.88443333
50617,5186661.6601
50618,3516666.66860953
50619,4713629.19624285
50620,5341556.70943334
50621,5129742.25113333
50622,4637098.08566666
50623,4292725.19053333
50624,4035190.76
50625,4341598.06703333
50626,3173431.302
50627,4316292.47913333
50628,4448464.06626667
50629,4524172.17416667
50630,3130675.24427143
50631,4172091.98603333
50632,2759921.99997778
50633,5681905.00926667
50634,3590020.22030952
50635,4905170.90876666
50636,3713651.15620952
50637,4199313.01173333
50638,5244432.00803333
50639,3658346.76532381
50640,4429698.46076666
50641,4103374.966
50642,4564983.14506667
50643,4202545.89785714
50644,4916213.11966667
50645,5384325.13976667
50646,3100120.37509524
50647,3855260.08004286
50648,4544530.3294
50649,4593865.96523333
50650,5104279.71761905
50651,5105877.09315238
50652,4503364.11353333
50653,3804244.28416666
50654,4536981.46093333
50655,3106801.98200476
50656,4412923.27324445
50657,4476669.46543333
50658,4675156.89006667
50659,3947833.36306191
50660,4837490.23626666
50661,4596800.7723
50662,4514041.0272
50663,3853119.063
50664,5236832.73766667
50665,4651202.19266666
50666,4086973.58923334
50667,4058395.43576666
50668,4381714.99614286
50669,4235635.9567
50670,3804482.3148
50671,3983545.6073
50672,5226859.57846667
50673,5066785.8496
50674,4292282.0338
50675,3287148.08583333
50676,4519768.7269
50677,4503466.15318571
50678,4378997.20336667
50679,4794657.35813333
50680,4339126.12566666
50681,4364865.636
50682,4960694.7036
50683,4093168.82956667
50684,4348946.9348
50685,3936101.85913334
50686,4230602.68086667
50687,4114127.82843333
50688,4950614.2612
50689,4094148.8283
50690,5052781.60281905
50691,4152029.26033333
50692,4444162.7412
50693,3820004.99313334
50694,3744738.21300953
50695,4720874.49766191
50696,3785751.28789524
50697,3499579.08891111
50698,3776862.56296667
50699,4385383.99373333
50700,4841714.41556667
50701,4944496.34813333
50702,4598029.55017143
50703,3593189.29016826
50704,4524585.08583333
50705,5322165.34545238
50706,3874098.47417619
50707,4283372.51186666
50708,4728243.63013333
50709,4007159.65836667
50710,5485498.4668
50711,4636758.4574619
50712,4980865.1862
50713,4027243.94363333
50714,3594741.3721
50715,4185665.92796667
50716,3718628.15293333
50717,4289948.1544
50718,4302505.74656667
50719,2703465.16958095
50720,4741576.8878
50721,4384542.1661
50722,4605085.949
50723,4996744.7902
50724,3758147.2487
50725,4215093.08286666
50726,4097745.08415715
50727,4281754.37683333
50728,5323303.42176667
50729,4410283.91536667
50730,4255525.89407619
50731,4100262.0413
50732,4671050.81590952
50733,3917503.97568095
50734,4360169.5006
50735,3850479.99223333
50736,3962344.05856667
50737,4441904.87869524
50738,3312025.4651873
50739,3128687.7263
50740,4036204.5545381
50741,4043268.32073333
50742,5303493.64471905
50743,4182768.67703492
50744,4425184.91426667
50745,4550577.38418571
50746,4099811.79627778
50747,4665718.82023333
50748,4624284.74036667
50749,4588462.2413
50750,5003058.52916666
50751,3149447.32457619
50752,3126605.2815
50753,4460202.59836667
50754,3902072.53254444
50755,3685179.01736667
50756,3122504.3666873
50757,4813563.00773333
50758,5018270.51253333
50759,3342765.46705238
50760,4617792.7178
50761,3988040.49283334
50762,3902400.24946667
50763,3767490.33924921
50764,4310737.79483333
50765,3843220.6121
50766,5275566.41796667
50767,3528372.81664762
50768,5828073.98263333
50769,4833792.05583333
50770,4368413.74931905
50771,4603988.08516667
50772,4445865.62133333
50773,4124017.41523333
50774,3805380.69401111
50775,4463464.20582857
50776,4950846.9164
50777,4568936.17786666
50778,4958016.8323
50779,4511152.8933
50780,3959151.10516191
50781,4810316.60023333
50782,4312898.68484286
50783,4837001.1122
50784,5120458.52716666
50785,4325824.08496667
50786,3613547.9724
50787,4754976.45656666
50788,4562424.36554445
50789,5053987.42926666
50790,3603427.56764444
50791,3929948.29303333
50792,4714330.5085
50793,5280063.72546667
50794,5162815.88096667
50795,4495275.06572381
50796,3756273.46630952
50797,4075029.84366667
50798,4977495.34063333
50799,5040514.4529
50800,4529495.30796667
50801,4777571.62843334
50802,4304882.5367
50803,3169008.72216667
50804,3986674.76389683
50805,4178671.30382857
50806,5132305.59056666
50807,4699283.9703
50808,4056061.93111905
50809,3878770.96160953
50810,3062533.02099048
50811,3352828.60551429
50812,3930334.1027
50813,4402416.9763
50814,3584237.26152857
50815,4191549.5399
50816,4323273.6894
50817,3961105.0929
50818,4420348.68990952
50819,2474706.74887619
50820,5086863.22216667
50821,3806986.75096667
50822,4062153.625
50823,5364981.88966667
50824,4293576.7604
50825,4162947.52946666
50826,4907425.408
50827,3462666.80766667
50828,4303838.34796667
50829,4376345.74094445
50830,3428314.93797143
50831,4152464.0956
50832,4899166.99657619
50833,4772904.53373333
50834,4715017.24506667
50835,4506009.01778095
50836,4335064.95334444
50837,4006069.2478
50838,5337848.62339524
50839,3659782.55463333
50840,3773435.598
50841,4302721.71333333
50842,4368692.6724
50843,3413269.17133334
50844,4325402.10156349
50845,4330397.87375238
50846,3628230.2938381
50847,4517496.32753333
50848,4336438.51409524
50849,4287355.11693333
50850,4814484.43063333
50851,4153162.65566667
50852,4590339.49927778
50853,3697252.45766667
50854,4860879.9548
50855,5320351.45625238
50856,3665074.58531429
50857,3359976.61827619
50858,4722233.34483333
50859,3154026.76230953
50860,3934507.0488
50861,4213003.98646667
50862,3663087.08178095
50863,4812075.01403333
50864,3718368.55822857
50865,4043843.17866666
50866,2558108.62157619
50867,4225191.88696667
50868,4861025.21873333
50869,5492605.47276666
50870,4798738.83546667
50871,4751439.29703333
50872,4206021.31547778
50873,4715713.56817143
50874,4467975.45852857
50875,4122045.4698
50876,3808183.60526191
50877,4817663.16939048
50878,4612112.8351
50879,4090685.00173016
50880,4559159.23926667
50881,3122386.65805397
50882,5137769.956
50883,3992599.88636667
50884,4575354.21866666
50885,4901859.18343333
50886,4127867.32105953
50887,5162119.6335
50888,3596836.26436667
50889,5037952.53523333
50890,4576476.77713333
50891,3730691.55758571
50892,5053631.1724
50893,4142603.12276667
50894,4277806.20439524
50895,4709681.48973334
50896,4183531.30553334
50897,3548665.30049524
50898,4014774.87393333
50899,3892254.1605
50900,4424623.59816667
50901,5008196.37583333
50902,5292855.5018
50903,3442789.7988
50904,3904830.56408571
50905,3748623.81716667
50906,4875017.67896667
50907,4986058.14166666
50908,4280186.4028
50909,4806203.11176667
50910,4456369.06786667
50911,3969970.8782
50912,4928624.26156666
50913,3696053.66199524
50914,4553599.16303333
50915,4280350.70396667
50916,4240568.19526667
50917,4559639.7113
50918,4608905.1738619
50919,3584802.97936667
50920,3982279.357
50921,4301480.2921
50922,4298128.2045
50923,4206879.3955
50924,4732272.34363333
50925,3798940.40584445
50926,4358293.69961587
50927,3646293.52612857
50928,4709281.3798
50929,4484614.68863333
50930,4122440.22402857
50931,3736799.43780476
50932,3613735.16476667
50933,4940735.8487
50934,4765730.3632
50935,5459976.6412
50936,4218796.15246667
50937,4814250.445
50938,4533362.61724286
50939,3350936.13940476
50940,5144894.38900001
50941,4306398.64753334
50942,4598142.21206667
50943,4006474.65586667
50944,4023649.70563334
50945,4400734.98946667
50946,4545833.5696
50947,4726107.18996667
50948,4339430.25072857
50949,4059692.22896667
50950,4438592.17711667
50951,4358073.93955238
50952,5344394.7641
50953,3915884.62575714
50954,3571585.19002064
50955,4679286.35981111
50956,4549690.8926
50957,5002499.51641111
50958,4815547.75681111
50959,4306828.59276667
50960,4857163.94116667
50961,4658836.93863333
50962,4130588.43833333
50963,4999086.89336667
50964,4645141.43356666
50965,4649977.9842
50966,5439849.13278572
50967,4089594.03792857
50968,3162134.71776667
50969,3909274.55492381
50970,5314117.40373333
50971,4929589.0849
50972,5139166.5583
50973,4473755.03847778
50974,4036938.2543
50975,4211085.43196667
50976,3918883.83507778
50977,3711724.70231587
50978,4825287.38003333
50979,4212454.92243333
50980,4420744.4063
50981,3948190.4629
50982,4273387.43150952
50983,4081381.373
50984,3301477.54310159
50985,4113625.94773333
50986,4026436.30606666
50987,4651939.07286667
50988,4435372.3685
50989,4078844.60206667
50990,3461689.18882064
50991,4104446.82966667
50992,3839369.01737778
50993,3527002.73137778
50994,4820680.65515238
50995,5010169.33723334
50996,4130247.94663333
50997,4607871.86438095
50998,4273840.14
50999,5053898.07083333
51000,4298468.42073333
51001,4880631.087
51002,4677853.89253333
51003,3962864.5417
51004,3923848.76116667
51005,4562141.12897778
51006,3535003.51585714
51007,4548241.76203333
51008,4546339.77696667
51009,3837420.29765397
51010,3829728.86470476
51011,4121304.27221111
51012,3042848.55392857
51013,4505465.3916
51014,3807959.1257635
51015,4316032.16050952
51016,4138888.83833334
51017,5127339.13847778
51018,4945195.7662
51019,4081187.2486
51020,3841650.56004286
51021,4733463.37686667
51022,4404751.16193333
51023,4313386.93590476
51024,4181811.4434
51025,4188469.26103333
51026,4706858.7030619
51027,4580786.73937778
51028,3835899.1421
51029,4449146.2610619
51030,4447538.48176667
51031,4339496.12813333
51032,3749709.54163333
51033,5011858.90416666
51034,3906183.6236
51035,4157793.42276191
51036,4474254.9956619
51037,4542660.37743333
51038,4988331.03361667
51039,3369813.29373333
51040,4559235.52723333
51041,4572746.46756667
51042,3895129.17934286
51043,4292373.31183333
51044,3566606.15240952
51045,5680548.83263333
51046,4936395.3348
51047,3630710.32906667
51048,3957444.8145
51049,4578420.90543333
51050,3908830.5111
51051,2665999.47234762
51052,5146630.60916666
51053,4057558.71
51054,3937882.41463333
51055,3672124.68061587
51056,4503686.44886666
51057,5529842.60783333
51058,4549347.10533334
51059,4233635.99266667
51060,3742034.5188
51061,5333235.62981905
51062,4159584.43371587
51063,4639173.47056666
51064,4455453.74333333
51065,4580732.76046667
51066,4311892.57389524
51067,4039262.37783333
51068,4038074.4116
51069,3594755.0565
51070,4489201.10746667
51071,4692598.59063333
51072,4664935.83516667
51073,4587491.83963333
51074,3504190.1204
51075,2984586.67931429
51076,4540646.75396667
51077,4658268.50493333
51078,4846189.5728
51079,4462992.1984
51080,4861192.00856667
51081,4437537.1213
51082,4541318.40993333
51083,5318159.40626667
51084,4892523.29616666
51085,4558632.72997619
51086,5181340.65043334
51087,4546723.05637778
51088,4900158.09983572
51089,4156266.52253333
51090,4802403.49741905
51091,4423999.37096667
51092,5159475.3712
51093,4742683.68626666
51094,3540008.2092873
51095,5205781.5977
51096,4303106.7765
51097,2415971.91715873
51098,4848805.52053333
51099,5273356.90163334
51100,4677072.98676666
51101,4772030.9038
51102,5234626.46366667
51103,4744273.67316666
51104,4778650.63336667
51105,3866035.9157
51106,3816687.38496191
51107,5144328.04766667
51108,3993883.7491
51109,3857922.18453809
51110,4295997.8315
51111,4664105.25243809
51112,4077428.95646666
51113,3948240.71480952
51114,4209740.80356667
51115,3834262.485
51116,3862641.85099524
51117,4496074.0494
51118,3239122.52833333
51119,3872380.07903492
51120,4691168.36713333
51121,4848563.84166667
51122,4346751.64256667
51123,4559029.06526667
51124,4178031.71553334
51125,4831746.51096666
51126,4873558.53876667
51127,3328759.55886667
51128,3980288.98426667
51129,4603789.02423334
51130,4046871.36779524
51131,5142597.17916666
51132,4942742.49486667
51133,4598854.35676667
51134,4387144.04346667
51135,4188325.10203333
51136,3686334.28746667
51137,4216128.90406666
51138,4310458.45843333
51139,4144409.22306667
51140,4725493.35416666
51141,4619097.42283333
51142,3963834.51163334
51143,4761442.63516667
51144,3988891.7229
51145,6130019.4551
51146,3415418.04276191
51147,3939750.8007
51148,4444418.98802857
51149,4415532.12893333
51150,4591527.52163333
51151,5341265.60923334
51152,3981546.01116667
51153,4681988.5779
51154,4757953.26716666
51155,4138632.65193333
51156,3877110.29007619
51157,4736212.1375619
51158,3436312.33032064
51159,3947662.68652857
51160,4319989.57063333
51161,4225892.1759619
51162,4545343.66173333
51163,3738048.56705397
51164,4340846.96546666
51165,3526022.09494286
51166,5145194.50733333
51167,4117776.95566667
51168,4959206.05443333
51169,3818357.23256191
51170,4463367.62792857
51171,3990305.50583968
51172,4813240.31196666
51173,5283535.82376667
51174,4164546.34926191
51175,4898607.0548
51176,4352883.33953334
51177,4574122.50793333
51178,4734476.5615
51179,4108645.42783333
51180,3972545.96206667
51181,4945752.22296667
51182,4665000.54856667
51183,4798094.053
51184,3738488.37983334
51185,4907806.27586667
51186,4877874.82086667
51187,4252860.01071111
51188,3613332.12974286
51189,4545480.4178
51190,5031233.03656666
51191,5428179.65526667
51192,4548666.54226667
51193,4560664.81303333
51194,4440870.91109524
51195,4565399.3226
51196,4378248.43216666
51197,4525224.81553333
51198,5833458.83809999
51199,4570172.08533333
51200,4614256.55103333
51201,2440346.55334286
51202,2964900.97414286
51203,5013940.39225714
51204,4229990.37849524
51205,5253789.6238
51206,4399840.02413333
51207,4139827.65123334
51208,4300445.0005
51209,3806872.56834444
51210,4373311.78656666
51211,3858285.38741428
51212,5699276.45003333
51213,4378104.0209
51214,5238555.32163333
51215,4519965.66244444
51216,4689034.0769
51217,5268273.82245238
51218,4196465.36781667
51219,4479514.46951905
51220,4175482.45123333
51221,4657427.64353333
51222,5038698.62717143
51223,4698811.2086
51224,3016069.08060476
51225,5225467.22556666
51226,3935330.11870952
51227,3689163.2221619
51228,4134767.33757778
51229,4664944.91473016
51230,4289530.39973333
51231,4239290.76196667
51232,5179435.78815238
51233,4667108.7769
51234,4002644.2763
51235,4079697.70323334
51236,4529135.63234444
51237,3946784.10466667
51238,4256909.95503333
51239,4099382.2481
51240,4890649.9797
51241,4492391.17607778
51242,5097848.10513334
51243,3652017.78724286
51244,4195330.14646666
51245,4552105.67020476
51246,4117590.575
51247,4734902.73053333
51248,3809297.4371
51249,4948214.43563333
51250,3395042.86424445
51251,4469198.7093
51252,3548595.96081587
51253,4512702.95883333
51254,4194722.5404
51255,4039758.89876667
51256,3830157.15431111
51257,4629591.76276667
51258,3671190.1042
51259,5585409.0051
51260,4022504.21694445
51261,4027095.8311
51262,4692447.8224
51263,5095556.21513334
51264,4549874.30216667
51265,3868885.62609444
51266,4330505.87586667
51267,5076304.71133333
51268,4570963.9935
51269,5236706.27113333
51270,4583731.81967778
51271,4846047.37056667
51272,4402892.71543333
51273,3738026.4837
51274,4890229.7102
51275,4188227.74633333
51276,4237308.26436667
51277,4444636.19456667
51278,4770305.25386667
51279,4731159.65193333
51280,3204550.11973333
51281,4609704.6515
51282,5208264.25353333
51283,4377898.75923333
51284,4036204.5545381
51285,4002312.08226667
51286,4686156.97213333
51287,4382466.00702381
51288,5267377.8133
51289,4108993.06013333
51290,4894496.8390619
51291,4204108.97555714
51292,4996779.7951
51293,4415923.9211
51294,4834054.6405
51295,5042702.21291428
51296,3564988.78693334
51297,3691695.0909
51298,4043317.9752
51299,3237432.97707143
51300,3359000.02403968
51301,3506681.35864286
51302,3850253.63216667
51303,4406729.50273333
51304,3601512.6573381
51305,4678509.39015715
51306,3611608.41200635
51307,4634864.05426667
51308,4313047.0689
51309,3864486.60374444
51310,4602002.65883334
51311,4107750.86103333
51312,3782932.85003333
51313,3951102.03066667
51314,4558885.85773333
51315,4801729.39964444
51316,5089734.12066667
51317,3951018.70239524
51318,4129868.2037
51319,4468473.14827143
51320,4086750.20555714
51321,4194578.18670635
51322,3792803.49486667
51323,4980994.03076666
51324,3503010.66566667
51325,3740134.72824286
51326,4236622.74446667
51327,4014011.4215
51328,3827422.97137778
51329,4861632.49716667
51330,3487804.84366667
51331,4300798.3897
51332,4583118.0672
51333,4998386.86086666
51334,5011784.54281111
51335,4784832.8287
51336,4861509.1632
51337,4817840.20500952
51338,5480869.5469
51339,4310711.69706667
51340,4752091.8819
51341,4996417.24913334
51342,4638447.1853
51343,3205593.09281905
51344,3936128.469
51345,4468534.0106
51346,3213703.92713334
51347,4590182.32783333
51348,4165502.21383333
51349,4471765.12946666
51350,4857080.79016667
51351,4752976.86276667
51352,4505488.26573333
51353,4055184.48902857
51354,4977759.82673333
51355,5273552.2875
51356,4609418.08557302
51357,3825251.81017143
51358,4251545.63822857
51359,4756986.18546667
51360,4632474.8147
51361,5080648.78623333
51362,4177637.40421905
51363,5518522.82786667
51364,3331820.82516667
51365,3696730.63749524
51366,4946620.33076666
51367,4984743.20640476
51368,3944843.63342857
51369,3626861.56079524
51370,3688399.63211111
51371,3979416.63495714
51372,4041943.02336667
51373,5082006.8271
51374,4781726.92674762
51375,4352761.49523333
51376,4145899.57123333
51377,4370817.78556667
51378,4783779.7691
51379,4075306.46717619
51380,4486886.74474762
51381,4983118.74913333
51382,3574745.7052381
51383,4176456.65203334
51384,4461482.3999
51385,4544894.39036667
51386,5174501.93383333
51387,4001044.47037778
51388,3321705.8925
51389,4395193.88805873
51390,4518233.95893333
51391,3952205.5679
51392,4596432.077
51393,4413869.69516667
51394,3617067.6974
51395,4688076.19783334
51396,4105872.5593
51397,4694159.9093619
51398,3828833.12626667
51399,4245941.98667778
51400,2746015.5101619
51401,3794943.6444
51402,4393392.9961
51403,4454932.03506667
51404,4394346.21793333
51405,4784463.36916666
51406,4051602.19056667
51407,4157193.94913334
51408,4875861.83853333
51409,4000241.98686667
51410,4314103.35385238
51411,3323035.36237143
51412,3894590.43456667
51413,4891961.4406
51414,4851037.98623333
51415,4499135.12396667
51416,4028701.2851
51417,4752440.0383
51418,4340578.20800476
51419,4990274.23663333
51420,3357115.50004286
51421,4983637.80753333
51422,4484262.68488095
51423,4418435.9475619
51424,4704922.39806667
51425,3679933.16286667
51426,4196784.62438572
51427,3271779.01414286
51428,4829666.93957619
51429,4176240.08599048
51430,5373442.89417778
51431,3302078.76547619
51432,4333857.3766
51433,4197106.54441111
51434,4017388.18516191
51435,3049237.055
51436,4288121.54126667
51437,5276371.34146667
51438,4879496.9328
51439,4766638.05168571
51440,3175346.63150952
51441,5139540.01566667
51442,4124475.95696667
51443,4945645.6135
51444,4618763.03956667
51445,4140485.50273333
51446,4349026.3105
51447,4607015.86577143
51448,4355328.78774762
51449,5001605.2196
51450,4242051.11856667
51451,3336637.02315397
51452,4671552.85403333
51453,3483128.61844445
51454,4947149.88436667
51455,3628568.4793
51456,4629913.60376667
51457,5524329.51423333
51458,4538288.98367778
51459,4228650.69806667
51460,3705250.24071429
51461,4287469.70493333
51462,4570833.49636667
51463,3831602.48313333
51464,4637075.82526667
51465,5078645.057
51466,4706736.61933333
51467,3763501.7618619
51468,4004457.14308095
51469,4619821.70743333
51470,4913063.97303333
51471,4124122.87040476
51472,4878481.54616667
51473,4715142.8666
51474,3776011.33623333
51475,5096196.20646667
51476,4275020.68316667
51477,4019630.1716
51478,4225000.4757
51479,5059671.06433333
51480,4730412.45813333
51481,3711734.79100476
51482,4824725.08896667
51483,4121439.88703333
51484,4724365.33566111
51485,5046646.59366667
51486,4381230.21286667
51487,5402427.6195
51488,4256719.2513
51489,2824392.50057619
51490,5195372.94293333
51491,3752157.8251381
51492,3734830.07194445
51493,4246850.55576667
51494,4761320.65188571
51495,3798874.77668333
51496,3420373.2811381
51497,4904583.62413333
51498,4427240.17209524
51499,5448212.40896667
51500,4604504.67121905
51501,4563380.76881905
51502,3890421.71015714
51503,4757782.21586666
51504,3117784.00339524
51505,5263781.97963333
51506,4787560.38450476
51507,4630160.62673334
51508,4333096.94203333
51509,3754328.0061
51510,3504194.0351
51511,4789982.5391
51512,3603274.83161111
51513,4795490.62226666
51514,3531307.60396667
51515,4746566.80281111
51516,5241406.67949524
51517,4498867.89505397
51518,4384408.58263333
51519,4248066.42466667
51520,3891447.75126667
51521,3924463.0611
51522,4464671.83729524
51523,3999098.45897619
51524,3989813.82063333
51525,4483413.3922
51526,4684685.38606667
51527,5012216.73170952
51528,3983319.94584762
51529,4050968.42145873
51530,4376438.4308
51531,5116167.49263334
51532,4917883.71604762
51533,4199343.28154445
51534,4643343.49166667
51535,3419286.1342
51536,4923696.4293
51537,4844272.29479524
51538,3956587.74993334
51539,3938128.97487778
51540,4833715.11076667
51541,4136176.5588
51542,4067147.42476667
51543,3392407.04708095
51544,4830344.20458571
51545,4849255.34806666
51546,3873953.94333334
51547,4508025.6221
51548,4128638.43573334
51549,4786663.83272857
51550,2389595.98629048
51551,3552723.97976667
51552,4018968.0707
51553,4781927.8717
51554,4752768.06046667
51555,3719290.75782857
51556,3712454.08236667
51557,4857628.90343333
51558,5173975.42113333
51559,4146912.1717
51560,4525682.84783333
51561,4330377.72779524
51562,3561599.55185715
51563,4776148.05845238
51564,4040257.0245
51565,4357875.83403333
51566,5162277.67416666
51567,4712196.5747
51568,3257167.9969254
51569,4790522.85136667
51570,4215523.99173333
51571,4741572.6741
51572,4397684.33483333
51573,3725102.0267381
51574,4700398.2821
51575,4531731.53613334
51576,3748088.5635
51577,4642908.0671
51578,5585485.72806667
51579,5159055.4207
51580,3604290.24883334
51581,4641710.7778
51582,4730178.07046667
51583,3980049.6904
51584,5270751.86443333
51585,5044737.19093333
51586,3934756.67504286
51587,5041178.24116666
51588,5000235.8252
51589,4262826.2066
51590,4253275.10063333
51591,3819321.78966667
51592,4548091.72066666
51593,3532112.92191111
51594,4016361.27696667
51595,3813589.65916667
51596,4855344.76542857
51597,3540838.41793334
51598,3894369.116
51599,3897339.3267
51600,5392744.71693333
51601,3516674.77013334
51602,3923399.1527
51603,4859996.52866667
51604,4005600.6466
51605,4606655.82286667
51606,4832478.72113334
51607,4552523.7108
51608,4795880.85933333
51609,4879281.67696667
51610,4130692.54613333
51611,4528097.97493333
51612,5043460.54986667
51613,4292472.32121905
51614,3684939.03255715
51615,4246124.7868
51616,3402260.02186667
51617,3654207.62801111
51618,3800563.09363333
51619,3954571.0527
51620,4281426.6496
51621,5408434.5509
51622,4057933.2271
51623,5096474.71656667
51624,4835851.68296667
51625,4345719.49693333
51626,5045298.46902857
51627,4376850.05323333
51628,4226724.28017143
51629,4987164.52828571
51630,5241127.99616667
51631,4485205.07796667
51632,4919389.73973333
51633,4373139.98186667
51634,3505729.57652063
51635,5065601.5024
51636,3838525.42543333
51637,4128312.73192381
51638,5249868.53593334
51639,4092414.39353333
51640,4600629.9349
51641,5024582.88328333
51642,4762400.0221
51643,3862850.58253333
51644,4060383.16306667
51645,4329747.8977
51646,4896637.05071666
51647,3615259.78807619
51648,4848332.30666666
51649,3120110.39527619
51650,3423942.72500952
51651,5123776.53402857
51652,5546246.96706666
51653,4367184.03883333
51654,4181193.59127619
51655,4110890.90536667
51656,3955807.71583333
51657,4701055.31361905
51658,4721040.88386667
51659,4356355.53198095
51660,4492065.28496667
51661,4995480.76236667
51662,3775050.35088095
51663,4749400.3695
51664,5330829.60746667
51665,3862254.69075397
51666,4009188.6304
51667,4870605.4231
51668,4367658.33411905
51669,4439898.56366666
51670,4261637.6964
51671,4546668.22023333
51672,4276170.97656667
51673,4326601.43003334
51674,4186038.83213333
51675,3006543.23714762
51676,3995447.9201
51677,4699618.27196667
51678,4598799.796
51679,4673855.4536
51680,3734726.37945397
51681,3569003.7366
51682,5049066.0599
51683,4042118.26436667
51684,4380734.24182857
51685,5756553.30713333
51686,4603496.95943333
51687,4606572.34623333
51688,4104410.55173333
51689,4167454.06203333
51690,5498555.72307778
51691,4339110.48411429
51692,4096838.87036667
51693,4005389.9676
51694,4724226.7825
51695,3324417.47533333
51696,4562954.46443333
51697,4843404.4908
51698,4579821.15936666
51699,4218056.41273333
51700,4762072.43093333
51701,3797801.91197778
51702,4141909.63433333
51703,4175454.44533333
51704,4426800.31946667
51705,4022778.15763333
51706,5090596.72053333
51707,4977303.1998
51708,4456360.58383333
51709,4496625.12885238
51710,4445191.37556667
51711,3382785.94359524
51712,5528650.29295238
51713,4615551.83903016
51714,3269977.84080952
51715,4001057.37263334
51716,4786324.91983333
51717,3514583.91844762
51718,3879888.41183334
51719,3903112.904
51720,4043854.6011
51721,3956357.10647619
51722,3841468.40701111
51723,4163806.40337778
51724,4114447.3084
51725,5000662.58743333
51726,5111673.95863333
51727,4955270.84883333
51728,4613032.95913334
51729,4138061.73163968
51730,3549301.17412064
51731,4369843.46856667
51732,3785260.81479524
51733,3501618.87125714
51734,5494375.16197777
51735,3970287.51031111
51736,4067253.18467302
51737,4845037.76626667
51738,3783409.58001111
51739,4552632.01008571
51740,4591941.97173334
51741,3752080.14877778
51742,5109878.98133333
51743,4377966.6654
51744,3237828.9767873
51745,4622607.2984
51746,5317551.3233
51747,3721260.83591111
51748,4062997.04126667
51749,5400695.07573333
51750,4044459.39829286
51751,2523490.39161429
51752,3891927.75998095
51753,4675523.1035
51754,4879643.9128
51755,3469854.34334444
51756,3452351.8586873
51757,4230383.4564
51758,3745950.93893333
51759,4721082.28037778
51760,4912027.42276667
51761,3493470.66497143
51762,5008903.33953334
51763,3574855.42743333
51764,4002045.55606667
51765,4859395.05017143
51766,4293323.24926667
51767,4347584.0014
51768,4501980.44203333
51769,4975875.825
51770,2870758.75284286
51771,4322740.58508572
51772,4334867.42476667
51773,4527498.51023334
51774,3974277.6184
51775,4274481.439
51776,4428877.62243333
51777,3907111.21143333
51778,4876854.25743333
51779,4349540.3376619
51780,3852044.82326667
51781,4472489.20222381
51782,4678631.4457
51783,3976301.05696667
51784,4536775.7666
51785,3645001.89993333
51786,5371605.71313333
51787,4564808.8183
51788,4427479.8877
51789,3313618.15406191
51790,4830243.64803333
51791,3996162.38766667
51792,4755309.20074444
51793,4199123.00287619
51794,3677628.56966667
51795,4027145.84843333
51796,4639577.6676
51797,4347785.1692
51798,5383405.23346191
51799,5565599.52433333
51800,3622093.34075714
51801,3256032.38291111
51802,4521280.66733334
51803,4306066.81233333
51804,4677300.88103333
51805,3893243.47513334
51806,4399556.32601905
51807,3837422.3006
51808,4470291.466
51809,4431711.43401111
51810,3746082.6484
51811,4248538.65563333
51812,3546655.19471111
51813,4462327.49643333
51814,4437103.25973334
51815,4661575.79596666
51816,4043858.33147619
51817,4011946.38586667
51818,4184231.6126
51819,3074142.95766349
51820,5221958.6506619
51821,4303954.4046
51822,4906249.1792
51823,3952803.39424445
51824,4823781.6242
51825,4719655.79436667
51826,3930801.63686667
51827,4479123.45715238
51828,4366529.05017857
51829,3882370.89145714
51830,4445354.57423333
51831,4625941.2771
51832,3480287.37839048
51833,4229376.54407619
51834,4692914.7418619
51835,3994573.98010952
51836,4534073.1622
51837,4397230.74304286
51838,4957181.02123334
51839,4055906.53677143
51840,4102601.04596667
51841,3898353.3193
51842,4532775.71026667
51843,4202374.5632
51844,3152061.83614286
51845,3858291.74306667
51846,3859489.62094444
51847,4315927.78722381
51848,4588449.22826667
51849,4122052.69723333
51850,4866423.7402
51851,4500130.67026667
51852,4547836.86136667
51853,3860451.74572857
51854,3497298.88986667
51855,4424392.42303333
51856,4946451.50453333
51857,4527614.89042381
51858,5164494.09476667
51859,4298971.99793333
51860,5435411.35
51861,5183148.9711
51862,4792674.0121
51863,4723513.40626667
51864,4288269.63466667
51865,4279117.55126667
51866,4238422.1414
51867,4065777.81786667
51868,4644176.5414
51869,4951552.4943
51870,3747168.78096667
51871,4094089.51633333
51872,3739486.2147
51873,3469419.92319524
51874,4985877.6769
51875,4914490.77073333
51876,3917612.69344286
51877,3207765.10682857
51878,3610587.97303333
51879,4683284.26366667
51880,3899035.02853333
51881,4574764.2589
51882,4288195.48516667
51883,4745088.85546666
51884,5294107.98886667
51885,4310321.03183334
51886,3703027.09880952
51887,3595717.13594762
51888,4211373.98143334
51889,4640904.65383333
51890,4374143.67243334
51891,4909780.66576667
51892,3963343.2794
51893,3785671.58376667
51894,5120972.75793333
51895,4838479.6252
51896,5199144.8538
51897,2868895.63784286
51898,4673374.61918571
51899,4761111.7042
51900,3932844.47843333
51901,4987460.83736667
51902,4173252.36785714
51903,4292654.48953333
51904,3621398.3573
51905,3904399.28697143
51906,4695519.3007
51907,4167902.78242381
51908,4577803.9883
51909,4640102.2177
51910,3666605.85799524
51911,4693280.8369
51912,3894946.09893333
51913,4849379.13793333
51914,4791773.60412381
51915,5302931.07822857
51916,4215493.7962
51917,4712229.13909524
51918,4622394.04527777
51919,5484226.6004
51920,4746943.87696667
51921,4243718.80853334
51922,4274120.61234445
51923,4325100.3096381
51924,4532087.4901
51925,4675406.68583334
51926,4179950.58624762
51927,3914775.32299524
51928,5066324.7351
51929,3810997.99473333
51930,4140611.29985
51931,4612099.12456349
51932,4213979.4783
51933,5015506.99577778
51934,3905684.77673334
51935,4675944.07358571
51936,3972140.0448
51937,4384816.89971111
51938,5244108.75756667
51939,4221462.22934445
51940,5565090.14836667
51941,4811943.59973333
51942,3384822.15310476
51943,4118968.13513333
51944,4790850.76326667
51945,3188365.38872063
51946,4153890.82176667
51947,4641825.50433333
51948,3671589.37558254
51949,3958280.46466667
51950,5041676.8881
51951,4511011.81986667
51952,4033111.03169048
51953,4070566.31843334
51954,3029736.83282063
51955,4486826.4155
51956,3901843.15923333
51957,4547001.88866667
51958,4160708.41472857
51959,5433083.84093333
51960,4588528.7848619
51961,5470611.71065238
51962,3968154.18083334
51963,4366998.13886666
51964,4128089.79731111
51965,4373412.2276
51966,3977159.72103333
51967,3722694.46023334
51968,4329267.3327
51969,4741601.6707
51970,4421977.68180952
51971,4707294.03397778
51972,5198441.25643333
51973,4873511.60294762
51974,3369618.7955
51975,3556520.90820635
51976,4581259.35453334
51977,5001227.30146667
51978,4394301.38870952
51979,4508755.55985238
51980,4679576.8512
51981,4734362.88493333
51982,5205815.112
51983,3941127.69261905
51984,4023895.75906666
51985,4816663.005
51986,3817206.54435714
51987,4355471.6274873
51988,3514800.48053333
51989,4020226.35920476
51990,4424482.42856667
51991,3930577.06397778
51992,4040489.41041111
51993,4465763.8037
51994,5128533.19923334
51995,4311698.06713334
51996,4590375.0162
51997,4187055.77420159
51998,4003048.44943333
51999,4717168.92316667
52000,4305314.22143333
52001,4758580.62093333
52002,4448752.44296667
52003,4223086.16743333
52004,5014357.1708
52005,4478659.934
52006,4138574.75986667
52007,3760896.7895
52008,4888615.0941
52009,4109494.325
52010,4132522.34709524
52011,4497788.77823334
52012,4362341.62397778
52013,3770416.29922857
52014,5001003.46396666
52015,4889933.59639048
52016,4104370.7205
52017,4904786.33566666
52018,5349927.20616666
52019,4330393.9515
52020,4334853.29083333
52021,4818453.67774286
52022,3912802.23626667
52023,4734565.05076667
52024,3823464.59321111
52025,4611952.40836667
52026,4026659.32577619
52027,4362180.85553333
52028,4303216.76173334
52029,4589654.2853
52030,5117158.72853334
52031,3750382.798
52032,3657459.3583
52033,4738090.39876667
52034,3177111.83826667
52035,3160321.19657778
52036,4692990.93306667
52037,4416904.55806667
52038,4550220.2366
52039,4871047.43556667
52040,3908625.79063333
52041,4157775.60797619
52042,4903370.00136667
52043,4141894.89519524
52044,4262307.50333333
52045,4066668.81866667
52046,5119733.74886667
52047,5521498.39473333
52048,5191592.81306667
52049,4083206.90301111
52050,3349832.66059048
52051,2529744.91408095
52052,4576980.50233333
52053,4219537.77190953
52054,4763162.27776666
52055,3808369.01293333
52056,4904292.02063333
52057,3617758.23861111
52058,4716930.1286
52059,3812856.27519524
52060,4944819.62893333
52061,4318760.01436666
52062,4483283.86385238
52063,4416591.02766666
52064,4858910.43626667
52065,4145008.86074444
52066,4115966.24330476
52067,4487456.58183333
52068,4310702.846
52069,4902825.2923
52070,3986718.00806826
52071,5389853.79773334
52072,3103841.39297143
52073,4463494.87143334
52074,5006160.63606667
52075,4224552.95353333
52076,4827599.52112857
52077,3664470.17003333
52078,5002845.68176666
52079,5014978.2668
52080,4097735.6109
52081,4399395.79164445
52082,3989081.7656
52083,2808273.68363333
52084,5060318.9643
52085,4006032.11866667
52086,4443071.1279
52087,4073320.02160952
52088,5166299.429
52089,4134937.48
52090,3955093.82623333
52091,4259815.22376667
52092,4098175.92173333
52093,4158115.33253334
52094,3024353.94339524
52095,4141481.33076667
52096,3355753.89257302
52097,4280130.60133333
52098,5370311.93383333
52099,4564706.02167778
52100,4966641.3373
52101,3601223.04496667
52102,4235007.54736667
52103,4131130.45906667
52104,3883846.48716667
52105,4176952.1504
52106,4492577.71654285
52107,3673077.06042857
52108,4220697.43499524
52109,4353239.91410952
52110,4587392.67584444
52111,3750046.02406667
52112,4859958.3026
52113,3807423.84034445
52114,4013933.41523334
52115,3872382.23071905
52116,3744592.62073333
52117,4802046.236
52118,4222374.0985
52119,4934691.7217
52120,4559111.69273333
52121,5124168.41106667
52122,4534757.75966667
52123,4603178.74986667
52124,4092208.68338571
52125,4211813.08774286
52126,4311645.87142381
52127,3927303.0881
52128,3071679.79761111
52129,4305911.03697619
52130,4408002.94506667
52131,4077921.00443334
52132,4002500.4468
52133,3832774.2748381
52134,3657951.68113333
52135,4973553.90243333
52136,4595189.03943333
52137,3966635.00009048
52138,4335768.38723333
52139,4737183.94321111
52140,5028843.89406667
52141,4928381.47500476
52142,3509452.61576667
52143,4089977.39813334
52144,4465336.11131905
52145,3931602.89473333
52146,4302009.95233809
52147,4438920.73979524
52148,5213959.90653333
52149,4499857.01533333
52150,4637233.2157
52151,4250534.27857619
52152,4692625.41079524
52153,4325816.7924
52154,4591167.77983333
52155,3755939.56943333
52156,4571640.81133333
52157,4515756.45723333
52158,3786403.11672857
52159,3213603.9599
52160,3849044.52401429
52161,4632324.299
52162,3513859.99846667
52163,3898743.76537778
52164,5258430.49613333
52165,4278965.135
52166,3151968.98856349
52167,3059456.69149524
52168,3909867.99263334
52169,3801448.41433333
52170,4685324.84756666
52171,5333167.44636666
52172,5803900.1232
52173,4167986.97460952
52174,4646958.74295714
52175,4749201.6636
52176,4513334.69432857
52177,3432604.92114762
52178,4944309.14447619
52179,4703784.5477
52180,5107691.35663333
52181,5182490.70683333
52182,5258195.1848
52183,4341455.8869
52184,4666392.62516666
52185,4084300.91829048
52186,3448209.93876667
52187,4531699.42976191
52188,4835926.20816667
52189,4569986.49188096
52190,3618221.32460953
52191,3451224.23709524
52192,4462098.09917778
52193,3909349.18402857
52194,3866927.14389524
52195,5037159.62374445
52196,5251820.33726667
52197,4662168.54582857
52198,4782163.29216667
52199,4967332.13134762
52200,4198740.5619
52201,4175603.7701
52202,3666769.5326
52203,4667714.10406667
52204,6562172.9202
52205,4077827.67133334
52206,4330851.07076666
52207,4530370.63893333
52208,4123276.62113333
52209,4163452.69945714
52210,5174702.55656667
52211,4488816.51473333
52212,4911398.5209
52213,4566984.90513333
52214,4051785.12373809
52215,4522142.18736666
52216,4338291.4741381
52217,4429751.8067
52218,4819853.96406667
52219,4876699.8621
52220,4832116.62773333
52221,4244737.81437143
52222,5188251.26
52223,4860456.03803333
52224,4614456.6312
52225,3943172.4226
52226,3680991.6359
52227,4531669.87183333
52228,5573865.2813
52229,4380150.29573333
52230,4279309.5653
52231,3991201.22156667
52232,4287390.61573333
52233,4874563.6237
52234,4881095.31326667
52235,4856237.09958571
52236,4080409.75727778
52237,4917426.0142
52238,3957867.30416667
52239,3874148.63163333
52240,3350936.13940476
52241,4574574.1508762
52242,5148199.4916
52243,3500810.31032381
52244,4841446.9873
52245,4467463.35031111
52246,4470942.04253333
52247,3798520.1116
52248,5254819.56456667
52249,5078940.49478571
52250,2526767.01690952
52251,4178635.10239524
52252,2923780.10614762
52253,4774045.49523333
52254,4558653.38646666
52255,4413978.44493333
52256,4186376.23622857
52257,3874393.0801
52258,3893355.16326667
52259,4628474.8674
52260,5525247.8286
52261,3766624.24903333
52262,4157170.44503334
52263,4520654.61031905
52264,3779477.04896667
52265,4131873.5783
52266,5070682.0592
52267,4256257.17736667
52268,3802431.08506667
52269,4432791.42983334
52270,4793186.5811
52271,4856040.59576666
52272,4495968.53882857
52273,3986997.6761
52274,3849490.4481254
52275,4175412.7524
52276,4187224.33956667
52277,3619665.25653334
52278,4588176.3051
52279,4972543.41736666
52280,4342957.79760952
52281,3945820.3217
52282,4412540.16336667
52283,4429008.5069
52284,4790401.93072857
52285,4703333.53093333
52286,4537940.33833333
52287,3964072.05303334
52288,4325791.56613333
52289,4253699.608
52290,4131035.97373334
52291,6052596.67743333
52292,4312935.17373333
52293,4646749.4135
52294,5185603.71253333
52295,5237491.22652857
52296,3904799.04891905
52297,4721671.2427
52298,4112316.92249524
52299,3802431.08506667
52300,4844546.84173333
52301,5234320.03433334
52302,4658885.57846667
52303,4169772.28637778
52304,3418605.09621905
52305,4512887.44723333
52306,5065526.64079524
52307,4803539.52246667
52308,4426220.75713333
52309,4436172.16963334
52310,4080219.2457
52311,4246809.34473334
52312,5063248.29233333
52313,3873971.9204
52314,4259575.96456667
52315,4678013.63073333
52316,4580195.65766667
52317,3975994.53212381
52318,5490036.92186667
52319,4614642.2573
52320,4850226.129
52321,4432674.32047778
52322,4088777.50046667
52323,4116901.43314286
52324,4318221.0988
52325,4274659.44003333
52326,4315425.92293333
52327,4498315.131
52328,4430441.30836667
52329,4858722.05136666
52330,3884018.1703
52331,3476539.81823333
52332,3274855.74434444
52333,4751239.8391
52334,5025760.62416667
52335,4310462.26676667
52336,4178162.51630953
52337,3965361.14737143
52338,4552870.6064
52339,4121496.14386667
52340,4054086.27071111
52341,4554379.73903333
52342,5071337.01566191
52343,4312040.19033333
52344,4968489.31743333
52345,4112034.00594286
52346,3443806.96937778
52347,4697328.55246667
52348,4580812.59853334
52349,3843815.38583334
52350,4467987.83773333
52351,4838251.41822381
52352,3714355.70769683
52353,5447019.77196667
52354,4743379.63151905
52355,4171840.52499524
52356,4832970.6267
52357,4008696.52706667
52358,3701594.6404
52359,4876744.52581667
52360,5096618.8142
52361,4611951.22606667
52362,4118518.74527619
52363,4472354.70606667
52364,4720260.30068571
52365,4498503.45027778
52366,4335509.01853333
52367,3759990.28253333
52368,4204722.85882857
52369,4407589.18251905
52370,4463986.6521
52371,5254536.2708
52372,4798461.4027
52373,3292083.32350476
52374,3792137.0091
52375,4902986.38926667
52376,4724311.49856667
52377,3892096.3539
52378,4707061.92861667
52379,5277982.6224
52380,3823426.04070476
52381,3657292.8066381
52382,4415998.21878333
52383,4309285.36331111
52384,3643993.90350953
52385,4081841.90899524
52386,4548097.62417302
52387,4547984.42546667
52388,3420235.95777143
52389,4144072.59646667
52390,4321081.7502
52391,3325788.18200159
52392,4202251.39345238
52393,4313285.6172
52394,3466785.29805714
52395,5105821.98956191
52396,3994828.29716667
52397,3650952.04329048
52398,3937314.54493333
52399,3399010.99796667
52400,3369138.33884444
52401,4766720.9561
52402,3856030.95966191
52403,3996135.2974
52404,3903025.4007
52405,3730966.5797381
52406,5147323.58656667
52407,4320530.83904445
52408,3610262.40384286
52409,4824842.65036666
52410,3976730.46815397
52411,4436789.27913333
52412,4456068.26252381
52413,4932915.21513333
52414,3750839.3599
52415,4833726.95555238
52416,4567927.15473333
52417,3385316.77903333
52418,4753140.44376667
52419,4418964.0666
52420,4706622.0215
52421,3873059.42943334
52422,4192292.0343
52423,4153661.94243334
52424,4524596.5939
52425,5181126.3928
52426,4124305.6062
52427,5789550.83713334
52428,4154754.17586667
52429,4020626.02396667
52430,4231467.67866667
52431,3087534.80346667
52432,4122044.60422857
52433,4001260.38256667
52434,3523438.09892857
52435,4636464.7623
52436,4201472.58724444
52437,4174163.89833333
52438,4814753.98418333
52439,4977047.5137
52440,5357354.18666667
52441,3686108.53244762
52442,3909298.33623334
52443,3556193.52678254
52444,4381385.6903
52445,4995935.39946667
52446,4118850.38216667
52447,4436945.71316667
52448,5047103.7311
52449,3940232.8182
52450,4462241.62563333
52451,3786151.9024
52452,3800898.1295
52453,4810427.16933333
52454,3054302.65137143
52455,4464321.85
52456,3683853.85664286
52457,3707474.2801
52458,4802501.20953333
52459,5243480.35546667
52460,3963737.98684444
52461,3610125.16257143
52462,4322455.92844444
52463,3935062.21014444
52464,4552328.20936666
52465,4926577.17856666
52466,3150662.94154762
52467,3722373.61950953
52468,4239278.82006667
52469,4975230.99923333
52470,3687540.80156667
52471,3885041.28115873
52472,4514253.336
52473,4254103.82036667
52474,4063306.87996667
52475,4775538.64783333
52476,4116428.42400952
52477,2997272.11734286
52478,4121225.70006667
52479,4811693.90343333
52480,3433553.28801429
52481,4292717.83771429
52482,3904443.37589524
52483,4507728.8299
52484,4535963.6986
52485,3375191.16073333
52486,3430249.15893334
52487,4328740.43165397
52488,4141287.89543333
52489,5717345.229
52490,4078838.32894445
52491,4863011.45206667
52492,3312496.6204619
52493,4068299.46048333
52494,3945806.21778095
52495,4919206.56045238
52496,4908166.66786666
52497,3914614.46696667
52498,3824708.3903
52499,3181463.02457619
52500,4284213.35163334
52501,4976596.22333333
52502,4146687.07199048
52503,5248702.0421
52504,3800911.92437619
52505,5199639.82863333
52506,4328587.84122857
52507,4799170.54982857
52508,5408839.1136
52509,4718650.23716667
52510,3840582.7706
52511,3791520.8234
52512,3882367.26590952
52513,5061313.1637
52514,5056936.3599619
52515,4599643.83136667
52516,4304845.8141
52517,4787942.82864444
52518,3636896.01296667
52519,3900709.01919048
52520,4632327.87423333
52521,4331482.77911905
52522,3689785.24896667
52523,4648869.42188095
52524,4100740.74774286
52525,3980934.5939
52526,3214060.47580476
52527,5096077.22236667
52528,4645728.89636667
52529,4043087.533
52530,4345300.99581111
52531,2980956.189
52532,4672612.06976667
52533,3997373.14504286
52534,4939363.08483334
52535,3879823.54227143
52536,4150683.76913333
52537,3533737.28050159
52538,4101262.06223334
52539,4144032.9854
52540,4419316.2195
52541,3211589.9472
52542,3929544.07937778
52543,4657238.95916666
52544,4950202.10879523
52545,4681613.94116667
52546,5402006.24793333
52547,4456971.7347
52548,4355332.67736667
52549,3468696.78506667
52550,3764347.69724445
52551,4023943.32031111
52552,3003428.74780952
52553,3965754.32773334
52554,4259084.92973334
52555,4461451.86116667
52556,4731028.9608
52557,4065754.03303333
52558,2907498.70762857
52559,3920718.00744445
52560,5437032.608
52561,5129290.01143333
52562,3576124.8186
52563,4505536.70619683
52564,4353175.58565715
52565,4256149.5674
52566,4911214.87563333
52567,3856388.2833
52568,4523847.69863333
52569,4622159.36236667
52570,4629715.3445
52571,4564519.96482857
52572,4202282.368
52573,4106770.21196667
52574,4226843.50893333
52575,3428935.49303333
52576,4455219.1374381
52577,3285148.42886667
52578,4831173.63403333
52579,3755050.42651111
52580,4739657.47437777
52581,3759049.51224286
52582,4179063.0621
52583,3585325.2192254
52584,4690858.57429524
52585,3923602.13090159
52586,3705099.55510953
52587,4356856.69043333
52588,5021699.1761
52589,3904177.22426667
52590,5236090.32643334
52591,4379040.70376667
52592,4066823.76309048
52593,4422794.50346667
52594,4539092.2414
52595,3870921.37103333
52596,5455554.78006666
52597,2846600.39147143
52598,4119387.97006667
52599,5110935.1911
52600,3876797.19576191
52601,2692367.64961429
52602,4739686.09426667
52603,3410289.14841111
52604,3619824.77976826
52605,4799109.10758333
52606,5254020.83006667
52607,4375926.60469206
52608,3869398.1378
52609,4318805.57976667
52610,4355379.97505
52611,5165477.29366667
52612,4329592.58894444
52613,5359267.11496667
52614,4719310.6608
52615,4887711.8364619
52616,3211650.03846349
52617,4789763.6522
52618,4868522.8743
52619,4399243.9663
52620,5510451.8579
52621,4589593.40816667
52622,4509690.7755
52623,3502954.47119524
52624,4524887.14646667
52625,4040367.31045714
52626,5043058.52646667
52627,4222644.30867619
52628,4841928.40662381
52629,4727024.51903333
52630,4643504.7082
52631,3827701.49806191
52632,4713216.8379
52633,4627426.99396666
52634,4371196.73493333
52635,3610739.18653333
52636,4835619.9323
52637,4094884.67693333
52638,4818642.98746667
52639,3907761.69574444
52640,5073574.78626666
52641,5061741.87601111
52642,3846543.5389
52643,4136461.39346667
52644,4927759.29942857
52645,3471130.01546667
52646,3863023.58493333
52647,4713810.26633334
52648,3836021.553
52649,4589078.94466667
52650,4969813.93349999
52651,4626287.4524
52652,4021901.7434
52653,4498952.24309524
52654,4401872.28196666
52655,3953794.12664444
52656,4109111.07958572
52657,4509120.12764444
52658,4292475.13738095
52659,4789129.2727
52660,4577377.26063333
52661,4360598.14147778
52662,3954946.02353334
52663,4614871.75743333
52664,4569442.4437
52665,3973956.69966667
52666,4308282.70157778
52667,3880333.28663334
52668,4334368.3601
52669,3970859.2268381
52670,4540317.2427
52671,4230828.81876667
52672,5000144.84923333
52673,5099154.04653333
52674,3607306.2568
52675,4140026.75516667
52676,3725928.71887619
52677,4011863.7024
52678,4912602.03123333
52679,4412987.50713333
52680,4517086.20897778
52681,3578520.04714445
52682,3915925.8497
52683,5090106.1669
52684,4433970.95781111
52685,3150304.78626667
52686,4145304.98688254
52687,4049613.89421905
52688,4087134.56636667
52689,3168842.24097143
52690,4487950.40952857
52691,4166796.42917143
52692,4812749.55413333
52693,3771446.31183333
52694,4745178.63313333
52695,4037549.2048
52696,4927440.72059999
52697,3593100.25014286
52698,2925929.38696667
52699,4329027.24613334
52700,3209119.16936349
52701,4605477.01133333
52702,4248018.11803333
52703,4145403.90894285
52704,4875604.40783333
52705,4912822.8808
52706,4878923.68954762
52707,4817901.32396667
52708,4629604.96625238
52709,4270441.3158
52710,4112464.14883333
52711,4025988.34107619
52712,4916163.8229619
52713,4131875.30149524
52714,4456002.6456
52715,3287497.4434
52716,3995344.35336667
52717,4733565.76043333
52718,3979293.08673333
52719,4563847.4147
52720,5311368.33093333
52721,3778695.0858
52722,5214812.1357
52723,5141400.80452857
52724,5060527.1571
52725,4742100.06451905
52726,4878344.4491
52727,5135384.78596667
52728,4059203.36159524
52729,4558393.83896667
52730,4268066.59673333
52731,4448129.95794444
52732,4741675.89953333
52733,4321508.33349524
52734,4811595.0858619
52735,3790589.10546667
52736,4429575.5867
52737,3912827.7291
52738,4216882.7681
52739,3600984.67824762
52740,4658632.0971
52741,4842130.12763333
52742,4569022.35593333
52743,4848882.75413334
52744,4808414.70926667
52745,3069700.83664444
52746,4383257.94548095
52747,5206396.42431111
52748,3091975.57703333
52749,4715161.68373333
52750,4025164.25327778
52751,4794541.72265397
52752,4455113.68464445
52753,4954523.19193333
52754,4745822.76023333
52755,5185680.5784
52756,4260330.96043333
52757,4127354.58186667
52758,4781308.9833
52759,5079992.19746666
52760,4675823.49723333
52761,3176721.49040952
52762,4495697.77736667
52763,4206781.07776667
52764,4740458.32863333
52765,4429501.33233333
52766,5258663.35833333
52767,4480590.5158619
52768,4313570.79596667
52769,3735636.53453334
52770,3856156.38585714
52771,5295947.94903333
52772,3549576.72218095
52773,3800023.57599524
52774,3949491.12876667
52775,4901038.68966666
52776,4303821.2095
52777,4005512.10458096
52778,4661801.33846667
52779,3873200.81463333
52780,4727108.71936667
52781,5066809.20363334
52782,4698358.3856
52783,4130645.90886666
52784,3781474.93676667
52785,4462172.7847
52786,4274772.2711
52787,4085337.2931
52788,4988428.8091
52789,3335337.25980952
52790,4688965.8442
52791,4165664.4276
52792,5081018.61294445
52793,4748783.16713333
52794,3668590.87263333
52795,3941198.36433333
52796,3907104.6037
52797,4105602.03943333
52798,4021177.2083
52799,4301946.3107
52800,3309639.1042
52801,4384874.85533333
52802,3722993.6962
52803,5459651.46
52804,4054467.83941667
52805,4067860.791
52806,4310463.25914444
52807,4222482.9456
52808,2968222.4204873
52809,4774519.58149048
52810,3470304.25177619
52811,4735395.64211905
52812,5295030.53556667
52813,4912591.15576667
52814,4594573.19883333
52815,5310202.4036
52816,4696519.5572
52817,5197800.9654
52818,4525507.1173
52819,5351067.92846667
52820,4610436.4030619
52821,3979748.31088333
52822,3911130.79306667
52823,5598315.63303333
52824,4793220.69276666
52825,5014200.385
52826,3951033.98130476
52827,4237240.4783
52828,2595105.86142381
52829,4250970.44836667
52830,4587941.55996666
52831,5200918.3577
52832,3736936.43947302
52833,5075379.11289524
52834,4969409.8768
52835,4705578.59626666
52836,3521859.71816667
52837,2964949.33529524
52838,5217831.21503333
52839,4663139.23376667
52840,3581984.78652063
52841,3868091.8742
52842,4013901.1004
52843,4240924.23323333
52844,4348885.1907873
52845,4832850.19976667
52846,4683453.42346667
52847,4749390.02573333
52848,5297377.01636667
52849,3957328.66055714
52850,4308801.1584
52851,4107269.15004286
52852,4268111.6824
52853,3839785.5112381
52854,4030666.9472
52855,4644008.3752
52856,4142143.75073333
52857,4112462.77986667
52858,3423781.77186667
52859,3861880.19066667
52860,4137173.24596667
52861,3418501.51126667
52862,4488197.04864286
52863,4244949.34933333
52864,4466095.91929524
52865,4163812.56096191
52866,4831931.82812857
52867,4327794.28064286
52868,4168491.27723333
52869,4767100.8157
52870,4492503.30613333
52871,5076423.00388571
52872,3298766.73336667
52873,4145512.48948572
52874,3801694.54752857
52875,4950202.73446667
52876,4479908.8947619
52877,4922036.93233333
52878,4839399.69
52879,4532962.31936667
52880,4753661.65688572
52881,4192571.0906381
52882,4245450.30112857
52883,4084760.05756667
52884,4223858.13569047
52885,3783345.41036667
52886,3683595.21264286
52887,4640206.3674619
52888,4731647.5445
52889,4117914.94885714
52890,4362677.84136667
52891,4958975.63931111
52892,3687080.18807143
52893,4326091.5703
52894,4703410.23453333
52895,4045159.75173333
52896,4392677.10144445
52897,5341315.85303333
52898,4206250.6211
52899,4110551.35156667
52900,3940317.45433334
52901,3553690.93056667
52902,4558376.5657
52903,5193837.4996
52904,3963343.2794
52905,4740948.4213
52906,3886403.88472064
52907,4529484.76431111
52908,4746839.88963333
52909,4811097.17776667
52910,4028423.1698
52911,4378886.48833333
52912,3848287.68504286
52913,5147985.85336666
52914,5453925.76088572
52915,4424536.2253873
52916,4533148.41386667
52917,4500971.97623333
52918,3650813.516
52919,4283245.5479
52920,3345315.23426191
52921,3966569.14886667
52922,4457759.53017778
52923,4304301.4951
52924,4009315.29526666
52925,4081263.33373334
52926,4063830.7644
52927,5023113.2359
52928,4370779.71498333
52929,4785509.92593333
52930,4086156.21693333
52931,5192722.36853333
52932,4645348.7058
52933,4330952.9979
52934,4501608.07683333
52935,4207817.55196666
52936,3831555.76574286
52937,5033000.88092857
52938,4799901.56951905
52939,4671690.47116667
52940,3680267.85323333
52941,3583628.10173333
52942,4713634.7149
52943,3946492.76363333
52944,3925398.98596667
52945,3944456.10786667
52946,2351821.31620952
52947,4763204.05876349
52948,4495633.888
52949,5219392.2351
52950,3965203.79878254
52951,3490756.78832064
52952,4156935.784
52953,5015344.3675
52954,3167594.85525397
52955,4646327.7429
52956,3942556.68501111
52957,4973203.09843333
52958,4279793.28903333
52959,5452570.8213
52960,4373227.66463333
52961,4592653.2062
52962,5090903.16059524
52963,4015290.93415715
52964,3326901.8047
52965,4397175.4679
52966,4417043.76624444
52967,5265939.19613334
52968,4664859.523
52969,4232237.65841905
52970,4141605.46043333
52971,4732835.1832
52972,4083365.1691
52973,5536965.9389
52974,4636298.47803333
52975,4171051.90721111
52976,4227455.14813333
52977,4641207.93886667
52978,3508411.4093873
52979,4454248.9213
52980,5361688.39553333
52981,2735075.27033333
52982,3912793.36393333
52983,4710850.47556667
52984,4331368.19069524
52985,4554162.44445238
52986,4712810.68116667
52987,4324841.29923334
52988,4215290.5634
52989,3960202.54993334
52990,4178522.48259524
52991,4621434.2662
52992,4969016.2925
52993,3964171.54926667
52994,5267087.41736667
52995,4228617.54195
52996,4368717.86686667
52997,3204533.47168095
52998,3313850.58458572
52999,4418254.95186666
53000,3636320.00502381
53001,4148196.4354
53002,5115298.08313334
53003,4856624.8578
53004,4632095.1117
53005,4425017.97083333
53006,5052059.78973333
53007,4579775.05394286
53008,4407198.58522857
53009,2654120.2957
53010,4108535.5149
53011,4081100.1791
53012,3119978.44269524
53013,4168780.33066667
53014,5157918.7435
53015,5340573.4128
53016,4863713.9583
53017,2957534.05466667
53018,4450776.02586667
53019,4575865.25536666
53020,5103907.36834444
53021,4109255.78457143
53022,4678406.1646
53023,4549809.86886667
53024,4306355.5466
53025,3680969.20286667
53026,3307210.97592857
53027,4996631.5296
53028,4433489.93386667
53029,4820696.15463333
53030,3919424.64507619
53031,4177524.87716191
53032,3674059.4325
53033,4365983.23583333
53034,4228987.27456667
53035,4866385.08676667
53036,4713228.2661
53037,5114536.99612857
53038,4764958.0073
53039,4188889.3198
53040,4513853.08462857
53041,4691730.53171429
53042,4712483.78819682
53043,3531005.56850635
53044,3970248.69503333
53045,3814928.70075715
53046,3780654.82950952
53047,5406305.3634
53048,5018217.90743334
53049,4239505.62216667
53050,5039312.9593
53051,4061186.13273333
53052,4863351.8219619
53053,4329915.1399
53054,5153858.0008
53055,4008822.72726667
53056,4796286.60761111
53057,3225072.62326191
53058,4269869.76853334
53059,4072459.05907619
53060,3958628.69853334
53061,3201091.37206667
53062,3754138.32425714
53063,4045654.6701
53064,3959885.2469
53065,4033647.39830476
53066,4889238.05816667
53067,3497268.97538095
53068,4711851.51943333
53069,4159735.97502857
53070,4991099.41786667
53071,4299516.01673333
53072,5079930.57236666
53073,4107972.23913333
53074,3707825.97836667
53075,3856072.86366667
53076,4056650.22797778
53077,4245273.13086667
53078,4018872.55106666
53079,4339913.28300476
53080,3858854.3062
53081,5116257.45216666
53082,4950266.1839
53083,3737638.21760953
53084,4046108.53874286
53085,3769534.14224762
53086,4056907.37473333
53087,3900305.46323334
53088,4410642.83003333
53089,4115693.97825
53090,4519621.39016667
53091,4607566.84243333
53092,4651080.28326667
53093,3655868.44545397
53094,4508679.74846666
53095,4774234.84506666
53096,4754372.931
53097,4235847.548
53098,4184582.48266667
53099,4930527.63739999
53100,4548373.5702
53101,4380259.77446667
53102,4376272.3269
53103,4851471.65176666
53104,5148405.39163333
53105,4326103.68680952
53106,5266707.22726667
53107,4178024.39067778
53108,3878371.04443333
53109,3974700.1852381
53110,4334806.4982
53111,4298533.6308
53112,4181182.27576667
53113,4085669.44733333
53114,4956222.78088571
53115,3802431.08506667
53116,3959908.08914286
53117,3884155.4813
53118,5068555.18833333
53119,4104230.8837
53120,4431754.90140952
53121,4017232.36759524
53122,4286796.74464444
53123,4171895.83793333
53124,3769334.8414
53125,3498579.6854619
53126,4238808.92983333
53127,3919290.02496667
53128,3970620.23903333
53129,3173292.4006
53130,4228029.22814444
53131,4827642.1161
53132,3943161.17466667
53133,4273877.9557
53134,4327590.43416667
53135,4842327.11076667
53136,4876381.3152
53137,4732496.43893333
53138,4093332.8437
53139,4286508.45195715
53140,4036666.31840476
53141,4351741.81483333
53142,4257240.3803
53143,3266857.17757143
53144,3925755.55876825
53145,4413647.24510476
53146,5271804.87996191
53147,4569672.89806667
53148,3520743.68473334
53149,4547323.5024
53150,4430288.17256667
53151,3227143.90571429
53152,4179925.09206667
53153,4107242.79026667
53154,4152532.59473333
53155,4674417.78893333
53156,4896232.12708571
53157,5411642.11936667
53158,4545590.53127777
53159,5107866.0077
53160,4147265.6225
53161,4541246.67313333
53162,4124535.67401905
53163,4369144.7277619
53164,4839574.6564
53165,4587651.11361905
53166,5054398.00516667
53167,4837234.5077
53168,3458244.27876667
53169,4821018.9046
53170,2620195.82664286
53171,5009604.21716666
53172,4468340.8588
53173,4132510.47143333
53174,4407139.99346666
53175,4407827.42076667
53176,4211408.90599524
53177,4270684.27812619
53178,4323993.14674762
53179,4419577.05124286
53180,2933435.94987619
53181,3584984.20734445
53182,4208770.03357619
53183,3438686.43444444
53184,5326955.24463334
53185,3522077.30290952
53186,3967941.30706667
53187,4903209.15746667
53188,4662617.45206667
53189,3024437.79040952
53190,4497121.5136
53191,5422588.0131
53192,4297279.1094
53193,4584312.70413334
53194,4583971.25906667
53195,5246837.89776667
53196,4351346.37683333
53197,3824842.48441905
53198,4996378.89653333
53199,3665182.73781428
53200,4203247.5636
53201,2937337.77620952
53202,5353301.12313333
53203,4466698.66153333
53204,4022177.9887
53205,3988131.4692
53206,3938543.08036667
53207,3260803.04804445
53208,3456622.30610159
53209,4199101.57487143
53210,6005562.14226666
53211,5170785.44383333
53212,3980794.12423333
53213,4524377.84383333
53214,4863544.67263333
53215,3955349.28196667
53216,4269532.43436667
53217,4321292.17226667
53218,4430362.26933334
53219,4413461.94145238
53220,3464303.07796667
53221,4961937.02976667
53222,4704496.7114
53223,4143350.69923333
53224,4952304.23439999
53225,4767387.2358
53226,3822444.77507619
53227,4618294.1536
53228,4391672.04414444
53229,4212515.03902857
53230,3640149.60710476
53231,4434336.00773333
53232,5314145.34396666
53233,4260396.64016667
53234,5317771.62506667
53235,4099244.19693334
53236,5113615.03433333
53237,4925874.07065238
53238,3953538.3304
53239,5536468.71226666
53240,3578660.80479207
53241,2965149.1929
53242,2520830.73550476
53243,4988039.52276666
53244,3980705.80553333
53245,4061187.13076667
53246,5420975.97373333
53247,5078491.2589
53248,3550064.90541429
53249,3754603.12292857
53250,4556871.365
53251,3965543.17824286
53252,3797361.53366667
53253,3920022.0902
53254,4288897.5319
53255,4299866.92232857
53256,4477269.20477777
53257,4978875.82406667
53258,4816950.62403333
53259,4314946.3531
53260,4157768.54263333
53261,3893799.24293333
53262,4227016.79389048
53263,3801694.54752857
53264,4298768.53679524
53265,4534639.19253333
53266,4187192.61433333
53267,5083688.7823
53268,4731211.78236667
53269,4785409.4263
53270,4023729.56916667
53271,3832251.99130952
53272,4535735.72216667
53273,5079010.24713333
53274,4188595.81311111
53275,4929250.18906667
53276,5734661.8133
53277,3952230.48706667
53278,4235043.25304286
53279,4575552.00756667
53280,4666930.212
53281,4968572.13546667
53282,3787734.49794286
53283,3868645.4009
53284,5053481.78195238
53285,4383907.53899524
53286,4034214.64237619
53287,4607668.3496
53288,4193197.76351111
53289,3447630.84093334
53290,3532019.59551111
53291,4246752.02133333
53292,4632063.5368
53293,4250219.74867143
53294,4455116.09463334
53295,3897757.39133333
53296,5596074.9685
53297,4035076.36853333
53298,3651309.17530953
53299,4941610.9407
53300,5455498.70503333
53301,3559101.65048095
53302,4437692.43308571
53303,4010829.8322873
53304,3767382.7367
53305,4112696.93112857
53306,4855503.36276667
53307,4514576.66406667
53308,4785911.27086667
53309,4892537.44713333
53310,4475497.19173333
53311,3873915.80633333
53312,3421119.99023333
53313,4968958.56053333
53314,4135225.2763
53315,4209727.90756666
53316,3346095.87226191
53317,4262096.74273334
53318,5063890.26823333
53319,3700894.4803381
53320,4384598.40124444
53321,3239244.44813968
53322,4331820.62446667
53323,3861071.79893333
53324,4495998.00624286
53325,4406592.1965
53326,4880424.30413333
53327,3886338.9865381
53328,3828938.24103333
53329,4714503.81434444
53330,4514452.83144444
53331,3989727.94654445
53332,4695268.70273333
53333,5047592.13666666
53334,4508559.2893
53335,2945134.84661587
53336,4892400.1094
53337,4652184.3021
53338,4905298.28793333
53339,3287633.9076
53340,4832970.6267
53341,4002128.5322
53342,5299662.43496667
53343,4568546.7826
53344,4285483.5495
53345,4789205.48993333
53346,3838521.88763333
53347,2553154.61857619
53348,3049116.12867778
53349,4403608.1974
53350,4417964.47753333
53351,4917020.8409
53352,4921304.9844
53353,3967821.37830476
53354,4502510.34755714
53355,3193949.38469048
53356,4646986.18111905
53357,3875026.6003
53358,4419000.09563333
53359,3651468.32353333
53360,4223654.97836667
53361,4679546.92093333
53362,4854045.85133333
53363,5299205.167
53364,2985175.58933333
53365,4893998.89036666
53366,4505716.5904
53367,4437320.67931111
53368,4056615.73996667
53369,3467971.24506667
53370,4233602.7652
53371,3880606.59923333
53372,3724091.53341905
53373,4311905.73063333
53374,4533393.85017143
53375,5217614.19246667
53376,5540497.38416666
53377,4653779.63761191
53378,4058052.16563333
53379,4624275.07433333
53380,3888460.2512
53381,5260730.60696667
53382,4249126.71102857
53383,4451575.54115238
53384,4665349.0965
53385,4015405.871
53386,2810545.18860953
53387,4424996.6819
53388,3928871.42623333
53389,5134793.17623333
53390,3620484.09582381
53391,3888590.32326667
53392,4234433.7742
53393,3706368.94130476
53394,4246666.25361905
53395,4529254.26206667
53396,4585897.342
53397,4470909.30743333
53398,4547560.54776666
53399,4396311.8291
53400,4451754.17456667
53401,4813671.36956667
53402,4039919.4686
53403,2404193.29339048
53404,3110150.49808095
53405,4097396.40986667
53406,4004162.44980159
53407,4460171.26566667
53408,4638896.66383333
53409,4191980.0695381
53410,4328151.49339048
53411,4587599.9966
53412,4200837.7845
53413,3261625.64457778
53414,4224828.64584286
53415,3946656.87086667
53416,4747006.62966666
53417,4606344.49113333
53418,5308806.83473333
53419,4579908.57893333
53420,4484350.90633333
53421,5029536.84516667
53422,4246464.6313
53423,4198130.44126191
53424,5033968.75283333
53425,3233538.55986667
53426,4108825.33393334
53427,3895907.24612857
53428,4477177.9745254
53429,4042782.35443334
53430,4459716.77739762
53431,4606843.703
53432,3540870.46003333
53433,4262275.24783333
53434,4755647.8318
53435,4351616.6945
53436,4337464.88172857
53437,3315515.24277619
53438,3858552.09756667
53439,4998336.08864444
53440,4564600.0765
53441,4298505.12984445
53442,4036221.18942857
53443,4721091.88273333
53444,3707574.92776667
53445,4693628.78853333
53446,3255409.9639
53447,4683124.01233333
53448,4664220.42796667
53449,4442401.6652619
53450,4038900.67396667
53451,4418859.07897778
53452,4916697.10073333
53453,5793234.54076667
53454,4658824.84193334
53455,4257967.33493333
53456,4189832.89193333
53457,4799525.20033333
53458,3833518.61609524
53459,2771384.23918095
53460,4322325.17023333
53461,3030504.35341429
53462,3550207.71490953
53463,4351881.93963333
53464,5237937.08513334
53465,4276191.2627
53466,3536592.65446667
53467,5677060.3333
53468,3878974.65796191
53469,5931840.01123333
53470,3966020.06466667
53471,3614522.2208
53472,4986752.00786667
53473,5780207.4785
53474,3213406.31805715
53475,4435980.81876666
53476,4133224.40506667
53477,4130462.7366
53478,3665654.92716667
53479,3827427.7798
53480,4048586.27526667
53481,4289146.2977381
53482,4100627.32952539
53483,4265016.3231
53484,4929317.1475
53485,4976017.17715
53486,4532910.97073334
53487,3907069.42324444
53488,2351821.31620952
53489,4134498.09116667
53490,3675405.61872857
53491,4580066.13601111
53492,4469740.10236667
53493,4327333.1813
53494,4817088.85603333
53495,4179728.10129048
53496,4403778.3143
53497,4239802.72086667
53498,4904786.33566666
53499,3839660.8829
53500,3755654.65897619
53501,4576385.69703333
53502,4053241.96162857
53503,4178757.13777143
53504,4473505.995
53505,5331606.23042857
53506,5105510.16786666
53507,4051787.38716667
53508,4602350.47676667
53509,3670508.17070635
53510,2794674.90703016
53511,4321798.72086667
53512,3306701.38325714
53513,5384094.71551905
53514,4582602.0973
53515,4072176.66542857
53516,5010254.78767619
53517,4051660.06686667
53518,4248967.6879
53519,4386626.93439524
53520,3824062.27713333
53521,4289971.8108
53522,4206713.3159381
53523,5138929.95193333
53524,4438564.6386
53525,4153656.3634
53526,4280214.83985
53527,4048668.61574286
53528,4244692.918
53529,2957506.28473333
53530,5309175.01413333
53531,4856585.50163333
53532,4689852.01643333
53533,4732427.31964444
53534,4694778.03543333
53535,4899530.83913333
53536,3351749.2499873
53537,3833669.69776667
53538,5097349.59123333
53539,3557482.59182064
53540,4654166.67906667
53541,3058129.97704286
53542,3324325.07865714
53543,4520218.25826667
53544,4578027.7673
53545,4339967.9588
53546,4566952.82943334
53547,4030025.1559
53548,4898437.71313333
53549,4290739.5497
53550,4735232.7142
53551,3625030.3827
53552,2936270.12134286
53553,4855103.2876
53554,4733565.76043333
53555,3954752.04139524
53556,3143041.22824286
53557,4798930.73966667
53558,4171524.43905238
53559,5021694.74726667
53560,5114884.8137
53561,3090063.3222
53562,5226192.18623333
53563,3665020.14452857
53564,4615931.94883333
53565,3868405.6545
53566,2982007.37306667
53567,4678889.72403333
53568,4125764.22717143
53569,4410445.73583333
53570,2981066.61566667
53571,4268799.19813333
53572,3859573.9325
53573,3143516.47246667
53574,5066889.90286667
53575,3750811.96089524
53576,3512365.0213
53577,2887891.84414286
53578,5347514.12016667
53579,4592192.96873333
53580,4598427.23283333
53581,4236327.08193333
53582,4581234.18726666
53583,4093859.69692857
53584,4400202.29263016
53585,4126618.81987778
53586,4764366.01493333
53587,4677814.19423333
53588,5237169.72738571
53589,4365911.89103333
53590,4646111.99636667
53591,4703214.3891
53592,4260378.3344
53593,3893168.60096667
53594,4058555.28993333
53595,4292305.1021
53596,4541229.03421111
53597,4410748.75726667
53598,3969594.667
53599,4221503.1241
53600,4131917.9548
53601,3461500.86577619
53602,4206122.67606667
53603,3927771.55757619
53604,4526058.55206667
53605,4203675.33654286
53606,3353160.73162063
53607,4166316.61126667
53608,4403828.8186
53609,4399395.79164445
53610,4093368.08410635
53611,4241878.26137778
53612,4717398.80740952
53613,3369547.70166191
53614,4545924.85644762
53615,3698461.1548381
53616,4323912.4635
53617,4936233.0342
53618,4253462.2622
53619,4557291.2543
53620,4434333.05533334
53621,3345302.75786667
53622,3363073.59047143
53623,4460377.7671
53624,4197833.4489
53625,5591533.82138572
53626,4485902.95104762
53627,3824126.80018254
53628,4276211.27986667
53629,4688759.03669524
53630,3970258.37417777
53631,4295679.7498
53632,4456544.7485
53633,4369903.81236667
53634,4227718.90226667
53635,3997421.14641428
53636,4888347.95615238
53637,4849687.71863333
53638,4268666.9377
53639,4677614.2976
53640,4546162.39535
53641,4079861.74145714
53642,4787922.37583334
53643,3891275.67931111
53644,4213504.88316667
53645,4234505.77451111
53646,3528729.71953333
53647,3672390.6934381
53648,5224293.25333334
53649,4166804.6466
53650,4841954.6319
53651,4297316.94116667
53652,3152055.75126667
53653,5016681.0528
53654,3974566.0279
53655,4826204.26686667
53656,4296313.82543333
53657,3966762.30563333
53658,4237740.76156667
53659,3766361.85266667
53660,4722171.99155238
53661,4420990.72809206
53662,4945987.05133333
53663,4760500.56616666
53664,4535556.65063333
53665,4229596.85426667
53666,4577444.87636667
53667,5730716.79968571
53668,3798902.0872
53669,5017445.03266666
53670,4586208.4782
53671,2375341.93884286
53672,3907529.70086667
53673,4863797.55494444
53674,4480844.26123333
53675,3378387.60034286
53676,4990543.31496667
53677,3293883.84659524
53678,4549243.2216
53679,4305778.95205397
53680,4726818.735
53681,4124771.09964286
53682,4426704.18711111
53683,3167713.42083333
53684,5142391.3422
53685,3959905.86708095
53686,4208377.49963334
53687,3538069.38433333
53688,3619654.99123968
53689,3941936.27914445
53690,3955064.87271905
53691,4291072.13432857
53692,5015143.796
53693,5461360.557
53694,4393652.7535
53695,4815547.75681111
53696,4341118.67401111
53697,4086110.92046191
53698,4288127.02763333
53699,4607464.45588572
53700,4571407.63915238
53701,4369896.5347
53702,4653761.84703333
53703,4850417.28166667
53704,4877440.95886666
53705,4184543.86812381
53706,3776691.39796191
53707,4342750.08356667
53708,4875763.79406666
53709,4503713.6497619
53710,3765775.85333333
53711,4840172.53396667
53712,4269025.92251111
53713,4461864.0978
53714,4328335.28326667
53715,3356892.33033334
53716,4357353.1285
53717,4957362.87686666
53718,5008360.60036667
53719,4136253.94866667
53720,4118830.20866667
53721,4484900.00796667
53722,4224696.48763333
53723,4768638.7222
53724,3912796.05930476
53725,4733485.47826667
53726,2750209.15640952
53727,4854979.92163333
53728,5213716.54288095
53729,4215483.22859524
53730,4603920.23853333
53731,4480381.35403333
53732,4389077.72463333
53733,4555329.70196667
53734,4450469.40576667
53735,3115447.04657143
53736,4430510.4342
53737,4255151.55033333
53738,4637372.47049524
53739,3837324.20963334
53740,4598140.6522
53741,4155057.51643334
53742,4169197.3362
53743,4446497.92896667
53744,3833791.33581428
53745,4009941.33640952
53746,4584272.6938
53747,5169538.58103333
53748,4843124.52433333
53749,4739500.14973333
53750,3452650.57478095
53751,4647483.82832857
53752,3991671.05344445
53753,4666961.88457778
53754,4936995.67983333
53755,5308723.09804286
53756,5074776.34183333
53757,4446598.6346
53758,4119105.64564444
53759,4094469.34379524
53760,5091923.24823333
53761,4256819.26082063
53762,4433838.48826667
53763,4499416.86813333
53764,4364992.70820952
53765,3436312.33032064
53766,4826245.86437778
53767,4882629.85366667
53768,4501061.77513333
53769,4557367.60393333
53770,4790132.31883333
53771,4368932.8439
53772,4295659.58486667
53773,4321573.89220952
53774,3964585.26196667
53775,4980698.2018
53776,4449476.47548572
53777,5407223.11313333
53778,4140891.54973333
53779,4987625.37906666
53780,4295186.56380952
53781,3317173.86842857
53782,3162532.58461111
53783,4297965.52273333
53784,5026149.1599
53785,3393009.921
53786,4263757.73906667
53787,4447543.9841
53788,4903407.38484445
53789,4131106.17076667
53790,2968222.4204873
53791,4422573.89784444
53792,4358000.29303333
53793,4104039.09346191
53794,5489697.92473333
53795,5199034.29166667
53796,4087046.20074286
53797,3278475.86271429
53798,4234825.76336667
53799,4281113.49177619
53800,4607828.26310952
53801,4744612.15063333
53802,3970432.39273334
53803,3961394.98872857
53804,4611459.6593
53805,3619087.1677381
53806,5485833.70581905
53807,5052434.5062
53808,3983991.58156667
53809,4820732.85305238
53810,4828384.33696667
53811,3865474.12283333
53812,3968436.94186667
53813,5396113.23883333
53814,3430536.39043333
53815,3890048.34463333
53816,4340340.83096666
53817,3942137.05903333
53818,3922812.75684445
53819,4407752.94931905
53820,3983327.91903333
53821,4337283.50546667
53822,5159534.19153333
53823,4773060.09784444
53824,3972653.65735397
53825,4093489.59916667
53826,4640547.62644444
53827,4641739.41163333
53828,4481343.9088
53829,4001805.03752857
53830,4540684.58633334
53831,4952358.44146666
53832,3959147.75123333
53833,4820551.44933333
53834,4219469.0338
53835,3766014.2104
53836,3951135.35576667
53837,3921047.9048
53838,4717481.29873333
53839,4155897.20656667
53840,3163646.5829
53841,4270292.6117
53842,4974190.60286667
53843,3366094.2613
53844,4087023.94186667
53845,4946086.45148571
53846,4394212.7391
53847,4717369.62186667
53848,3855734.84040953
53849,5420318.22479524
53850,4214444.36522381
53851,4689348.41946667
53852,4145746.48706667
53853,4910092.6678619
53854,4106776.49568095
53855,4641637.28483333
53856,4552160.07201429
53857,3714593.30838571
53858,4155989.4436
53859,4170722.77300953
53860,4037238.29023333
53861,3288522.51619048
53862,4704711.27576667
53863,4010350.2351
53864,4122811.12242857
53865,3440590.27361429
53866,4382080.6444
53867,4662014.42716666
53868,4220105.50193333
53869,4410148.86021905
53870,4040192.62456667
53871,4442594.3156
53872,4618786.22851667
53873,4341905.28151111
53874,4195225.48090952
53875,4364478.33856667
53876,5624258.8168
53877,4950075.06183333
53878,4332691.70423333
53879,3927305.94683333
53880,4004233.78216667
53881,4720969.90716667
53882,4424820.19573333
53883,3746219.4765
53884,4347515.4744
53885,4321292.17226667
53886,4168272.44335714
53887,5622587.05746667
53888,4227790.17450476
53889,4040353.20606667
53890,5535965.56453333
53891,4025725.53616667
53892,5299036.19693334
53893,4649680.42366667
53894,4091585.70306667
53895,4797759.6974
53896,4524736.02087777
53897,4249074.80546667
53898,3806522.3469
53899,4882434.45883333
53900,4977946.39266667
53901,4195015.10526667
53902,4206077.4836
53903,3516208.26040477
53904,4102498.63146667
53905,3786336.41213334
53906,4016568.0677
53907,4043541.72016667
53908,3140872.4972
53909,3884763.1109381
53910,3939918.42731429
53911,3863313.34619048
53912,4754554.17943333
53913,5265287.86031904
53914,2927252.8413381
53915,4314376.14926667
53916,4299203.6222
53917,5103304.54153334
53918,5044642.19143334
53919,4673940.94043333
53920,3582479.80423333
53921,3755868.5164
53922,3562203.33388095
53923,4337666.58263333
53924,3858435.58936667
53925,4983127.7566
53926,4293303.08933333
53927,4031231.02754445
53928,4283516.50767619
53929,4586721.78216666
53930,5394289.52612857
53931,4754745.86915714
53932,4658723.69946667
53933,3751196.1926
53934,3614271.06956667
53935,3919982.69346667
53936,4120395.19589683
53937,3530990.686
53938,4452121.909
53939,4620798.7616619
53940,3514703.4533381
53941,5203968.87
53942,4695268.96226666
53943,4348490.22716667
53944,4470581.50996666
53945,4705760.90619524
53946,4044701.9779
53947,4241630.32706667
53948,4521329.01280476
53949,4208101.45946667
53950,4158415.7194381
53951,5146172.3098
53952,4633293.9124
53953,4736917.08926667
53954,3849770.7782
53955,4418075.25136667
53956,4443807.13383333
53957,4849948.1982
53958,5651696.209
53959,3969553.94466667
53960,2313065.7199873
53961,5164575.57376667
53962,3364277.94427619
53963,4600724.28143334
53964,4024405.48537143
53965,3565618.5333
53966,5045837.86366667
53967,4182160.88876667
53968,5708001.94373334
53969,4050429.3337
53970,3728876.32146111
53971,4007729.50773334
53972,5615971.64786667
53973,4026343.40257778
53974,3383058.55603333
53975,4064087.63846667
53976,4229163.93416667
53977,3505633.23614445
53978,4924781.88913333
53979,4392849.17476666
53980,4470780.89156667
53981,4306221.24923333
53982,4267160.75266666
53983,4089183.01426667
53984,4906510.48106666
53985,4914792.2046
53986,3721494.61843334
53987,4342426.6939
53988,5109191.2635
53989,3908409.4864
53990,5158871.55656667
53991,4099300.13976667
53992,4484081.95350952
53993,3763988.80119048
53994,5237667.9962
53995,4398546.99126667
53996,3903334.0367
53997,4047534.4929
53998,4489464.2931
53999,4398914.0222
54000,3989722.62006667
54001,3960364.41051111
54002,3759347.19607778
54003,3633957.98179524
54004,4447627.70689524
54005,4079182.19553333
54006,5204537.43073334
54007,3623969.4788
54008,4704994.3948
54009,4050012.5838381
54010,3745190.36063333
54011,3316017.69922857
54012,4600114.0272
54013,3996990.62749524
54014,4418851.36408571
54015,4540352.88926667
54016,3988242.7254254
54017,4695741.94673333
54018,4469370.76683333
54019,3755205.23137619
54020,4438126.46753333
54021,4700915.74306667
54022,5206879.9022
54023,4010859.33547143
54024,3639693.32936667
54025,4843292.4968
54026,4337245.84833333
54027,3088947.96449524
54028,4974097.95696667
54029,4904089.8236
54030,4352217.64803333
54031,4522896.16133333
54032,4281422.36703333
54033,4131754.7962
54034,4622312.89473333
54035,4530794.25056667
54036,4178381.29783334
54037,4528319.72503333
54038,5139754.18426667
54039,4618466.34843333
54040,4482732.08146667
54041,4365908.14183333
54042,3590772.045
54043,3772514.59196667
54044,3716166.21293333
54045,3535136.7211
54046,4272603.82692857
54047,4621535.96386667
54048,4416679.4122
54049,3804961.52305715
54050,5447997.22293333
54051,4368286.7944
54052,5151256.32569999
54053,4883927.35123333
54054,3565540.8102
54055,4660145.62293333
54056,4652165.90136667
54057,4600637.4817619
54058,3849062.11842064
54059,3588299.12963334
54060,3502611.64004286
54061,3984844.5101619
54062,3941942.09706667
54063,4723201.5638
54064,3610328.4632
54065,4411599.496
54066,5168111.6387
54067,4145040.35589048
54068,3617203.93079524
54069,4246626.57791111
54070,4941242.55841905
54071,5369112.53571429
54072,4625941.30943333
54073,4757895.5533
54074,5019523.1923
54075,5116551.45066667
54076,3896852.35074444
54077,4822054.78713333
54078,4076135.23577778
54079,4104978.30164445
54080,4769554.28443333
54081,4731853.50409524
54082,4523420.65546667
54083,4514218.40116666
54084,4223100.26013333
54085,4303238.9081619
54086,4475314.2026
54087,5214804.65536667
54088,4838559.4902
54089,4031026.23085397
54090,4685178.44246667
54091,4819253.15516667
54092,4377857.45206666
54093,3709481.83203334
54094,3894935.79243334
54095,4022813.40976667
54096,4455875.53433333
54097,3830826.41883333
54098,4764469.85272857
54099,4322724.58349524
54100,5043246.2925
54101,4905720.9824
54102,4768450.37836666
54103,4267680.40343334
54104,4773393.5157
54105,4746636.52813333
54106,4622881.25896666
54107,4678160.46976667
54108,3846061.8284
54109,5253188.92903333
54110,4023077.86776667
54111,4576965.12143334
54112,3951204.61796667
54113,3898454.49886667
54114,4443166.72976667
54115,3352158.5914873
54116,4243412.03995397
54117,4809202.13823333
54118,4795262.81153333
54119,4772701.44683334
54120,4235978.16586666
54121,3964390.14909524
54122,4814156.61786667
54123,4992131.97736667
54124,4393750.8557
54125,4989316.58143333
54126,3637302.67432381
54127,4634716.81726667
54128,4024812.30819683
54129,4586969.8992
54130,4725959.9818
54131,4475068.3758
54132,4201508.73846667
54133,4490218.17766666
54134,4504802.3716
54135,4045892.172
54136,4483628.78806666
54137,4909991.05096191
54138,4127312.12923333
54139,4378701.42186666
54140,4001559.08866825
54141,4048631.61963333
54142,4390544.3001
54143,4247152.19861111
54144,3236082.89637778
54145,3709050.03520953
54146,4153421.5701
54147,4642894.07516666
54148,3197808.68706667
54149,4969944.27093333
54150,4419709.00399524
54151,4083436.7307
54152,3705192.42307778
54153,4133525.21496191
54154,3997514.89697778
54155,4980647.70557143
54156,4204196.54605238
54157,3700828.29181429
54158,5074600.05966667
54159,4586882.15323333
54160,5086408.6918
54161,4277328.34436667
54162,5346161.16813333
54163,4396745.08573333
54164,4647466.53916667
54165,3740701.57753334
54166,4852670.7235
54167,4871165.6554
54168,3894801.30405952
54169,3719955.41354286
54170,4369341.95137778
54171,4158180.32403333
54172,4459263.43123333
54173,4454521.70669524
54174,3976438.31258095
54175,3279768.36023809
54176,4205904.77183492
54177,3621578.23496667
54178,4265124.19605238
54179,4835787.4821
54180,4234124.7992
54181,4696645.9229
54182,4331526.55223333
54183,5210400.864
54184,4815489.61753333
54185,3927726.98811111
54186,4833297.06013333
54187,3797363.05589524
54188,5385665.73966667
54189,4111364.10663333
54190,4553727.31876666
54191,4320832.55217619
54192,4180238.96426667
54193,4076109.19703333
54194,4582959.30224445
54195,4157910.73603333
54196,4858362.0213
54197,3625050.42343333
54198,5530835.30086667
54199,3552737.49968095
54200,4329654.74993333
54201,3426881.11783333
54202,4553457.58913333
54203,4700333.38069999
54204,4832004.20044444
54205,4156587.6116
54206,3131520.70016667
54207,4316080.76713334
54208,4628582.02213333
54209,4383355.06553333
54210,4420723.06356666
54211,5277366.78653333
54212,4804172.83786667
54213,4261887.4038
54214,4420812.32406667
54215,3627165.75116667
54216,4544200.06886667
54217,4238713.44950952
54218,3722522.4819381
54219,2978641.08570952
54220,4662877.3123
54221,3864080.09957619
54222,5546046.19703333
54223,4466227.88846666
54224,4936774.95903333
54225,3760350.3892
54226,5361888.54953333
54227,5220476.25503333
54228,4477955.3496
54229,4679285.5967
54230,4078838.32894445
54231,3548009.53674762
54232,4517824.2829
54233,4787841.31223333
54234,3307269.60176667
54235,3631669.11036666
54236,5535711.82663334
54237,4839225.90143333
54238,4027158.14894762
54239,5243161.67067778
54240,4072856.69276667
54241,4943968.41343334
54242,4334287.55531111
54243,4705748.77213334
54244,5012112.88403333
54245,4488395.55236667
54246,4063691.52883333
54247,5190113.42298571
54248,4170025.41916667
54249,4475602.72633016
54250,3575238.13090953
54251,4446657.45
54252,4443015.36326667
54253,4469085.93516666
54254,4637477.14023333
54255,3845418.35787778
54256,2671220.7178
54257,4428952.6968
54258,4445230.11793333
54259,3846182.7584
54260,3076110.71111111
54261,4149020.36440952
54262,4756078.65946667
54263,3808182.2807
54264,4142824.8361
54265,4510910.34939047
54266,4090712.61264444
54267,3840498.99922381
54268,3416862.18286191
54269,3576078.20256667
54270,4520205.60076667
54271,4041938.37170952
54272,4059105.83046666
54273,3679989.00323016
54274,4193734.2017
54275,4993688.92826666
54276,4372872.7488
54277,4962881.0153
54278,3929623.79594762
54279,4824556.2918
54280,3805701.16203334
54281,5096065.5626
54282,5408344.24636667
54283,4126236.7681
54284,4213970.72246667
54285,4637104.27893333
54286,3972443.3569
54287,3544950.80567778
54288,4206063.66763334
54289,4153518.7718
54290,5144499.9736
54291,4127079.47589524
54292,4814666.31206667
54293,4201091.96313333
54294,4132433.20123333
54295,5480558.8262
54296,4027528.8155
54297,4147163.21621111
54298,4449459.80315238
54299,4727438.39666667
54300,3318841.96746667
54301,4772188.98723333
54302,3986527.79223016
54303,4519820.6506
54304,3938392.2206381
54305,5000606.6802
54306,4534006.689
54307,5120657.05473333
54308,4233153.45806191
54309,4022157.1587
54310,3921897.0344
54311,4307878.09163333
54312,4513734.9832
54313,4948878.4661
54314,4203769.48514286
54315,4791587.6732
54316,3509095.19727143
54317,5016857.77736666
54318,2320836.29729048
54319,4057181.88336667
54320,3542219.17808095
54321,4208974.32903334
54322,4559701.52503333
54323,4768052.68146667
54324,4251088.95911429
54325,4330637.6893
54326,4420321.19126666
54327,4080760.543
54328,3986595.9941
54329,4303197.3399
54330,4262371.6679
54331,3200706.66915873
54332,4699431.8621
54333,4051793.21446667
54334,4965998.5674
54335,4763914.35423333
54336,4605139.29126667
54337,4965651.4411
54338,4847376.87126666
54339,4439665.77833333
54340,3974566.0279
54341,4208091.55003333
54342,4491016.35694444
54343,4428803.24767778
54344,4180605.0468
54345,3814113.06466191
54346,4140932.51783333
54347,4026579.4864
54348,4345238.35559524
54349,2894851.47133809
54350,4512647.11046667
54351,3777964.75923334
54352,4405559.04583333
54353,3812218.51790953
54354,4636722.00216666
54355,4266035.79126666
54356,5115804.8705
54357,5014601.3913
54358,4727182.94283333
54359,4343770.62980159
54360,4439399.5894
54361,4952549.55783333
54362,4587217.75456666
54363,4231291.89046191
54364,4575080.36657619
54365,4268791.63181111
54366,4335941.65033333
54367,3869661.3763
54368,4765717.67693334
54369,5063331.54053333
54370,4069578.63766667
54371,3891776.52933334
54372,4929452.4254
54373,5011378.69226667
54374,3412064.17342381
54375,4121334.51933333
54376,4439414.7767
54377,5194801.49446667
54378,4297741.38596667
54379,5531685.43463333
54380,4482456.38101428
54381,4470352.4531
54382,4220573.6801
54383,3433771.81136667
54384,3955310.458
54385,4717307.79576667
54386,3608527.48244286
54387,4158084.82663333
54388,5199091.50336666
54389,3928049.46756667
54390,4420470.3656
54391,4913265.25906667
54392,3866693.07056667
54393,4791532.3745619
54394,3634028.9618
54395,3871453.5338619
54396,4646790.2009
54397,4933271.51463333
54398,4258833.66556667
54399,4071925.73869683
54400,4209275.80779524
54401,4480532.85133016
54402,4105624.8174
54403,5210023.50716667
54404,4559645.86347778
54405,4011195.9705
54406,4476983.71143333
54407,5469774.5671
54408,3695736.64
54409,4299944.49473333
54410,5005001.64121905
54411,5695889.33913333
54412,5810770.03273334
54413,3477625.6602381
54414,5574614.94796667
54415,4812567.77356667
54416,5287820.71083333
54417,3933387.65312381
54418,3805628.25322857
54419,4477623.67773333
54420,3428478.741
54421,4321782.21594445
54422,3205189.02366667
54423,4163032.28151905
54424,4008755.45893334
54425,5074862.16576667
54426,4177919.0122
54427,3747722.13587778
54428,5203670.744
54429,4105789.13206667
54430,4201797.68886667
54431,3741360.95624444
54432,5175723.87213333
54433,4869800.65873333
54434,4468901.9818
54435,5214559.3628
54436,4329322.81126667
54437,4896773.6786
54438,4549962.16334444
54439,3707064.31864444
54440,5480434.94928571
54441,4182147.4073
54442,4410991.9912
54443,2637630.99568572
54444,4891207.2251
54445,5408253.9152
54446,4398066.15043334
54447,4582516.24383333
54448,4594880.18809048
54449,4740371.13326667
54450,4118911.79656667
54451,5127741.82666667
54452,3005703.18596667
54453,4848759.06727778
54454,5127704.1376
54455,4309932.34696667
54456,4296298.72650476
54457,3619382.56801429
54458,4018192.09786667
54459,4771967.26069524
54460,3526987.85504286
54461,3682833.23733333
54462,3887124.0272
54463,4978909.25168571
54464,3818979.90771111
54465,5144626.01616667
54466,4214760.18872381
54467,4065536.14853333
54468,3452294.45691111
54469,4655356.75514285
54470,4868853.09161905
54471,4965209.80166666
54472,4538362.75133333
54473,4567308.96103333
54474,4140792.33761111
54475,4194096.85940952
54476,4534315.44633333
54477,4243128.60885714
54478,4443914.47021111
54479,3961564.21846667
54480,4287879.01488572
54481,4299068.3534
54482,3579011.25762381
54483,3803990.24666667
54484,4173078.55527778
54485,4295097.66122381
54486,4293930.11553333
54487,3639505.44757619
54488,4523926.31183333
54489,4158760.14171905
54490,4928189.30466667
54491,4037642.51691429
54492,2573723.50734286
54493,4239611.38902857
54494,3888510.28633334
54495,4777828.87733333
54496,3840866.95473333
54497,4476918.33513333
54498,4531817.07803333
54499,4094704.3931
54500,4887831.60763333
54501,5492292.0593
54502,4689582.88316667
54503,4402272.3633
54504,3502657.17309048
54505,4593657.44816667
54506,3733144.7498
54507,4547015.73066666
54508,3863452.09006667
54509,5117209.7363
54510,5211693.00043333
54511,3023353.60317143
54512,4492584.22291111
54513,3914286.1804
54514,4163417.07903333
54515,2996412.30995873
54516,4037799.02395238
54517,4675805.0049
54518,3652593.30435238
54519,4401328.60137619
54520,4087408.6126
54521,4095208.6787
54522,4807234.13676667
54523,3267221.66162857
54524,4145191.41197143
54525,4773086.97836667
54526,4595570.49493333
54527,4323570.12084286
54528,4954555.62448571
54529,2608089.66358095
54530,4481948.52856667
54531,4109460.41046667
54532,5551132.05383333
54533,3675564.41543333
54534,4863897.02843333
54535,5047352.7057
54536,4499007.63503333
54537,4225442.8842
54538,4092753.40618333
54539,4053222.53413333
54540,4186736.26876666
54541,4537809.93853809
54542,4349183.29851191
54543,4166410.77648095
54544,4052758.19786667
54545,4391500.7813
54546,4547199.08516191
54547,4920004.33893333
54548,5471260.4742
54549,4549757.0665
54550,5437077.37723333
54551,4315381.79250476
54552,4611218.25073333
54553,4628678.35413333
54554,3789517.36196667
54555,3816564.37456667
54556,4511943.88416667
54557,4218668.17493333
54558,5260524.00006667
54559,4208020.09146667
54560,5191802.04436667
54561,4411302.92593334
54562,4468886.9549
54563,4693833.26478571
54564,4794657.29613333
54565,5100069.4124
54566,3688068.35673334
54567,4653584.70526666
54568,4580805.36386666
54569,4442656.45481111
54570,3752045.33999524
54571,4368660.8736
54572,4274147.4703
54573,4903124.08593333
54574,3675801.33745238
54575,4025835.4994
54576,4497125.82921905
54577,5091078.35986667
54578,4259994.72373333
54579,4267101.90145238
54580,4705303.16267778
54581,3829832.92558096
54582,4670498.66066667
54583,4441213.4115
54584,5103156.01193333
54585,4671101.35443333
54586,4895545.90496667
54587,4087123.51691111
54588,4522370.00213333
54589,4778152.3163
54590,5052611.41
54591,4024448.53833333
54592,3653569.68484286
54593,3261844.08617619
54594,4110469.9349
54595,3631869.24240953
54596,4446620.32483333
54597,4060661.14582381
54598,3871095.32056667
54599,4301926.4729619
54600,4888023.84246667
54601,3315696.39702857
54602,4203675.33654286
54603,4159519.6123
54604,3753076.95463334
54605,3922559.15302381
54606,3369556.80531905
54607,3736716.8299
54608,4613716.64656667
54609,4398570.12646667
54610,3671273.20168095
54611,3953632.32286667
54612,4396885.40903333
54613,3869458.44332857
54614,4749513.08873333
54615,4243073.6173
54616,4462002.7738
54617,4937057.14873333
54618,4407474.882
54619,4601566.87373333
54620,4500981.23478571
54621,4651287.25266667
54622,4483297.7899619
54623,4608383.6031
54624,4869001.59346667
54625,4546955.4471
54626,4182765.05956667
54627,4206722.98844762
54628,4040893.27517778
54629,4160422.95233333
54630,4659745.3428
54631,4434275.55073333
54632,4019225.41766667
54633,4864273.7369
54634,4697317.66643333
54635,4762824.8939
54636,3967061.39676667
54637,3682370.2488
54638,4384379.81183333
54639,4771474.75406667
54640,5129801.4747
54641,4600542.83186666
54642,4544854.97701111
54643,4124771.09964286
54644,4147453.14935238
54645,5438568.22976667
54646,4430144.9765
54647,3822924.68110952
54648,3629037.9136
54649,5094665.8173
54650,3101555.42174286
54651,5290959.21726667
54652,4420979.42033333
54653,4604407.4621
54654,4734929.49533333
54655,4841368.9006
54656,5178509.3369
54657,3981007.24446667
54658,5140089.4611
54659,3345865.3391
54660,4032597.2007
54661,3662596.32911905
54662,4359412.30553334
54663,4278292.99217778
54664,4051907.86786825
54665,3832583.56396667
54666,4598764.07586667
54667,4174108.66146667
54668,5659206.2745
54669,4129732.83686667
54670,4942356.2191
54671,4223297.47476667
54672,5566756.29296667
54673,4612218.92913334
54674,4432770.77333333
54675,4239212.93883333
54676,4885688.46124285
54677,4911370.7922
54678,4460840.90546667
54679,3464876.01723333
54680,4202374.39813333
54681,4428506.245
54682,3999066.97806667
54683,4170824.9588
54684,3191778.62605397
54685,4746980.74693333
54686,4423147.1455
54687,4498419.4249
54688,4179900.60996667
54689,3299149.72004286
54690,3935366.69946667
54691,5034512.07919524
54692,4299134.09146667
54693,4177162.70537778
54694,4347565.24746191
54695,5187937.15803333
54696,3889586.76872857
54697,4339353.0925
54698,4537679.31837778
54699,4583502.43066666
54700,3772383.11771905
54701,3378643.24412857
54702,4874753.81006667
54703,4690670.9219
54704,4013941.68003334
54705,4548509.09216667
54706,4721792.5845
54707,4271561.62368572
54708,4643027.19816666
54709,4157273.8779
54710,5541911.8454
54711,2585204.78993492
54712,4147246.7482
54713,4782304.86723333
54714,4866523.02719048
54715,4360708.97369523
54716,4751165.37969524
54717,4361358.31806667
54718,4555269.1992
54719,4279282.83626666
54720,4680886.33823333
54721,3751467.52443334
54722,3676574.30983333
54723,4181075.96406666
54724,4341162.67794286
54725,3631736.52060953
54726,4684623.9499
54727,4105253.13086667
54728,4440470.18356667
54729,4306947.87816667
54730,4443120.46646667
54731,3984243.43894286
54732,3585997.27292857
54733,3212172.74846667
54734,4635295.79754286
54735,4625023.6186
54736,4508060.95336667
54737,4411220.5739
54738,4307498.09793333
54739,4334406.9186
54740,4814819.61266667
54741,4308579.40246667
54742,4432380.6725
54743,4260570.4082873
54744,3142827.3973
54745,4156035.41796667
54746,4028102.2179
54747,4439234.5375
54748,4461128.01143333
54749,4047263.11596667
54750,4172092.63151429
54751,4536781.35183333
54752,4398019.4745
54753,4612651.57461429
54754,4237617.75856667
54755,4343968.18161111
54756,4090875.11686667
54757,4324269.59360952
54758,4467625.61267778
54759,2797968.60828095
54760,4051070.90386667
54761,4071821.55103333
54762,5229569.5986
54763,3987333.56736667
54764,4070129.95953333
54765,4757266.88718572
54766,5112933.5736
54767,3548281.7733
54768,4606152.36506666
54769,4130063.27353333
54770,5038413.4578
54771,3720887.66287778
54772,4593502.16596667
54773,4488657.25026667
54774,5371838.1547
54775,4189204.5092
54776,4410671.6736
54777,3308774.56173333
54778,4000999.93656667
54779,4451725.86327619
54780,4673083.81643333
54781,3219437.38033333
54782,4206173.50336667
54783,4253663.403
54784,4782153.3246
54785,5375084.3377
54786,4475894.37926667
54787,3362264.2025873
54788,3684799.05196667
54789,4547842.87467778
54790,4139099.8289
54791,4870575.1052
54792,3495671.39736667
54793,3163089.28699206
54794,4591883.75674285
54795,3888455.24291111
54796,4762760.22976667
54797,5262189.91946667
54798,5008862.24976667
54799,4005547.35392857
54800,4736337.70999524
54801,4574418.75604285
54802,4183166.88053334
54803,3842661.81127619
54804,5141459.94333334
54805,4195686.37943333
54806,4798984.70383333
54807,3823567.25520476
54808,4615711.39796667
54809,4961554.53666666
54810,4261229.43334445
54811,3504543.31097143
54812,2739803.7598
54813,4298533.6308
54814,4671362.95867778
54815,4819820.91153333
54816,2940009.78966666
54817,4924843.58596191
54818,4363963.18066667
54819,4245536.13795238
54820,4410906.90266667
54821,4283146.11892381
54822,3816047.88766667
54823,4254939.31626667
54824,3341502.37352857
54825,4114615.00499524
54826,4538039.7158
54827,3370131.0799
54828,4561163.49293334
54829,4133198.60383333
54830,4965102.10656667
54831,3560080.66052857
54832,2552169.79912381
54833,4260109.85616667
54834,2830937.11559048
54835,3088518.46263333
54836,3978223.11423334
54837,4066704.75873333
54838,4609692.00157778
54839,4033454.02106667
54840,4120041.43546667
54841,5024322.45193333
54842,3831337.21914444
54843,5017345.56113334
54844,4319861.20652857
54845,3942771.12031429
54846,4151775.90706667
54847,3876562.56520953
54848,4808455.72316667
54849,4813532.0218
54850,4157843.017
54851,4042881.40867778
54852,3558475.50471111
54853,5795710.13783334
54854,4095576.68706667
54855,3923929.12819524
54856,3626079.35686667
54857,4026509.82709524
54858,4480422.7628
54859,4843037.8665
54860,4104223.70363333
54861,3247400.08969524
54862,4635236.2210619
54863,4273545.31
54864,4789720.68436667
54865,4387489.7265
54866,4512376.3316
54867,4677218.05673333
54868,4225873.38806667
54869,4689795.64503333
54870,3760390.67836667
54871,4393303.07864762
54872,4910576.93113333
54873,3948758.54970952
54874,3282901.50194286
54875,4998275.44173333
54876,4324263.18091905
54877,4924134.61496667
54878,4078583.6643
54879,4961776.26276667
54880,4475680.51363333
54881,4756474.34813334
54882,4575179.38673333
54883,4942283.81923333
54884,4056553.87096667
54885,3849659.41854445
54886,4758334.99806667
54887,4371255.69493333
54888,3122802.91876667
54889,4954728.39316667
54890,3954697.35465873
54891,3796642.7301873
54892,4170796.96878571
54893,4284644.33606111
54894,3982182.61673333
54895,4206019.14878571
54896,4248397.3883
54897,4458394.88313334
54898,4628783.33702857
54899,4251359.40573333
54900,4649157.24187619
54901,4006941.0456
54902,4653981.25376666
54903,4953348.54575714
54904,3872160.02246667
54905,4489520.47893334
54906,4054210.75693968
54907,4602273.36225238
54908,4269308.22553333
54909,4470929.97436667
54910,3312993.0553873
54911,4017832.3622
54912,4487843.61745714
54913,4231041.1124
54914,3943994.65059524
54915,4786817.92243333
54916,4324213.20746667
54917,4572334.43073333
54918,3008859.54976667
54919,4402270.8859619
54920,3652674.06363333
54921,3270617.89176191
54922,5182125.4959
54923,3987357.43754286
54924,4788995.13866666
54925,3845157.4177
54926,4900734.2904
54927,4704019.90359524
54928,4289531.69226667
54929,5280626.50636666
54930,4161707.7095
54931,4278099.08953334
54932,4476858.56
54933,4167422.2379619
54934,3989327.5278
54935,3966042.64046667
54936,4224215.74458095
54937,4008655.76381111
54938,3541308.4782381
54939,4161393.50016667
54940,3579783.93911111
54941,4272784.18756667
54942,4906720.66426666
54943,3665819.40676191
54944,3823894.6393
54945,3606383.2916
54946,3143041.22824286
54947,3219612.06121111
54948,4279379.285
54949,3854655.13952064
54950,4031342.865
54951,5061630.03126666
54952,4601618.816
54953,5121673.0427
54954,3722797.56673333
54955,3819871.3001
54956,4185746.58237778
54957,3904420.2871
54958,4139870.97676667
54959,5344317.32913334
54960,4598576.34074921
54961,4360891.94050476
54962,4355570.01805238
54963,3974644.34175714
54964,3895858.4199
54965,5052999.07663334
54966,3590673.87213334
54967,4010752.05056667
54968,4692997.31305238
54969,3945197.05959524
54970,4645510.19106667
54971,5009783.79836667
54972,3436656.32616667
54973,4481824.29426667
54974,4380120.7924
54975,4461977.7613
54976,5094948.50903333
54977,4585657.90006667
54978,3713934.56953334
54979,4464067.41286667
54980,4294556.81056667
54981,4396356.52811905
54982,4284442.7919
54983,4172158.92686667
54984,4688591.93273333
54985,4399425.0866
54986,3829293.0075
54987,3876810.09233333
54988,5237007.47503333
54989,5203370.00213333
54990,3530186.27963492
54991,3496179.45263334
54992,3829275.92852857
54993,4578577.58857778
54994,3018874.72583334
54995,4681576.1354
54996,4435621.47145
54997,4159795.02751111
54998,3509444.50169206
54999,4427464.56812857
55000,3850855.5423
55001,4792099.12696667
55002,4376688.22713333
55003,3895821.25486666
55004,4613881.49384286
55005,4090322.73021429
55006,4467677.95620952
55007,4693048.14056667
55008,4291475.66613334
55009,4599841.70773333
55010,3782025.984
55011,4470323.73146667
55012,4978897.328
55013,3526225.50264762
55014,4715754.84226667
55015,4553046.93054286
55016,5371697.95153334
55017,4421484.8306
55018,4339905.84256667
55019,5123372.75346666
55020,4085814.5529
55021,5117231.41282857
55022,4406220.33866666
55023,3779160.07543333
55024,3993888.49656667
55025,4238592.22816667
55026,3654816.62109048
55027,4661004.0545
55028,3888703.83963333
55029,4207226.9986
55030,4371481.78114286
55031,4110556.14083334
55032,4416446.34613333
55033,4377251.94507778
55034,4977795.14986667
55035,4806897.94
55036,3770429.5164
55037,4058614.097
55038,4237140.68816667
55039,3733661.26347619
55040,3773102.00714286
55041,4032986.96844286
55042,4073100.58503333
55043,3945136.9718
55044,3980272.79783334
55045,4365998.24173333
55046,4989184.42436667
55047,4477261.21056666
55048,4488136.20470953
55049,4337663.3006
55050,3959753.29133333
55051,4561880.69006666
55052,4437761.06136667
55053,4245846.90223333
55054,4492755.11196667
55055,3909274.55492381
55056,4525020.23178571
55057,3925792.93782857
55058,4583435.01826667
55059,4875918.68756667
55060,4056193.56016111
55061,4332118.0194
55062,3763602.58523334
55063,4535503.36566667
55064,4495330.04556667
55065,4756484.72566667
55066,4674368.05803333
55067,3860950.07363333
55068,3937931.56816666
55069,4102348.40503333
55070,4479318.40019524
55071,4603530.8158
55072,4926054.74076667
55073,3654381.29309048
55074,4129063.54723333
55075,4204674.21993334
55076,3742983.89916667
55077,4502099.74167778
55078,4996447.55336666
55079,4500613.97787619
55080,4893462.0996
55081,5028907.22406667
55082,3915592.89260635
55083,4549208.9727
55084,4565511.14494286
55085,4430599.54568572
55086,3653637.18460952
55087,4557703.67689524
55088,3866824.61866667
55089,4397431.74076667
55090,4842399.2912
55091,4684172.01917778
55092,4202952.43429524
55093,2965250.37624444
55094,4858201.47716667
55095,4367360.39623334
55096,5071509.09571905
55097,4313237.17986667
55098,4027311.91431587
55099,4924106.64954286
55100,4213684.28079524
55101,4189721.20006667
55102,4274460.94103333
55103,4796100.78149523
55104,4478229.50403333
55105,5059421.25973333
55106,4031535.07686667
55107,2874805.54726667
55108,4337746.26330476
55109,4219565.53083333
55110,4726847.38
55111,4965750.3968
55112,4180088.1294
55113,4877513.81714762
55114,4138093.5782
55115,4560969.96233333
55116,2842910.09505397
55117,5102508.7885
55118,4678596.2927
55119,3776023.87826667
55120,4655870.60240159
55121,4294850.13960953
55122,4066191.97100952
55123,4019912.17203334
55124,4233349.237
55125,3462105.93280953
55126,3491453.18204286
55127,4266809.70033333
55128,4327526.6482
55129,3891363.80663333
55130,4615654.3274
55131,4779385.2462
55132,3764081.03511111
55133,3923284.1508619
55134,3596042.95803334
55135,4645026.36525714
55136,3832928.65504445
55137,2825574.74428571
55138,4661349.56695238
55139,3953996.56086667
55140,4056761.70596667
55141,4452712.86016667
55142,3512310.00202381
55143,4085566.2367
55144,4729610.52373333
55145,3856743.32713334
55146,5498136.85313333
55147,4465863.9408
55148,2724532.99661111
55149,3126422.4923381
55150,5022971.32803333
55151,3976959.12806667
55152,5264557.69496667
55153,4365942.53106667
55154,5005828.21576667
55155,4968232.59766667
55156,4324675.39893333
55157,4844593.58683333
55158,4819951.54176666
55159,3750767.30264444
55160,4636854.89586667
55161,3622412.35694286
55162,3930935.68793333
55163,4611370.88783333
55164,5438219.31496667
55165,4110841.69821905
55166,4203041.60586667
55167,4866430.0723
55168,4554399.73639524
55169,4539515.1563
55170,4012194.64876667
55171,4806689.09716667
55172,4226692.38476667
55173,5201661.2495
55174,4672329.48053333
55175,3950159.26577619
55176,3926664.41340159
55177,4482918.909
55178,4487528.07023333
55179,4591883.75674285
55180,4657319.4545619
55181,3666575.27239524
55182,4070266.75248571
55183,4947265.79136666
55184,4431809.21972857
55185,3281868.59013333
55186,4752713.4279
55187,4155454.5093
55188,4395688.76453333
55189,4349670.4954
55190,5883879.92253333
55191,5167321.8529
55192,5004012.6317
55193,4624144.0578
55194,3665222.94992381
55195,3801888.49103333
55196,3914743.3226
55197,3824672.7973
55198,4780574.66462857
55199,4226415.38133333
55200,3813388.69566667
55201,3789685.3476
55202,4783618.17126667
55203,4322288.4865
55204,4297930.0734
55205,5018933.27806666
55206,4073822.12904762
55207,4122060.4282
55208,3679409.69023333
55209,5028414.47725238
55210,5006291.88253333
55211,4253934.55736667
55212,3674285.92693334
55213,4833197.03133333
55214,4208066.14373333
55215,4671699.50813333
55216,4153169.03378572
55217,4630340.51163333
55218,4827545.65339524
55219,4042946.7193
55220,4232619.7467873
55221,4635887.88853334
55222,4329072.98286667
55223,4194293.44470952
55224,4724578.52033333
55225,4080043.12156667
55226,4730018.35936666
55227,4703080.34313333
55228,4169225.68712857
55229,3933606.94876667
55230,3279199.1339
55231,3953662.3723
55232,4139827.65123334
55233,4429900.79856667
55234,4164578.15585238
55235,4732629.43886666
55236,3900949.04921111
55237,3876862.89141111
55238,5023581.15796667
55239,3899824.87416667
55240,4336793.15986667
55241,4881782.39838571
55242,3768796.67522857
55243,4613606.2949
55244,4786882.66036667
55245,3234079.25252857
55246,4623878.10443333
55247,4323835.60913333
55248,3854557.97103333
55249,3039578.23116667
55250,3043743.85261905
55251,4467406.43673333
55252,3604417.74769048
55253,4562387.91723333
55254,5307588.04936667
55255,4730165.7383
55256,3913276.4495
55257,4447393.68973333
55258,5096422.8222
55259,4908965.8015
55260,5151394.38373333
55261,3967201.49953334
55262,3818191.203
55263,4381656.2975
55264,5452155.33183333
55265,4042472.84333334
55266,4678487.90696666
55267,4557579.6333619
55268,4305474.92709524
55269,4626369.1029
55270,3924744.99366667
55271,5074732.5424
55272,3335207.99251905
55273,4016536.8367
55274,4720353.04793333
55275,4434699.95583333
55276,4927479.86781667
55277,4018370.1089
55278,3918466.39033333
55279,4392150.2994
55280,4386683.29613333
55281,3967070.44296667
55282,4777696.89829524
55283,4993771.8855
55284,4259155.1669
55285,4632673.5509
55286,2721605.56569683
55287,3754849.62396667
55288,4945164.32984444
55289,5036466.32316667
55290,4897648.9793619
55291,4699414.77813334
55292,3587738.13600476
55293,4029093.15736667
55294,4685707.75133333
55295,2692068.25117619
55296,4960847.5514
55297,4785666.615
55298,4249640.01826667
55299,4284912.7581
55300,4924342.4926
55301,5416485.5161
55302,4393051.38276667
55303,3969797.7763
55304,5242660.42755238
55305,4580642.2871
55306,4465488.7795
55307,3721097.96783333
55308,4271573.0419
55309,4638354.24434444
55310,4826416.32502857
55311,3936551.63869524
55312,4839632.2743
55313,4239455.80392064
55314,4480220.1673
55315,5009604.21716666
55316,4013800.50583333
55317,4593333.25086667
55318,4875118.28371904
55319,4273353.45506667
55320,4866282.43706666
55321,4147829.31127143
55322,5073848.42083333
55323,5485892.2583
55324,4301048.62362857
55325,4498256.06176667
55326,4598032.4661
55327,2571426.55782381
55328,4237403.14964286
55329,4577000.03132857
55330,5440205.191
55331,4136215.93107143
55332,4855691.08016667
55333,5002407.13
55334,4119357.8069
55335,4154737.65076667
55336,2478109.04787619
55337,2444924.17600476
55338,4016564.9769
55339,4627499.17613333
55340,3065488.25580476
55341,4544692.89683333
55342,5174444.3222
55343,4780747.90556667
55344,4648790.86473333
55345,4359547.81109523
55346,4941489.97773333
55347,3969019.41153333
55348,4944515.69576667
55349,4080709.25536667
55350,4554723.1333
55351,3950371.13606667
55352,4586494.43478571
55353,5138520.7335
55354,4760891.46496667
55355,4153524.2471
55356,5391924.71351905
55357,4811367.64746667
55358,3292740.20088571
55359,4541149.57
55360,4489762.03137777
55361,4852779.84046666
55362,4333530.22041428
55363,4490737.81976667
55364,4588778.15506667
55365,4305941.79630159
55366,5043309.8018
55367,4684109.21826667
55368,4288935.1777
55369,4237009.13743334
55370,4438490.90791666
55371,4379162.5942
55372,5453238.37643334
55373,3856266.9104
55374,4473389.47166666
55375,4212454.92243333
55376,3977079.6256
55377,4705762.62634444
55378,3925755.55876825
55379,4170577.95253334
55380,4582655.44261111
55381,4213952.1212
55382,4046122.75395714
55383,4941804.43965714
55384,4814906.96836667
55385,4132972.75887619
55386,4783759.83043333
55387,3453877.1106
55388,3770696.35496667
55389,4425775.95363333
55390,3768620.56393333
55391,4438935.53616667
55392,4799208.99936667
55393,2497894.83385238
55394,5045447.2312
55395,3910727.89103333
55396,4095847.82186667
55397,4594683.98289048
55398,4904786.33566666
55399,4364395.87366667
55400,4195913.78156667
55401,4409205.74126667
55402,4399250.6674
55403,3793341.8133
55404,5007483.3254
55405,4743434.4867
55406,3897055.96967777
55407,4320998.94797619
55408,4428632.23133333
55409,4427320.08484286
55410,4036326.04786667
55411,4368426.60523333
55412,4556598.99683334
55413,4022689.52286667
55414,4511638.53293333
55415,4815399.04066667
55416,4115650.13937778
55417,4104903.91208571
55418,4116987.83716667
55419,4654593.8286
55420,4376575.52203333
55421,4832825.94793333
55422,4412015.78291111
55423,3347896.71656667
55424,4317170.95737619
55425,4451377.66436666
55426,4933124.99513333
55427,4584560.24953333
55428,4758048.85201111
55429,3776800.38190953
55430,4902540.60536666
55431,4098169.93097143
55432,4446179.24796667
55433,3795526.60803333
55434,3465263.35397619
55435,4944457.75013333
55436,4149310.60486667
55437,4414130.65664286
55438,3859897.63396667
55439,4891715.7509619
55440,4131602.41926667
55441,3590696.19234921
55442,3808905.5388
55443,4552090.2805
55444,4146566.50810952
55445,3237828.9767873
55446,5178089.38486667
55447,4744879.60453333
55448,4123004.85863333
55449,4624066.34766667
55450,4244577.0981
55451,3169475.65777143
55452,4558685.78823333
55453,3345356.04986667
55454,4086985.01593333
55455,4438547.48696667
55456,4362446.57658096
55457,4426186.94296667
55458,4441810.41693333
55459,4414751.68043333
55460,4428935.7854
55461,2598179.0907
55462,4732763.69609524
55463,4668088.6117
55464,3979321.65707302
55465,4735291.5845619
55466,4554611.00863333
55467,4379538.53436667
55468,5023283.16116667
55469,4279374.5736
55470,4981226.1088
55471,4228844.86173333
55472,5354594.9794
55473,4473167.77416667
55474,4776319.64703333
55475,5501285.15293333
55476,4352674.16816667
55477,3326940.07159048
55478,4732011.41276667
55479,4635048.75781111
55480,3658939.29834762
55481,4397115.45222857
55482,4390399.87325952
55483,4464246.65029048
55484,3808699.87283333
55485,4567765.49411111
55486,4554702.4846
55487,4167294.79516667
55488,4254700.53696667
55489,4188594.21227302
55490,4173869.99013333
55491,4041156.71706666
55492,5219803.35036667
55493,4283953.71559524
55494,4250841.81796667
55495,4139073.94926667
55496,4688315.32323333
55497,5420791.2782
55498,4185294.7765
55499,4667769.1052
55500,4243402.25816667
55501,4975260.66079999
55502,4136573.12283333
55503,4505428.9779
55504,4963610.63243333
55505,3887401.55431111
55506,4660542.67933333
55507,4535088.3864
55508,3589389.06501111
55509,3969326.98740476
55510,4642999.001
55511,5183009.99053333
55512,3560157.05460953
55513,4902009.01896191
55514,3904927.80767777
55515,4451335.4276
55516,4535427.42167778
55517,3371441.57111111
55518,4562709.169
55519,4224374.17823333
55520,4476486.66422381
55521,4221615.49383968
55522,4123779.56013334
55523,5017235.98153333
55524,3957823.88966667
55525,5225164.95243333
55526,5206061.0173
55527,4024973.12206666
55528,5401076.4711
55529,4296056.61113333
55530,4627438.72388571
55531,3976322.60353334
55532,3056215.35476191
55533,4309897.89473334
55534,3088893.51054445
55535,3488954.02419524
55536,3658089.72876667
55537,4406813.75353333
55538,4493282.187
55539,4944436.82806667
55540,4103615.8037
55541,3501621.9828381
55542,4215659.38546667
55543,4843821.48183334
55544,5023295.69893333
55545,4558948.4339
55546,4102843.02826667
55547,4243958.52673809
55548,3981252.65623333
55549,4155530.0649
55550,4872249.24103333
55551,5248702.0421
55552,3622470.13160952
55553,5314960.65206667
55554,4924384.8334
55555,4177693.3841
55556,4469732.58568572
55557,3939308.29784445
55558,4714159.5778
55559,3897983.57486667
55560,4013216.49494445
55561,4255508.5345
55562,3976092.40813333
55563,4283764.20783333
55564,4678782.63612857
55565,5316953.47076667
55566,4349764.17667619
55567,4923765.7695
55568,5001966.73349524
55569,5011870.34793333
55570,3702376.49473333
55571,4324616.9591
55572,4798775.81753333
55573,3567973.83546667
55574,3255693.4536
55575,4022070.5974
55576,3821209.58343333
55577,4148834.33732857
55578,4995558.93952857
55579,5327702.5523
55580,3843444.12183333
55581,4798710.43136667
55582,3687396.6212
55583,4424143.5247
55584,5183369.0448
55585,6244277.45663333
55586,3343807.65717302
55587,4957065.24486667
55588,3935928.88081905
55589,4981680.39736667
55590,4803870.71490952
55591,5105418.84303333
55592,4422753.0024
55593,3860340.16476667
55594,4779729.80516667
55595,3745165.1811873
55596,2908761.57946667
55597,4792935.25563333
55598,5057376.80176667
55599,4637441.86402857
55600,4424560.49186667
55601,4248222.41739524
55602,5408063.23913333
55603,4869720.32476667
55604,5040334.27553333
55605,3085553.42211111
55606,3955858.63046667
55607,4164337.10163334
55608,3792593.16004445
55609,4925347.90243333
55610,3536095.34686667
55611,4197267.6059
55612,4211093.58137619
55613,4374904.65904444
55614,4097336.7962
55615,4558154.03959762
55616,4667119.3649
55617,4135756.9795
55618,4470495.4623
55619,4815228.5525
55620,4321292.17226667
55621,3499184.5776
55622,4769275.44996666
55623,4903352.36613333
55624,4631778.7777
55625,3717547.49844445
55626,4460886.90714286
55627,4842692.8997
55628,3193872.4100873
55629,4775478.58236667
55630,4003851.32824444
55631,4554181.35536667
55632,4331876.898
55633,4853682.74186667
55634,4425179.19656667
55635,4702019.85993333
55636,5073972.2731
55637,4178132.40966667
55638,4197229.54850159
55639,4339044.07072063
55640,4521053.397
55641,3892851.55819524
55642,4830432.64956667
55643,4611406.76956667
55644,4507972.19793333
55645,5231689.37966667
55646,3827950.35073333
55647,4611307.17443333
55648,4868793.39366667
55649,4507972.19793333
55650,3929023.53816667
55651,4177964.0311
55652,2554793.8208
55653,4013286.69162857
55654,4529418.00917619
55655,4210955.1993
55656,4892919.66108571
55657,4790696.20419524
55658,3733440.04493334
55659,3880349.75344445
55660,3927318.37236667
55661,4262355.6736
55662,4013949.9087
55663,3971541.2966
55664,4852617.4497
55665,4885981.75809523
55666,3848929.56392381
55667,5088610.55616667
55668,3412071.74824286
55669,5224326.61986667
55670,3593539.15771429
55671,4237272.9379
55672,4731082.2566
55673,3606175.51106667
55674,4106413.9871
55675,4867384.85036667
55676,4212271.07083333
55677,4649448.14733333
55678,4170666.54889524
55679,4956425.1431
55680,4158414.59620476
55681,3778248.0245
55682,4602583.99693333
55683,4902247.43316667
55684,3772434.60286667
55685,5188117.34395714
55686,3862591.3058
55687,4068952.2127
55688,5394131.18815238
55689,3543684.0007381
55690,4563686.5017
55691,4161192.50973333
55692,4900776.15233333
55693,4297127.33233334
55694,5833898.27656666
55695,4512304.0042873
55696,5403705.6589
55697,3823306.47563333
55698,4160095.21436667
55699,4058847.27656667
55700,4512188.34129048
55701,4462776.65833333
55702,4766199.8576
55703,3655452.74787143
55704,4213655.49164286
55705,4445804.24396666
55706,4870232.92036667
55707,4437103.25973334
55708,3757153.46193334
55709,4897889.3971
55710,4466665.56223333
55711,4168819.85965238
55712,4543897.70623333
55713,4726620.6158619
55714,3681189.8605381
55715,3270679.69426667
55716,3690607.7359
55717,4791945.56776667
55718,4230794.4333
55719,4521075.59300952
55720,3560331.55936667
55721,4734485.51636667
55722,2495175.34021429
55723,4777213.99346667
55724,3883614.29693334
55725,4339604.8594
55726,4935303.98183333
55727,4627418.88183334
55728,5579816.35562857
55729,4054898.39392063
55730,3671634.36521111
55731,4355537.83940476
55732,3804913.15011111
55733,4872751.81086667
55734,3562988.66636667
55735,3927320.14956667
55736,3956806.59226667
55737,3643623.2285
55738,3700955.14544286
55739,4500723.28326667
55740,3547253.18676667
55741,4342352.59286667
55742,4146478.42830476
55743,4696146.69483333
55744,4346741.2393381
55745,3330669.41917301
55746,3612705.82177778
55747,4301794.80173333
55748,4006862.2353
55749,4671636.62791111
55750,4557477.7933381
55751,4747944.91614444
55752,4914203.11806667
55753,3526594.24687619
55754,3780845.068
55755,4022037.97443333
55756,4071503.23056667
55757,3271094.6634873
55758,4717173.33016666
55759,5470207.94693333
55760,5526974.72073333
55761,4591935.58956667
55762,4069437.29956667
55763,3550591.08755714
55764,5212338.5405
55765,4831149.6316619
55766,3885432.70054286
55767,4075675.89738571
55768,4132169.28383333
55769,4838110.88113809
55770,3190122.07914286
55771,4988860.1253
55772,4742130.38526667
55773,3843937.25971666
55774,4694295.06685238
55775,4313528.7098
55776,3647214.61346667
55777,4904786.33566666
55778,3306527.06105397
55779,3791621.46866667
55780,5154207.93753334
55781,4644176.5414
55782,4173975.35893333
55783,4912631.9864
55784,4316389.94783334
55785,5288747.62256666
55786,4654169.0819619
55787,5090696.13863333
55788,4231961.22
55789,4757250.25743333
55790,4781382.35236667
55791,4440903.7829
55792,5493740.11176667
55793,4008496.07986667
55794,4557950.0796
55795,3144225.00796349
55796,4150678.97263333
55797,3703907.20092381
55798,5502449.301
55799,4741394.41709524
55800,4341060.23396667
55801,3787969.83933333
55802,4502213.10463333
55803,3930617.1554381
55804,4786320.3214
55805,4800461.61726666
55806,5200598.7166
55807,2785771.8683
55808,3573574.8754
55809,4719045.96376667
55810,6539326.76486666
55811,3755170.71006667
55812,4731041.82976667
55813,4970602.36964286
55814,4490591.33323333
55815,3907610.96733334
55816,3972034.89078095
55817,3351714.9522381
55818,4503680.8581
55819,5195960.0458
55820,3503455.23399048
55821,4109933.63348333
55822,4999467.10003333
55823,3688137.67789048
55824,3608760.19583333
55825,4939322.921
55826,5256032.05306667
55827,4893620.14313333
55828,3994254.23645397
55829,4204409.45246667
55830,4688091.48781905
55831,4004901.31470952
55832,5280943.55781905
55833,4497768.77326667
55834,4016453.40369048
55835,3686186.43526667
55836,5161474.56766666
55837,4717459.2759
55838,5587312.38576666
55839,4896930.98943333
55840,4208584.2859
55841,4679417.6797
55842,4253996.07746666
55843,3596835.7733381
55844,4500726.88186666
55845,4276819.98323333
55846,4041469.5965619
55847,3097072.64820476
55848,2834079.4059
55849,4353265.29666667
55850,4142758.6398
55851,4730828.1325
55852,3569740.97123334
55853,4754970.39536667
55854,3886846.96103333
55855,3556595.06837302
55856,4624587.78356667
55857,4189403.09502619
55858,4659202.6633
55859,4820019.17066667
55860,4090344.5504
55861,3210867.84323333
55862,4484593.93766666
55863,4617511.9622
55864,4642678.7931
55865,4504517.73143333
55866,5023718.23226667
55867,4438011.46738571
55868,4789618.6196
55869,4642212.64717777
55870,4689593.40583333
55871,3917173.91217778
55872,4106478.35570952
55873,5362104.33298571
55874,4553014.23363333
55875,4959177.01586667
55876,4259147.39003333
55877,3883575.32364444
55878,3966514.7085
55879,4753113.83629048
55880,4999447.66013333
55881,5478202.09933333
55882,2926278.38309524
55883,4573597.2216
55884,4639959.83003333
55885,2947582.49508095
55886,4144784.5372
55887,5411972.59966667
55888,4433579.53683334
55889,2994565.95923333
55890,4410591.0559
55891,4037941.84897619
55892,5141643.8672
55893,4089675.90161429
55894,4456606.60666667
55895,4732207.57846667
55896,4123438.84366666
55897,3107520.94824286
55898,4934247.82766667
55899,4679938.1989
55900,3954752.04139524
55901,3589243.6329
55902,4490973.66136667
55903,4313310.23576667
55904,4435315.2009
55905,3726781.63553334
55906,4069671.27292857
55907,4760306.93613333
55908,4596017.50613333
55909,3550467.3251
55910,4474282.53070952
55911,5258841.35806667
55912,4061545.16856667
55913,4231328.52536667
55914,3000846.81874286
55915,4116992.76893333
55916,4166596.38546667
55917,4417401.07776667
55918,4451368.68303334
55919,3817909.3387
55920,5101031.73033333
55921,4508736.87743333
55922,4950075.06183333
55923,3631229.60948572
55924,4149262.48233333
55925,5009604.21716666
55926,4018299.02005238
55927,4561338.4642
55928,3571231.37727143
55929,3901648.09973334
55930,4134241.33406667
55931,4444247.88946666
55932,3482034.9517
55933,4044733.6452
55934,3946601.4227
55935,4823053.5009
55936,4153152.76414444
55937,4627629.3345
55938,3744261.2661
55939,3513385.48606667
55940,4688126.3293
55941,4193119.88576667
55942,4955830.61083333
55943,5439321.04978571
55944,4259017.5153
55945,4505001.86833968
55946,4953762.02963333
55947,4115557.98159048
55948,3336501.45543333
55949,4305478.41914286
55950,2966301.23930476
55951,3743839.3206
55952,3917796.13423334
55953,4839593.8112
55954,5068214.0058
55955,4097142.4552
55956,4052494.40766667
55957,4483517.08846349
55958,3788741.09642857
55959,4834368.3405
55960,4460315.1166
55961,4694705.2228
55962,4744560.34481111
55963,4880529.39649524
55964,4012436.70884445
55965,4694886.60586666
55966,2554094.0011381
55967,4326929.54733333
55968,3097858.10913333
55969,4068552.13218571
55970,4398197.39356667
55971,4019223.53466667
55972,4417067.6709
55973,3934801.49408095
55974,3069372.49217619
55975,3379238.0851
55976,4906271.7391
55977,4993431.717
55978,4685888.87613333
55979,4754745.86915714
55980,3760083.87046191
55981,3779975.15353333
55982,3746162.41747302
55983,4685033.9574
55984,3445635.93006667
55985,4593422.96646667
55986,4651356.02583334
55987,4418296.1614619
55988,4696489.6231
55989,4457759.53017778
55990,4221675.77616667
55991,4410218.75426667
55992,2529744.91408095
55993,4551832.87483334
55994,4964368.3344
55995,4637484.24876667
55996,5109895.68633333
55997,5008772.933
55998,4565423.5808
55999,4362388.2598619
56000,4908736.42986667
56001,5223599.63033334
56002,4410884.839
56003,3711646.01823333
56004,3062989.86164444
56005,4019803.357
56006,3886106.07086667
56007,3724570.01391587
56008,4483093.17685714
56009,3138356.62675397
56010,3453281.77
56011,4563239.56753333
56012,5319184.30403333
56013,3346720.2755
56014,4903629.15383333
56015,4202903.5726
56016,4535266.49334444
56017,4467351.67996667
56018,3882657.12945397
56019,3810887.10854286
56020,4508325.0108
56021,4725106.3721
56022,4567927.94374285
56023,4386856.22947619
56024,3320499.11024762
56025,4052489.86407778
56026,4769797.11013334
56027,5099278.20575238
56028,4684653.48636667
56029,3070600.6892873
56030,4710582.39633333
56031,4657090.90412857
56032,2925840.74514444
56033,5006749.1694
56034,4094488.90113333
56035,4454974.00093333
56036,4594880.18809048
56037,3295726.99231429
56038,3219437.38033333
56039,5175436.0895
56040,4261698.5083
56041,3487459.70733333
56042,4039965.28645714
56043,3937147.52676667
56044,4887471.76205238
56045,5142532.6973
56046,4290361.38736667
56047,4173390.47912857
56048,3638234.12818254
56049,4435621.92683334
56050,4180486.82736667
56051,3568338.33356667
56052,4061252.26796667
56053,4152708.01516667
56054,4268516.81755715
56055,4864002.815
56056,4289990.8332
56057,3125099.63050952
56058,4289954.33973333
56059,4106406.43116667
56060,3302379.44724286
56061,4558596.65771904
56062,4812085.5601
56063,4191922.0152
56064,3969368.00172064
56065,5099379.84473333
56066,4942041.0475
56067,4409498.69928571
56068,3935164.92406667
56069,4234130.26383333
56070,4599846.08436667
56071,4316804.74336667
56072,4204172.14789524
56073,4330589.27097619
56074,4434661.02613333
56075,4224360.70639524
56076,4539185.71216667
56077,5051203.7284
56078,5219942.63201904
56079,4721835.12949999
56080,3789054.22184762
56081,4786138.0383
56082,4957914.90429524
56083,4542394.85436667
56084,4177668.2119
56085,4428632.31323334
56086,4402457.71793333
56087,4332207.78623334
56088,3287319.86956667
56089,4029976.99796667
56090,4577394.63526667
56091,3033933.15637619
56092,3847124.6236
56093,4748315.4716
56094,3231900.6931381
56095,4167733.36858096
56096,3825759.19177143
56097,3645256.2147
56098,4271372.13664286
56099,4684082.04585238
56100,4576554.3585
56101,5074409.7853
56102,4322870.00426667
56103,3871742.58446667
56104,4105952.63856667
56105,4730842.28173333
56106,3939951.07586667
56107,4119290.33421111
56108,3729076.85213334
56109,4813757.0674
56110,4552275.432
56111,4313879.8795619
56112,3436312.33032064
56113,3636079.48580476
56114,4143464.34163333
56115,3823344.67884762
56116,3944551.66969048
56117,4334047.3624
56118,4209882.9473
56119,4244269.2469
56120,3650760.28027619
56121,3589459.45491111
56122,4095409.8038
56123,4447565.53226666
56124,4538656.6121
56125,3638665.82568572
56126,4031864.99406667
56127,3907225.17750001
56128,4236697.39141905
56129,4508594.216
56130,3844453.4749619
56131,3664051.9522
56132,4525766.98426666
56133,4237156.4491
56134,4205574.079
56135,4756551.62243334
56136,3866748.99076667
56137,4671490.3041
56138,4947270.0874
56139,2867070.22369524
56140,4845889.15403333
56141,3758229.57381429
56142,2974173.94313333
56143,4071401.3023
56144,4632696.1594
56145,4059065.7874
56146,3504708.43063333
56147,4548107.14593333
56148,4581044.4125
56149,4574708.99453333
56150,3987229.0635
56151,4715911.9306
56152,4843137.3973
56153,4433522.36973333
56154,5652469.05313334
56155,4929452.4254
56156,3358175.97234286
56157,4291429.58377619
56158,4166128.1297
56159,4525064.48594444
56160,4904056.3604619
56161,5048696.17296667
56162,3927818.8987
56163,3904343.2656
56164,4042737.56004444
56165,4921288.04426666
56166,4323021.92910952
56167,4362796.0878
56168,4028535.85508095
56169,4261806.49683334
56170,3493679.30466667
56171,4394896.45306667
56172,4589439.5149
56173,4692712.52632857
56174,3640114.45552857
56175,3722504.71883333
56176,4072603.1434
56177,4413545.22386666
56178,4555956.5377
56179,3658633.96823333
56180,4537432.4909
56181,4739261.08096667
56182,3905216.11200635
56183,3484150.50853333
56184,5439897.6838
56185,4155379.34956667
56186,4363453.9900381
56187,3523532.1775
56188,4089091.74025
56189,4023238.44949048
56190,5022451.0672
56191,4368928.66033333
56192,4286240.25371905
56193,4333183.908
56194,4931509.83383333
56195,5048037.2656
56196,4449059.72628095
56197,4627783.2157
56198,5695123.48933333
56199,3527401.42834286
56200,3237828.9767873
56201,3855015.99793334
56202,4324582.5945
56203,3159360.83066667
56204,4677951.78550952
56205,5065061.3739
56206,4455842.79455238
56207,3335293.04206667
56208,3957126.76226667
56209,5111573.0329
56210,4985502.96309524
56211,4203133.64341111
56212,3755581.3561
56213,3960095.21533334
56214,3574530.43509524
56215,5768707.49586667
56216,4151616.16076667
56217,4725136.59286667
56218,4060124.99176667
56219,3512775.24404286
56220,4426931.47116191
56221,4937710.1423381
56222,4239705.4183619
56223,3281675.49984286
56224,4175656.67203334
56225,4028063.4623
56226,3695320.9359
56227,4370529.20364762
56228,3734226.9364
56229,4032577.59756667
56230,4838196.93583333
56231,4457652.32457143
56232,4440616.51026667
56233,3901885.0762
56234,4461398.49976667
56235,5555080.35226666
56236,4128693.7604
56237,3219316.03156666
56238,4906006.6494
56239,4556322.04706666
56240,5433202.43846667
56241,4628329.8504
56242,3901391.95591111
56243,4101043.99817302
56244,3958214.69883333
56245,5650786.2868
56246,3940459.14986667
56247,4458472.88396667
56248,4853805.80066667
56249,4614892.00934444
56250,4923651.84716666
56251,4098323.94176667
56252,4265711.95696667
56253,4596736.30336667
56254,5790732.48303333
56255,4449828.19681905
56256,4581568.0119
56257,4439050.46813333
56258,3535898.60744445
56259,4533387.08033334
56260,5301314.52198571
56261,4290336.20323333
56262,5217801.4917
56263,3541308.4782381
56264,4682536.98683333
56265,4056302.39534444
56266,4724057.30306667
56267,5277900.24689524
56268,4597044.03883334
56269,4101298.72686667
56270,4888413.8806
56271,5552271.9397
56272,3856414.78346667
56273,3837768.93156667
56274,3060882.9277381
56275,4211227.6143254
56276,4735916.7105
56277,4248976.9564
56278,4322297.9539
56279,4590920.46274444
56280,4268467.9407
56281,4201533.1371
56282,4555747.03613333
56283,4204411.43853333
56284,4402261.00566667
56285,4774653.78606667
56286,3112937.34200476
56287,4694678.87486667
56288,5027297.66386666
56289,2491977.28850952
56290,4738126.11907777
56291,4598266.50752381
56292,4306898.792
56293,5368652.84956667
56294,4469578.72383969
56295,4256560.01666667
56296,4900546.90543334
56297,4229972.11072857
56298,4814750.82960476
56299,4320250.52769524
56300,3977098.80116667
56301,4971752.72873333
56302,4618394.33323333
56303,4596026.30948571
56304,4078424.6308
56305,4637398.7663
56306,3547918.79929048
56307,4256461.59666667
56308,5139430.9709
56309,4564317.20373333
56310,4511279.34411111
56311,3823665.15234286
56312,4318466.4549
56313,4495964.83693333
56314,4910428.8356619
56315,3994580.97596667
56316,4503025.38004285
56317,4620255.68093333
56318,3883114.20496667
56319,5381205.98913333
56320,4100986.12597143
56321,4732821.05628571
56322,4377345.79483333
56323,4225839.14314762
56324,4259491.05293334
56325,4493365.07497619
56326,3178199.234
56327,4671564.38766667
56328,4247790.85586667
56329,3439869.49546667
56330,3777412.98203333
56331,3267407.7972
56332,4737590.41286667
56333,4972733.31846667
56334,3982957.71976667
56335,4687976.83306667
56336,4457365.14357619
56337,5120128.99471904
56338,3726250.91751111
56339,4269019.737
56340,4817369.57153016
56341,4800884.7369
56342,4913938.5871
56343,4491475.40023333
56344,4922248.5738
56345,4168227.19174762
56346,4453390.6821
56347,3678914.31566667
56348,5025107.21355
56349,4212149.4522619
56350,4960482.96413333
56351,4327086.85840952
56352,3879710.96616667
56353,3857015.77456667
56354,4171509.85973334
56355,3225723.31986667
56356,4444610.34506667
56357,4496054.80893333
56358,3013752.09333333
56359,4414577.23937619
56360,3995731.9211
56361,4081058.49616191
56362,4179037.65106191
56363,3886614.59307143
56364,4527800.00653333
56365,4287965.5518
56366,4700016.78732381
56367,4183161.14306667
56368,4686908.40322857
56369,4485904.58136666
56370,4326140.4058619
56371,3568751.52773016
56372,3991724.81660952
56373,4677688.1316
56374,3488776.48573334
56375,4013465.04163333
56376,4008938.65663333
56377,5939190.30566666
56378,4829006.9025619
56379,3891054.33500476
56380,5156741.3963
56381,3724038.61396667
56382,4502830.50286667
56383,3543061.70024286
56384,3935219.43447302
56385,3650860.3117
56386,4314654.49956667
56387,4633771.94456667
56388,4910109.1864
56389,5237708.25573333
56390,5090836.5784
56391,4848118.6769
56392,4973158.0979
56393,4618387.6037
56394,5175123.24876666
56395,4884488.32849524
56396,4398368.97346191
56397,4488466.9622
56398,4255691.61153333
56399,5229921.2068
56400,4602267.54813333
56401,4227202.62873333
56402,3738245.43623333
56403,3677465.6015
56404,4089169.9241
56405,3620739.73436667
56406,3923863.75536191
56407,4092558.86923333
56408,3975033.7457
56409,4511336.83427143
56410,4334603.12577778
56411,4320912.17283333
56412,4705054.38086666
56413,4732705.0605
56414,4349091.11714444
56415,4110113.43575397
56416,4612531.05533333
56417,4227774.13824286
56418,3972677.20796667
56419,4500370.92113333
56420,3516713.4048
56421,4706592.62086666
56422,5453700.53286667
56423,4625601.58773333
56424,3636044.31507143
56425,5218464.7729
56426,3926418.06956667
56427,4757188.92766666
56428,4389684.02076667
56429,2649181.25217778
56430,4285446.02626667
56431,4756810.06483333
56432,4082110.80073333
56433,3088445.67173333
56434,4596261.37106667
56435,4479796.49566667
56436,3559025.84593333
56437,5096949.25973333
56438,4330272.56333334
56439,4752575.58286667
56440,4063512.48201429
56441,4375486.90588254
56442,4151997.1297
56443,4578939.59708571
56444,4508751.46503333
56445,5484782.81816667
56446,3936697.46185714
56447,4237840.29456667
56448,5010765.1846
56449,4762817.98905714
56450,5396390.76273333
56451,3673455.91309524
56452,3994869.83133333
56453,4702418.46079524
56454,4247396.37273333
56455,3943384.79739524
56456,4059362.71143333
56457,4616110.4594
56458,4498229.11576191
56459,3532067.57543334
56460,5155194.82486667
56461,3790777.42136667
56462,4205124.6601
56463,4045622.21469524
56464,5125607.42855714
56465,3987778.84094286
56466,4590547.859
56467,4904445.80603333
56468,4106741.93559524
56469,5243318.1134
56470,5233444.45856667
56471,4732033.87716667
56472,4445642.25426667
56473,4229016.03953333
56474,5188297.7594
56475,4226953.38384444
56476,4175829.61221111
56477,4780277.54486667
56478,4934739.71226666
56479,5124186.39203334
56480,4435891.31371111
56481,3181934.6276873
56482,5123058.42909524
56483,4172629.58493333
56484,4713636.43423333
56485,4449641.56604444
56486,4227009.5722
56487,5085583.8429
56488,4554824.5915
56489,5158276.6514
56490,4356433.2527
56491,4655999.96469524
56492,4294693.74693333
56493,4031227.90134445
56494,5124532.8423
56495,4886783.94356666
56496,3811562.46716191
56497,3936368.54616667
56498,4367497.93436666
56499,4125852.76086667
56500,4337947.08632381
56501,3235693.14746667
56502,4453511.20776667
56503,3297425.12953016
56504,4262348.72936667
56505,3217050.6009254
56506,5062634.40136667
56507,4337611.17663333
56508,4602951.25896667
56509,4577500.09141905
56510,4372474.44383333
56511,4673913.36103333
56512,4130830.41403334
56513,4357649.03193333
56514,4442512.3447
56515,4829240.34033333
56516,4880897.744
56517,5260495.9691
56518,4329558.95622381
56519,3363208.21194286
56520,3672006.13493333
56521,3791163.86193333
56522,4588427.68403333
56523,5059649.52333334
56524,3936778.60336667
56525,4488657.25026667
56526,3864578.58296667
56527,4090496.4991
56528,4271727.31201111
56529,5058055.9157
56530,4421878.7881
56531,4374988.18716667
56532,4067161.88997143
56533,4722850.96123333
56534,4265531.86047778
56535,4357273.83499524
56536,3609305.55428254
56537,4574299.55386666
56538,3748616.22560476
56539,4117947.48556667
56540,4502840.03889048
56541,4667499.9145
56542,5024438.04083334
56543,4441031.72106667
56544,4589649.5775
56545,3527234.59885714
56546,5243178.76156667
56547,3794625.41141111
56548,3145933.13716667
56549,3985791.02903333
56550,4627225.41583334
56551,2824473.46640476
56552,4302753.38926667
56553,4126419.9595
56554,4445737.02383333
56555,4238394.61413333
56556,3813190.16076667
56557,4737274.07343333
56558,3822881.9426
56559,4232424.83066667
56560,4684374.49443333
56561,4789477.88363333
56562,4373986.42956667
56563,3970299.11372857
56564,4453261.43623333
56565,4183316.30856667
56566,4503413.2862
56567,4830041.61295238
56568,4805377.47699524
56569,3852929.79332064
56570,4034150.72585714
56571,4470594.12897619
56572,4414256.98623333
56573,5020644.26443333
56574,4466485.11766667
56575,4225986.32193333
56576,3119969.38620952
56577,4206243.86863333
56578,4927900.40043333
56579,3752558.45983334
56580,5181982.62083334
56581,5253066.25655238
56582,4687712.72206667
56583,4258816.07476667
56584,4123067.47269682
56585,4471319.7829
56586,5122850.3398
56587,3192315.7528
56588,5122066.45870952
56589,5343855.43176667
56590,4668729.15183333
56591,4041115.40073333
56592,4381131.23450635
56593,3917852.3268619
56594,4589430.16096667
56595,4659514.6971
56596,5749438.14025238
56597,4566882.779
56598,3359192.17559524
56599,4190258.13246667
56600,3736104.73386667
56601,4445739.0841
56602,4385055.97156666
56603,4768375.7929
56604,3890790.2801
56605,5203286.21386667
56606,4324818.43673333
56607,4444688.97036667
56608,3888723.6888
56609,5331689.7114
56610,3144574.99353334
56611,3636990.1041
56612,4609594.71618572
56613,4051963.67291111
56614,4925071.66086667
56615,4327553.5792
56616,3713235.9977381
56617,4798362.6901
56618,4104935.56182857
56619,4395519.92203333
56620,3515825.52
56621,3913242.75633333
56622,4239692.47736666
56623,4383378.22746667
56624,5432989.92636667
56625,4981240.24736667
56626,4675976.74323333
56627,4361517.95726667
56628,4614576.4455
56629,4588232.19653333
56630,4262042.06013333
56631,4017166.48992857
56632,3486535.75874445
56633,3910895.09356667
56634,3688697.23326667
56635,3525941.05632857
56636,4721017.79337777
56637,4656917.8378
56638,4600376.7591
56639,5364792.02686667
56640,2844114.09983333
56641,4244952.05463333
56642,4179929.80311111
56643,4677691.93773333
56644,4188173.7763
56645,4275361.30956667
56646,4426136.77953334
56647,3842463.62866667
56648,5114911.54023334
56649,4171064.67523333
56650,3898200.12593333
56651,4677480.0055
56652,4624629.93286667
56653,4373110.83448572
56654,5019951
56655,3830664.57956667
56656,3783774.85746667
56657,5387435.57473333
56658,4533728.15002857
56659,3947712.97689524
56660,4244130.7306
56661,3426528.90324286
56662,5331125.5229
56663,4726751.43176667
56664,4155076.9082
56665,4428312.01546667
56666,4819280.73343333
56667,3681125.08586667
56668,3858732.27701429
56669,4857640.90138571
56670,4492648.2198
56671,4113333.83823333
56672,4009446.897
56673,4809470.34036667
56674,4119633.2406
56675,2580717.07059048
56676,5043331.696
56677,4223532.5107
56678,4834563.131
56679,3405209.29321587
56680,3796661.2337
56681,4962514.03362857
56682,4833609.11293333
56683,4254692.7061
56684,3778141.08737778
56685,3185834.4122
56686,5174516.83943333
56687,3096306.87386349
56688,4694011.94863333
56689,3738982.85696191
56690,4077743.7895
56691,6257343.9779
56692,3890694.7552
56693,3521671.67114286
56694,4777163.06903333
56695,4233468.55916667
56696,4308315.07722857
56697,5166254.49462857
56698,4162458.82377143
56699,6192344.7538
56700,5146440.6973
56701,5025298.01166191
56702,3375989.24568095
56703,5365694.62023333
56704,4606302.3409
56705,4456144.71883333
56706,4819605.3771
56707,3549446.48636667
56708,3034677.00836825
56709,3462386.79237302
56710,3815505.33500952
56711,4486097.51466667
56712,5138358.60386667
56713,4574774.79533333
56714,4803417.76819524
56715,5229512.78306667
56716,4402272.3633
56717,2404193.29339048
56718,4115912.68596667
56719,4284976.4909
56720,4765057.3992
56721,4377423.49276667
56722,4490977.0674
56723,5483327.53466666
56724,4646108.74650001
56725,4438779.2613
56726,3974566.0279
56727,5220763.86976667
56728,4691738.05965714
56729,3770000.4703619
56730,3457014.48459206
56731,4835787.4821
56732,3790883.18011111
56733,5524534.63863333
56734,4321576.71269524
56735,4662163.67569524
56736,4275875.48353333
56737,4797277.7567
56738,5006933.65383333
56739,4850385.02255
56740,4286871.7022
56741,3279577.14563968
56742,4098347.03393333
56743,4299926.31013333
56744,3645238.46758254
56745,4975623.50353333
56746,3592974.44166667
56747,4716156.23796191
56748,4967191.6262
56749,3113866.32904444
56750,4394463.56846667
56751,4154867.1922
56752,4242460.38985238
56753,4858729.08553334
56754,4063959.77102857
56755,3658712.44826191
56756,2790661.83926667
56757,4202475.52462857
56758,4348870.36136666
56759,4866672.33533333
56760,3998791.20896667
56761,4289236.17224444
56762,4903446.3948
56763,4634545.23203333
56764,4517996.5306
56765,4520326.57223333
56766,4177965.91027302
56767,4647063.24309524
56768,4540598.90055714
56769,3602384.8727
56770,4502799.60016667
56771,4956766.53063333
56772,5288575.4183
56773,4556257.30669523
56774,4641571.63156666
56775,4902745.78656667
56776,3341999.96097143
56777,4522904.30506667
56778,3653529.89918095
56779,4291394.33026667
56780,3784192.82093334
56781,5083196.07506666
56782,3963886.41343809
56783,5130238.3627
56784,3680030.24806667
56785,4289651.2125
56786,4477263.13991905
56787,3594662.8235
56788,4949981.27076666
56789,4130563.46963333
56790,5234670.03426667
56791,4343605.45006667
56792,4332815.91903333
56793,3362760.65446667
56794,3715012.38759524
56795,3366555.99816191
56796,3676653.05506667
56797,4319585.01196667
56798,3716266.5826
56799,5311748.3106
56800,4208093.3841
56801,3962341.76626191
56802,4618294.57023333
56803,3288895.32303333
56804,4404778.50056667
56805,4028102.14993333
56806,4096167.4606
56807,4745535.25396666
56808,3604214.02833333
56809,4620950.04226666
56810,3740167.8573
56811,3064293.39276191
56812,4260769.40113333
56813,3501618.87125714
56814,3590069.18764444
56815,4224449.58627143
56816,4152066.12753334
56817,4525338.98996667
56818,4372917.39454762
56819,4465497.97786666
56820,4385642.65646666
56821,3855444.8889
56822,4562033.59725238
56823,3862905.5022
56824,4181132.64315714
56825,4228376.4543
56826,4642816.72288254
56827,4536243.8158
56828,4449799.09306667
56829,4067550.94736667
56830,5220477.6609
56831,4927605.96546667
56832,4361290.94405238
56833,4078731.59984286
56834,3919226.0994
56835,4822435.955
56836,4630636.99163333
56837,4045886.43093333
56838,5047227.76423333
56839,3969474.1905
56840,3322017.0692
56841,4637621.39126666
56842,4320530.83904445
56843,3893415.576
56844,3576049.70824286
56845,3851535.57384286
56846,4753668.62906667
56847,4356302.32786667
56848,4818252.8522
56849,4406772.1383
56850,4556581.18703333
56851,4052270.81746667
56852,4249115.74263333
56853,4242158.44616667
56854,4986072.76403333
56855,4100127.88819524
56856,4226672.84166666
56857,3932449.06051429
56858,4651218.16093333
56859,4122012.83442857
56860,3997824.31635715
56861,4343743.97013333
56862,4291834.67483333
56863,4354749.15473333
56864,4964974.06777778
56865,4653888.23976666
56866,4587212.8128
56867,5056765.92793333
56868,4669240.67294285
56869,4531473.68636667
56870,4774527.51586667
56871,4824511.39271905
56872,4641549.18826667
56873,4687067.80003333
56874,4671819.5264
56875,3835456.85506667
56876,3828636.04397619
56877,4792701.62249524
56878,3744040.47843333
56879,4511899.6787
56880,3930714.45316667
56881,3937737.1733
56882,2982468.43524444
56883,4027060.89936667
56884,4093219.25363333
56885,4874017.1995
56886,5541470.65333333
56887,4377876.79486667
56888,4465864.48246667
56889,3962771.00237778
56890,4364171.54593333
56891,3510132.41833333
56892,4225345.39920953
56893,3593151.10956667
56894,4489114.28836667
56895,4466148.94497778
56896,4463612.7051
56897,4353560.78856667
56898,4066925.52431111
56899,5547451.1561
56900,3868834.43566667
56901,4195436.94226667
56902,4412006.67563333
56903,4621983.18513333
56904,4690960.7246
56905,4008887.24464444
56906,4074168.77973333
56907,2933879.33131905
56908,4446755.26676667
56909,4593211.5386
56910,4784888.48933333
56911,4298252.57886667
56912,3085843.97162063
56913,4300756.3676
56914,4200320.72196667
56915,2749760.14544286
56916,4065506.92326667
56917,4321441.51316191
56918,4024019.2747
56919,3487789.48482381
56920,4087187.40080476
56921,4470568.75922381
56922,4501087.12753333
56923,4762588.56567619
56924,3640691.33164286
56925,3899551.96682857
56926,4728995.70266666
56927,4203428.44626667
56928,4364425.26486667
56929,3999108.18796667
56930,3511946.49563334
56931,4237115.78103333
56932,5370043.60043333
56933,4467535.76813333
56934,5001199.41226667
56935,3517871.07169524
56936,3508004.56766667
56937,4569077.56787778
56938,4537869.6608
56939,3974804.78623492
56940,3893418.7021
56941,4224227.48019524
56942,4516368.50233333
56943,4914465.28293333
56944,4591993.6916
56945,4084588.02896667
56946,4301937.60045714
56947,5227383.64473333
56948,4759390.1323
56949,4353238.11593333
56950,3139367.26146667
56951,4624227.68923333
56952,4173614.42256667
56953,4525350.04146667
56954,4654561.65503333
56955,4613768.15116666
56956,3484691.85889524
56957,4648030.9877
56958,4857789.5196
56959,4454183.51656667
56960,4335752.1936
56961,4231679.69799524
56962,4132340.80987143
56963,5368652.84956667
56964,4557700.43703333
56965,4945976.99318571
56966,3937495.8203
56967,5202302.6528
56968,3616895.4564
56969,3210280.47595397
56970,4854139.36746667
56971,3839121.1291
56972,4048843.9419
56973,4633451.8132619
56974,4044108.65856667
56975,5505964.9615
56976,3865303.09352064
56977,4999594.00363016
56978,3791163.86193333
56979,4061690.21527143
56980,4641841.4267
56981,4257321.12423333
56982,3572132.48163492
56983,5206724.76206667
56984,4230820.90523333
56985,4332955.75819524
56986,3896338.65416667
56987,4279731.77071111
56988,3875497.8721
56989,4518141.9121
56990,3641537.72603334
56991,4219216.4977
56992,4592021.30563334
56993,4904160.67676667
56994,4123400.43317778
56995,4377241.6925
56996,4596791.63743333
56997,4269330.69953333
56998,3866785.67274444
56999,4630513.12763333
57000,5015657.81073333
57001,4202177.30747619
57002,3820901.61056667
57003,4136528.93960952
57004,5492610.38654286
57005,5475683.4131
57006,5142796.30396667
57007,3401718.4969254
57008,3919269.32176667
57009,4929732.0648
57010,4779255.08979048
57011,4509525.70723333
57012,3725456.61236667
57013,3797237.49583334
57014,5337998.601
57015,4487032.27186667
57016,3538107.15282857
57017,4604581.11843333
57018,4311138.03486667
57019,4573106.1941
57020,3571353.26666667
57021,3376594.7417381
57022,4618929.70726667
57023,4753531.4200619
57024,5569356.76406667
57025,3892029.90143333
57026,5082249.3184
57027,4033323.28584445
57028,4146534.7864
57029,4921526.26186667
57030,3757328.83749524
57031,3113790.6122381
57032,4603695.16487143
57033,4736966.0033
57034,4596936.79703333
57035,4075028.37443333
57036,4493765.02334444
57037,4185101.5782
57038,4648966.37183333
57039,4081241.11142857
57040,4247188.16564286
57041,4950373.49613333
57042,5075139.71118571
57043,4439299.2537
57044,4662918.16896667
57045,4288539.04135714
57046,5307697.502
57047,3080166.61888095
57048,4345995.6513
57049,5319151.77173333
57050,3836256.9412
57051,3945437.73593333
57052,4547095.33577778
57053,4103598.77536667
57054,4010291.518
57055,4145979.49747619
57056,5206210.11849524
57057,4962779.23308571
57058,4589317.5549
57059,4457539.73333334
57060,4278176.3225
57061,4172030.40083333
57062,3667674.22696667
57063,4590529.55796667
57064,4256001.9574381
57065,3596753.3138
57066,3974566.0279
57067,4382515.65381905
57068,4278224.8007
57069,4615930.14268572
57070,3936531.42240476
57071,4718023.54573333
57072,4802304.7685
57073,4459835.62403333
57074,3427270.258
57075,4207649.32502857
57076,5217139.77323333
57077,5419167.24336667
57078,4226766.38313334
57079,4820613.25243333
57080,4623674.3729
57081,3849835.26130476
57082,4615026.05946666
57083,4502964.29927619
57084,4687592.43906667
57085,4884129.661
57086,3362324.13392064
57087,5248842.42883333
57088,4687157.4144
57089,5320320.20944444
57090,4063121.97236667
57091,3365674.98821429
57092,3992816.88621429
57093,4268394.39045238
57094,5326942.8095
57095,4434678.9051
57096,4801205.97633334
57097,3906489.75513334
57098,3671447.92546667
57099,3897507.26013333
57100,5001525.94661905
57101,4282788.34503333
57102,4753973.69306666
57103,4709761.96386191
57104,4676460.71246667
57105,4746674.80107778
57106,4496054.80893333
57107,4813365.02626667
57108,4877955.05993333
57109,4699668.16606667
57110,4358672.0238
57111,4710064.97346667
57112,4358538.26416667
57113,4086761.18340635
57114,4290883.65103333
57115,3944691.57383334
57116,4793766.386
57117,4519328.67483333
57118,4853700.65303333
57119,4908254.33593333
57120,4738190.4502
57121,3775719.74303333
57122,4241682.46166667
57123,5203206.135
57124,4035069.25973333
57125,4312271.30573333
57126,2992911.10045714
57127,4083932.72176667
57128,3843768.73633333
57129,4021020.5514
57130,5281498.2231
57131,4453231.86846667
57132,4786862.583
57133,3973839.56904444
57134,4930239.58198333
57135,5599794.08411904
57136,4562643.26836667
57137,3808424.86443333
57138,4102815.36626667
57139,5316247.8856
57140,5185386.27663334
57141,4911660.72613333
57142,3942247.86610635
57143,4493007.77753333
57144,2976512.05444444
57145,3667306.4004
57146,4686991.43086667
57147,4814839.011
57148,3079022.4651
57149,4132638.94383334
57150,4475177.19496667
57151,4633260.13296667
57152,3727389.83367778
57153,4471048.66083333
57154,4527769.36866667
57155,4352096.99860952
57156,4313585.31246667
57157,3881105.94678571
57158,4046871.36779524
57159,4302145.5921
57160,4046871.36779524
57161,4307112.69863333
57162,5188894.68416667
57163,4863980.98783333
57164,4403197.31722857
57165,4837089.13039524
57166,3914984.21284445
57167,3867792.59996667
57168,4927536.59963333
57169,3804912.07413333
57170,3449964.62684286
57171,3767936.81312857
57172,4106293.25703334
57173,4228629.74496667
57174,3737971.23433333
57175,4433573.72497778
57176,5102228.9613
57177,3483307.74274286
57178,4629848.8306
57179,3711474.13745238
57180,4534356.52544286
57181,3978146.0771
57182,4299124.39516667
57183,4257030.27479524
57184,3575177.63976667
57185,3496729.5478
57186,4174992.8653
57187,4264757.74908096
57188,3862578.58163333
57189,4195550.5248
57190,3144771.61212064
57191,4553180.2922
57192,5020155.95733333
57193,4148126.35546667
57194,4345144.70364444
57195,4450898.7859
57196,4873619.77264762
57197,4238312.43019524
57198,4701326.7797
57199,4669767.51053333
57200,4719742.05896667
57201,3625651.68044445
57202,4569043.48613333
57203,5139419.26083333
57204,4099268.09813333
57205,3671567.01736667
57206,3772746.85067619
57207,2866888.89536349
57208,4417907.01673333
57209,3463723.03589048
57210,3818941.6796
57211,4162369.1999619
57212,4854823.12319524
57213,4321943.94476667
57214,3984694.3726
57215,3123360.24351429
57216,3783678.09477302
57217,4055217.033
57218,3751800.0323
57219,4840840.15356667
57220,4076515.32256667
57221,4643004.96602857
57222,3648871.9099873
57223,4103878.20612857
57224,5687083.26493333
57225,4799651.82316667
57226,4593495.78776667
57227,3150655.5937381
57228,3402086.86695714
57229,3579909.13336667
57230,4772954.27263333
57231,4259207.0563
57232,3814360.38385714
57233,4039210.87623333
57234,3486444.6246
57235,4318212.11066667
57236,3453324.05667778
57237,4439340.59776667
57238,4023012.4855
57239,4254342.29190952
57240,3986520.9134381
57241,4168360.3409
57242,4401373.96577778
57243,4833863.20602381
57244,4600665.09286667
57245,5178090.71183333
57246,4326364.59166667
57247,5131285.85473333
57248,4867680.79566667
57249,4033184.60627778
57250,4795323.35109524
57251,4826037.16643333
57252,4193243.42147301
57253,3789145.98711905
57254,4046635.46296667
57255,4162100.60086667
57256,3685659.06963333
57257,2866541.6192
57258,5366386.84171904
57259,4334558.79511112
57260,3965710.01819524
57261,4795156.2458619
57262,4527155.92666666
57263,3851662.48606667
57264,3633366.19756667
57265,4794139.78334286
57266,4324409.77871905
57267,5328564.7598
57268,5022561.71963333
57269,3356463.80530476
57270,4105954.23276667
57271,3320662.62166349
57272,4390862.64346667
57273,3355202.77524286
57274,3833598.5833
57275,4343484.6139
57276,4155814.28853333
57277,5049200.17463333
57278,4192731.06756667
57279,4178195.0235
57280,4202094.8811
57281,4156699.02474762
57282,4588869.29982857
57283,4713852.85913333
57284,4413262.62353333
57285,4110894.6097
57286,4544158.9541
57287,4175760.36323333
57288,4262717.98554444
57289,5306391.75343334
57290,3697918.90733334
57291,3817783.00262857
57292,5178540.6236
57293,4375552.1416
57294,4041990.58563334
57295,4825548.28646667
57296,4472149.46526667
57297,3841702.20736667
57298,4296463.71133333
57299,4854920.12813333
57300,4236777.5718
57301,4101754.1919
57302,4403179.46313333
57303,4433044.55336191
57304,4128537.13826667
57305,3849902.66937619
57306,4615362.53353333
57307,4493226.49441111
57308,4179664.7622
57309,4455933.13053333
57310,4334429.74059524
57311,2375505.82377619
57312,5183385.52446667
57313,3619133.91456667
57314,4426228.16413333
57315,4756258.2002619
57316,2998823.49393333
57317,3924629.85903333
57318,2871450.99249048
57319,4006701.16153333
57320,3670515.4359
57321,4688097.05103333
57322,3299828.14791111
57323,3307603.3724
57324,4776095.55183333
57325,2901121.64110952
57326,4305681.1742619
57327,5047564.9638
57328,2842086.75488095
57329,4349824.71189524
57330,4149696.01621905
57331,4604891.44724762
57332,4184433.61736667
57333,4440864.79504444
57334,4378975.89053333
57335,4292493.94446667
57336,4340829.39965714
57337,3863363.91797619
57338,4092572.5432
57339,4097322.8227
57340,3962688.37221111
57341,3521977.29476667
57342,4709530.58226666
57343,3963886.69386667
57344,4433380.58041111
57345,4814896.5957
57346,4092560.59636667
57347,4677653.5581
57348,4266167.41107619
57349,4892737.67893333
57350,4652747.21743333
57351,4756586.91319524
57352,3946895.52204286
57353,4555953.97887143
57354,4005862.79326667
57355,4332565.9177619
57356,4225558.47966667
57357,3744942.80096667
57358,4979027.94160476
57359,4184799.84853333
57360,5237493.3994
57361,4468950.96816667
57362,3413288.4183381
57363,4768717.18133333
57364,4226307.7752
57365,4621334.9616
57366,4466144.39183333
57367,3544968.0585
57368,3723916.43039524
57369,4559634.67950476
57370,5492733.59168571
57371,4153877.51236667
57372,4619278.63196666
57373,4221979.19428095
57374,3868892.81703333
57375,3908484.15274762
57376,4485542.51836667
57377,3460856.41559048
57378,4174471.11556667
57379,5197804.69403334
57380,5164868.42963333
57381,3798929.32161111
57382,4076455.10133333
57383,4412300.67773333
57384,4227645.7391
57385,4474341.0802
57386,4107750.86103333
57387,4315075.2917
57388,5434314.2617
57389,3907951.12951111
57390,4197759.9139
57391,5290388.93253333
57392,4326619.93786667
57393,3855483.29681111
57394,4427756.14331905
57395,4861703.7307
57396,4500639.70776666
57397,3937396.4791
57398,4304477.9691
57399,4801554.75993333
57400,3997140.0257
57401,4262962.105
57402,3994828.1181
57403,3360914.97093334
57404,4647578.9319
57405,5290942.57942857
57406,4804699.44889524
57407,5024277.6973
57408,2480732.87586349
57409,4613896.48996667
57410,4195752.89776667
57411,4742301.21396667
57412,3840489.13152857
57413,4863054.01383334
57414,5383747.08838572
57415,4112511.44903333
57416,4261964.41303333
57417,4268781.67986667
57418,5318416.9703
57419,4651740.6886
57420,2946648.0700381
57421,3620563.43488254
57422,5351531.06723333
57423,4816802.98003333
57424,2969243.92943333
57425,4238870.66243333
57426,3828732.48163333
57427,4495788.57963333
57428,4585263.9902
57429,5091028.14783334
57430,4035789.94443333
57431,4410381.41096667
57432,4482808.45286667
57433,4008961.24273334
57434,3817166.16842381
57435,3983899.48248254
57436,4300301.2356
57437,4510717.23086667
57438,4350333.99145238
57439,5633935.47663333
57440,4519800.32675
57441,4955776.0973
57442,4726319.06286667
57443,4326933.0907
57444,4629848.8306
57445,4527906.50267778
57446,4242807.1783
57447,4042849.5225381
57448,4058919.78606667
57449,5609271.5955
57450,4810998.2784
57451,3909980.73436667
57452,4621698.49626666
57453,4108285.76789048
57454,4586412.00106667
57455,4461105.51653333
57456,4452342.34061111
57457,4204834.24223334
57458,4549654.52193333
57459,3550064.90541429
57460,4843151.0363
57461,4671457.6164
57462,5423778.44823333
57463,4261708.33953333
57464,3905419.2229
57465,5103499.46626667
57466,4278087.43163333
57467,4743432.72265238
57468,4379122.74556666
57469,5498267.56088095
57470,2771023.08929048
57471,4472049.38883333
57472,4941423.68693333
57473,4226267.76776667
57474,3550064.90541429
57475,4503699.13511428
57476,4492589.56502381
57477,4752661.68296667
57478,4614447.88416666
57479,4609788.6633
57480,4276904.3058
57481,5509791.0541
57482,5359852.39313333
57483,5107789.08883333
57484,4107129.52293492
57485,4210615.38971111
57486,4774017.8403
57487,3197051.18646667
57488,4368608.8967
57489,4678053.9236619
57490,4017882.90506667
57491,4059121.7295
57492,4150939.04503333
57493,5330731.18836667
57494,4690052.62646191
57495,2536695.54828095
57496,5175943.84043333
57497,4394397.43898095
57498,3725117.43293333
57499,2472154.11327619
57500,3818366.19723333
57501,4379461.3005
57502,4167244.2412
57503,4457297.3448
57504,3829563.7139
57505,4084841.9789
57506,4390429.8429
57507,4854921.62986667
57508,4269963.63916349
57509,5416558.21323333
57510,3396156.71193333
57511,4266527.8352
57512,4253675.77292857
57513,5433905.76806666
57514,4396291.2928
57515,4911848.77003333
57516,3937098.1834
57517,3977771.01606667
57518,4036204.5545381
57519,4844799.56946667
57520,4866071.1977
57521,5220811.22285238
57522,4970061.5486
57523,3820738.1548
57524,4851700.54355238
57525,4956218.39023333
57526,4480967.89676666
57527,4541266.993
57528,4465793.6949
57529,5225854.19443333
57530,3856014.91141111
57531,3140803.38913334
57532,4441272.41543333
57533,4764426.85243333
57534,3711672.84456667
57535,4120215.62934286
57536,4394751.35700952
57537,4389557.57436667
57538,4147977.27093334
57539,4536512.4925
57540,4411874.17126667
57541,5263138.3828
57542,5094267.56836666
57543,4196628.82041111
57544,4313382.69733333
57545,4089613.77854445
57546,3655230.62104444
57547,4884285.34026667
57548,3974212.60187619
57549,4589108.63778572
57550,3892806.0458
57551,4799823.1239
57552,4808737.6356
57553,4724106.48903333
57554,3801318.86950952
57555,3821110.706
57556,4037520.20393333
57557,5181252.05606667
57558,3197860.42680953
57559,3224779.76924286
57560,3963580.2115
57561,4386061.17826667
57562,4012016.72114921
57563,4270206.99917778
57564,4453636.8775
57565,3865804.54976667
57566,3790394.99893334
57567,4126429.95646667
57568,5199678.20243333
57569,4601506.30763333
57570,4571409.8753
57571,4179988.7787
57572,4543771.8189
57573,4252459.2164
57574,4412635.17
57575,4803375.91986667
57576,4998708.38876667
57577,4228530.39803333
57578,4796429.23953334
57579,5602790.935
57580,4438279.43223333
57581,4945707.385
57582,2895315.82386667
57583,4856394.75133334
57584,3850467.56874762
57585,5368652.84956667
57586,4878025.4511
57587,5054189.52
57588,4372505.20293333
57589,4138892.77966667
57590,4926908.22308571
57591,3411717.18173968
57592,3911245.47133334
57593,5264315.31933333
57594,5041036.1409
57595,3316769.44522857
57596,3386368.86614286
57597,4350239.27526667
57598,3997989.81916667
57599,3817515.66096667
57600,2667054.3236
57601,5206616.97296667
57602,4340475.2889
57603,4223677.30817619
57604,5178056.2404
57605,4004471.903
57606,4695347.2623
57607,4543849.35832857
57608,4421485.4107
57609,3893643.99554445
57610,4413890.5215
57611,4734005.81303333
57612,4969681.4624
57613,4860722.24636666
57614,4807021.52816666
57615,3860865.27120952
57616,4126583.34133333
57617,4203041.60586667
57618,3018919.16343333
57619,4888360.10413333
57620,5106850.72356666
57621,4192717.8474
57622,5480989.31526667
57623,5136886.13816667
57624,4544633.25713333
57625,4828535.85786667
57626,3402139.03847778
57627,4538039.7158
57628,4007452.15366667
57629,4212046.75262063
57630,4038810.94403333
57631,3535898.60744445
57632,4209878.14596667
57633,4206486.32143333
57634,5036811.82076667
57635,3469493.44812381
57636,5321160.20376667
57637,4477477.18767778
57638,4288130.99156191
57639,4150400.39133334
57640,4706860.4985
57641,5706301.22481905
57642,4528870.19581111
57643,4168628.277
57644,3382053.4335
57645,2266181.95899048
57646,5079186.10236667
57647,4617713.86303333
57648,5015323.54516667
57649,4135667.4411
57650,3995706.61323492
57651,4785979.90746666
57652,4025282.92072857
57653,4061374.72243334
57654,4371806.36253333
57655,4387174.4396
57656,4360030.90621111
57657,4615972.079
57658,5337803.00303334
57659,5304946.68416667
57660,5383162.7665
57661,4890634.23996666
57662,4239582.87587143
57663,4345234.43721111
57664,4856547.46221905
57665,3854733.5215
57666,4486338.868
57667,4596346.92574286
57668,4284098.3519
57669,4097895.35917143
57670,4003818.2031
57671,4497298.59619048
57672,4160255.17065238
57673,3999011.2392
57674,4097239.25956667
57675,4469377.36803333
57676,4245998.06063333
57677,4799886.2633
57678,4746839.88963333
57679,2603668.94217778
57680,5346351.17833334
57681,3848991.85606667
57682,4272380.22256667
57683,5169977.05073334
57684,3671500.23564445
57685,4483518.5099
57686,4292426.94462857
57687,4690129.0195
57688,4357038.45507143
57689,4786742.43116666
57690,4015301.11857619
57691,4455478.33663333
57692,4140507.28263333
57693,4115844.00043333
57694,4701373.81563333
57695,3869607.52994762
57696,5235944.77916667
57697,5039052.72466667
57698,4719765.71113333
57699,5016426.69566667
57700,4375580.84413334
57701,3896809.42136667
57702,4684088.04366667
57703,3536194.19099524
57704,4008143.3056
57705,3604502.38863334
57706,4427597.78624286
57707,3881896.36103333
57708,4522002.44226667
57709,2599273.14337619
57710,5099425.7994
57711,4331464.85003334
57712,4054086.27071111
57713,5149430.2689
57714,4074523.05034444
57715,2795179.12969683
57716,3989573.4926381
57717,3910181.24997619
57718,5175246.67404444
57719,4528314.22191905
57720,3497144.69002381
57721,5257929.1858
57722,4542786.09643333
57723,3916188.26024286
57724,4068500.20783334
57725,4630201.3650619
57726,4261902.2385
57727,3882215.02383333
57728,4807146.32506667
57729,5906615.01463333
57730,5148143.2913
57731,4718944.692
57732,4356193.22906666
57733,4482915.45786667
57734,3540913.2965619
57735,4019612.12086667
57736,4297536.90634762
57737,5419802.3179
57738,4629185.81646667
57739,3921934.05180476
57740,4120042.24776667
57741,4564447.16066667
57742,4829852.5426
57743,4012324.8639381
57744,6198343.33286667
57745,4984284.35056666
57746,4514293.76026191
57747,4055901.8576
57748,4487982.62123333
57749,3236958.79235715
57750,4510827.86903333
57751,4104230.8837
57752,5018761.43350476
57753,4212271.07083333
57754,4059742.04673334
57755,3671795.56106667
57756,3924353.90157143
57757,4113688.16553333
57758,4943438.21056666
57759,2971833.29022857
57760,4177960.3604
57761,3446979.17196667
57762,3987142.15663333
57763,4092688.2286
57764,4530005.81666666
57765,4234541.75799524
57766,4342567.21113333
57767,4282971.38004444
57768,3818739.09583333
57769,5023804.70916666
57770,4304639.00046667
57771,3396821.49867778
57772,4071401.3023
57773,4602675.57149523
57774,3752140.28287619
57775,4559868.50946667
57776,4535212.1494
57777,4318325.40206667
57778,4854858.83903334
57779,4586890.18956667
57780,3668589.21383334
57781,4561542.03272857
57782,3045614.96600953
57783,3017407.51535714
57784,5107413.15613334
57785,5406801.2634
57786,4026193.42490953
57787,4671745.58646667
57788,4847667.27883334
57789,4864469.06896667
57790,4691781.70219524
57791,4938441.46436667
57792,3900047.23543334
57793,3347899.62450952
57794,2961768.03414286
57795,4626939.42632857
57796,4750577.52961905
57797,4021126.14463334
57798,4216828.331
57799,5180468.99606667
57800,4137768.87496667
57801,3725459.28954444
57802,5078185.6324
57803,4246435.74177778
57804,3336696.96150476
57805,4451241.48103333
57806,4750777.1343
57807,3997003.17586667
57808,4728201.01938333
57809,4536196.06174286
57810,4409848.85193333
57811,4089844.49353333
57812,4975189.04193333
57813,4033060.69633333
57814,4855909.15526666
57815,4670498.66066667
57816,4273087.85093333
57817,3786603.17640477
57818,3929236.42346667
57819,4097222.15663333
57820,3865013.7606
57821,4546652.5754
57822,4521202.18556667
57823,5113132.91046667
57824,3869686.7706
57825,4924074.16504286
57826,5081434.08573334
57827,4591861.63374762
57828,4593017.60871667
57829,3956633.40936667
57830,5117319.4794
57831,5090900.43693333
57832,5556360.47758333
57833,3726830.50662381
57834,3933710.75943333
57835,5060432.50795
57836,4446078.0442
57837,4688449.56518571
57838,3905727.78156666
57839,4160004.79406191
57840,3930522.5796
57841,3993852.95836667
57842,4508455.12516667
57843,4431654.09849524
57844,4845379.50813333
57845,3833031.75606667
57846,3590804.66786667
57847,4627230.96106667
57848,3407223.57617619
57849,4134579.70479524
57850,2902084.48724286
57851,4733822.1798
57852,4254099.0324
57853,4047343.8648
57854,4144270.72136667
57855,4169924.82747143
57856,4318761.44123333
57857,4395984.5873
57858,3729344.5292
57859,4573543.75446667
57860,4704208.72186667
57861,4351145.10833334
57862,4713736.46443334
57863,4665312.6217
57864,3861036.53182381
57865,4778279.72023333
57866,3604325.87506667
57867,3922273.363
57868,3890041.38485238
57869,3457045.19156191
57870,2841797.30010476
57871,4130155.39335238
57872,4026025.77727143
57873,3517877.71553334
57874,4845299.64233333
57875,4493252.44396667
57876,4009041.4144
57877,4504214.66120952
57878,4146879.68673334
57879,5129397.65467143
57880,3725360.06333334
57881,3899924.00641111
57882,4913086.4447
57883,4279562.97141111
57884,3245959.93263333
57885,3631057.94407302
57886,4236300.4177
57887,3040781.9304
57888,4681506.56886666
57889,4378132.28376667
57890,3819206.54397619
57891,4545671.42832857
57892,5023713.4922
57893,3876166.73924762
57894,5194880.891
57895,4760306.93613333
57896,5951069.476
57897,3324144.67521111
57898,3837967.13023016
57899,4269668.35623333
57900,3381144.56422063
57901,5668773.19823334
57902,3356892.33033334
57903,5369557.45776667
57904,4913703.1344619
57905,4831971.09433333
57906,3766266.14583333
57907,4435884.94263333
57908,4305064.17543333
57909,3851125.35301905
57910,4144509.1429
57911,4485985.97104286
57912,4483497.95366667
57913,5248649.51606666
57914,4303356.83266667
57915,4055475.58423333
57916,3964285.20946667
57917,4930674.20883333
57918,4957781.75833333
57919,4334176.74760952
57920,4969453.56696666
57921,3807718.07683334
57922,5222204.98646666
57923,4723932.70832857
57924,3666032.19883333
57925,4844290.22976667
57926,4305528.33533333
57927,4830612.76813333
57928,4466600.29812857
57929,4505948.92713333
57930,3945293.13633333
57931,4141877.4466
57932,3856442.62936667
57933,3328550.94691429
57934,4636772.10116667
57935,5235434.2465
57936,4068787.36841111
57937,4132748.23312857
57938,4948987.46868571
57939,4579798.81283333
57940,2712674.35898095
57941,4966666.4508
57942,4718228.66216667
57943,4347243.4206
57944,3341217.96956667
57945,3865429.48414921
57946,6262814.32336666
57947,4014200.67046667
57948,4353535.4231
57949,3583631.3590381
57950,4633902.87595238
57951,3684161.43386667
57952,4471404.4993
57953,3981144.3144
57954,4329902.03816667
57955,4840585.9726
57956,4941154.537
57957,4769938.71466667
57958,4685494.185
57959,4219446.80076191
57960,4587070.33433333
57961,4666353.57086666
57962,3963114.22616667
57963,4347355.0578
57964,4072346.65569048
57965,4739081.7689
57966,3765980.94743334
57967,4068065.26483334
57968,4922337.15261666
57969,3794649.35512064
57970,4808286.6703
57971,4728477.85806667
57972,4424866.74633333
57973,3799546.03951429
57974,4815798.91236667
57975,3912375.51642857
57976,4516018.5374
57977,4601112.2517
57978,4071860.82639207
57979,5118716.37323333
57980,4442053.4003
57981,5194945.68603334
57982,4279571.26953333
57983,4639918.81536667
57984,5234103.02313334
57985,4481107.80037143
57986,4236268.55125238
57987,4337279.27218095
57988,4242553.04301111
57989,4513854.31991111
57990,4894142.8494
57991,3335293.04206667
57992,4458754.7896
57993,3788123.4054381
57994,4162865.22753333
57995,3737298.83436191
57996,5055453.42046667
57997,4042037.76581429
57998,4038452.36286667
57999,4174763.03356667
58000,4661705.9671
58001,5965714.93606666
58002,4854848.5012
58003,4558665.61623333
58004,4489337.01581905
58005,4766233.4575
58006,4746313.50466667
58007,3525829.03814445
58008,5610910.75583333
58009,4203822.40952857
58010,4679704.1681
58011,4513334.69432857
58012,4796536.24701905
58013,3949055.49631905
58014,4067561.05796667
58015,4822556.62495715
58016,5327110.08526667
58017,4245351.1739
58018,4824175.95503333
58019,3193491.91096191
58020,4551273.2402
58021,5303060.69606667
58022,4077143.85456667
58023,4660567.06971905
58024,4545122.9868
58025,3963128.9168
58026,4436165.49853333
58027,4404687.066
58028,4815547.75681111
58029,4957714.64656667
58030,4096129.8387
58031,4177923.8804
58032,4177379.10229523
58033,3839362.6165
58034,5270666.233
58035,5042782.67946667
58036,4252770.6404
58037,4816755.14266666
58038,4401232.05016667
58039,4282719.4611
58040,4943492.63746191
58041,5451331.03453333
58042,4429920.02
58043,4261249.02501905
58044,4143903.0763
58045,2846261.3958873
58046,4089392.57014445
58047,4325109.73386667
58048,3076430.55164762
58049,3720016.87068572
58050,4441697.7276
58051,3998760.0546
58052,4316172.38756667
58053,4755832.64283333
58054,4885807.7674
58055,4444492.5011
58056,3606913.26952857
58057,3200637.98497778
58058,4611102.25436667
58059,4373165.95683333
58060,4509561.90633333
58061,3947718.30193333
58062,3093711.99332381
58063,4288628.9344
58064,4172087.91788095
58065,4045494.06744445
58066,3359958.8133
58067,2949235.76887778
58068,4503516.48083333
58069,5060433.6112619
58070,3983923.92086667
58071,3896364.99020476
58072,4623949.33976667
58073,4515360.938
58074,3166126.81584445
58075,4018136.09516667
58076,3726379.66003333
58077,3792041.10833333
58078,4657792.45769524
58079,4303420.23373333
58080,4116753.17766667
58081,4708370.64254286
58082,4558612.87673334
58083,4979902.8686619
58084,4491152.6734
58085,5548783.5261
58086,5258742.24193333
58087,5051023.95136667
58088,3667324.79467778
58089,5377063.03096667
58090,3945196.75643333
58091,3692390.54543333
58092,4690779.35996667
58093,4209316.82576191
58094,4412548.02756667
58095,4090049.257
58096,4379102.5999
58097,5304682.37825714
58098,3962267.30916191
58099,3307370.06071905
58100,4406723.13616666
58101,4740812.4654
58102,2714857.01151429
58103,4477534.4429
58104,5056592.0166
58105,4344292.26703333
58106,3846487.7911
58107,5038811.0802
58108,3787744.4681
58109,3425961.31202381
58110,4635407.30683333
58111,4175605.20593333
58112,4180008.195
58113,4823233.3726
58114,4266540.77573333
58115,4493571.18303333
58116,5857926.37413333
58117,4703854.41103334
58118,4467654.92051111
58119,3347970.93484762
58120,5052611.41
58121,3392369.36346667
58122,4583072.94528571
58123,4388744.2105
58124,3279841.03554762
58125,4550781.29836666
58126,4693390.5656
58127,4525934.67855238
58128,4849907.85153333
58129,3177887.02513333
58130,5394994.19313333
58131,3723949.43582857
58132,3548278.89176826
58133,3964061.99663333
58134,4506189.62025714
58135,3893256.0436
58136,4904599.51086667
58137,4021771.71696667
58138,3990075.7461
58139,4347559.9868
58140,4265692.99330476
58141,4377430.47286667
58142,4855858.54635238
58143,4472306.84616667
58144,4574764.2589
58145,3939587.49903333
58146,5036711.64806667
58147,4957479.053
58148,4148072.84793333
58149,4741825.71223333
58150,4697461.47276666
58151,5022207.4623
58152,4771201.40173333
58153,4034723.06359524
58154,4563682.52036667
58155,3723628.45650953
58156,3431205.58673334
58157,5723673.66766667
58158,4309620.13106667
58159,5047591.73386666
58160,5047654.2689
58161,3762059.27191111
58162,4864630.34133333
58163,3764298.90916667
58164,4364925.10703333
58165,5310094.14766666
58166,4402479.00983333
58167,3975132.18326667
58168,3382525.88297143
58169,4512705.35356666
58170,3238277.70847302
58171,4542313.21813334
58172,4075316.39133334
58173,4416138.5977
58174,4162319.0793
58175,3867953.13056667
58176,5048316.86216667
58177,4164359.76330635
58178,4927112.27988571
58179,4917230.06077619
58180,4833224.4266619
58181,2958196.54403333
58182,4396124.04
58183,4793723.8831
58184,4208897.55272857
58185,4765025.1631
58186,3787677.6115
58187,3986206.7116
58188,4777067.03211111
58189,4449297.75491111
58190,4468566.97363333
58191,5602669.36483333
58192,3436312.33032064
58193,4364377.6192
58194,4229989.6142
58195,5098011.09226666
58196,5406059.7203
58197,4226303.40150635
58198,4373805.51173333
58199,4063963.3845
58200,4091116.97656667
58201,4665620.69566667
58202,4314934.71503333
58203,4542363.70487619
58204,4347163.09841905
58205,4248628.3113
58206,4407900.40996667
58207,5046074.47945238
58208,3962100.60103333
58209,4947547.94783333
58210,4479064.9304
58211,3956111.6221
58212,5342187.54926667
58213,4697395.10103333
58214,4116212.59624921
58215,4191872.34321111
58216,4603443.96893333
58217,3912445.51784445
58218,3662096.15246667
58219,5489615.39133333
58220,4437758.35163334
58221,4367008.8039254
58222,3996357.54531111
58223,3381306.92157778
58224,5151641.87903333
58225,4853990.31003333
58226,5369691.65586667
58227,5739981.40446667
58228,4580881.79533333
58229,4435171.53886191
58230,3159454.05686667
58231,4383402.543
58232,3998085.93663333
58233,3731573.98160953
58234,4403375.68603333
58235,4533543.19393333
58236,4596861.97573809
58237,5323298.13901905
58238,4866485.64177619
58239,4677885.8869
58240,4314654.49956667
58241,6075324.2455
58242,5791826.37893333
58243,4036863.18806667
58244,3842652.31340635
58245,4599610.2276
58246,5039392.28206667
58247,4675746.05843333
58248,4312713.93436666
58249,3629891.10353333
58250,4954521.98696667
58251,4570845.30216667
58252,3967114.6576
58253,2687418.17783016
58254,4626083.39423333
58255,4352607.40473333
58256,3141755.6262
58257,3465330.72981111
58258,3682764.29422857
58259,4719697.08333333
58260,3625351.86806667
58261,5011537.12526667
58262,4601246.5969
58263,4993299.7111
58264,3932702.81256191
58265,4472590.96515397
58266,4075893.34901905
58267,4069408.7313
58268,3452474.25233333
58269,3723523.96136349
58270,3911528.50759048
58271,5450746.44046667
58272,3963114.22616667
58273,4012005.24633333
58274,5833837.18143333
58275,4303994.92476667
58276,4764249.3559
58277,3600059.1082
58278,4259687.9998
58279,4611984.20976667
58280,4376913.3938
58281,3765904.60836667
58282,4134344.19034286
58283,4569436.07936667
58284,3321577.56113333
58285,4499325.23616666
58286,4880107.04276667
58287,4878933.98403333
58288,3820221.54698254
58289,2503548.27060952
58290,4263676.39186666
58291,4512077.91656667
58292,4591155.8296
58293,3630495.59100953
58294,4363575.36566667
58295,3793340.26917778
58296,4776600.08083333
58297,3589199.10602857
58298,5017800.1814
58299,4271767.02876667
58300,4644706.56556191
58301,4298463.13496667
58302,3788666.62171905
58303,3787270.82020952
58304,4315517.1322
58305,3523047.26135397
58306,2954543.26497619
58307,4940226.4912
58308,4428497.1212
58309,4744715.49536667
58310,4528354.8839
58311,5076422.31963333
58312,3998019.3137
58313,3140764.0703619
58314,5853157.96353334
58315,3828868.19811111
58316,4821762.0205
58317,5489511.93821111
58318,3787361.51673333
58319,4503036.12411111
58320,5159618.1795
58321,4935346.46943333
58322,4244172.56936667
58323,5446649.52835238
58324,5391696.03653333
58325,3054014.08367143
58326,3956506.92156667
58327,4674073.25863333
58328,4298026.14916667
58329,3328089.57873333
58330,3961620.17277619
58331,4512947.84806667
58332,3550873.69710476
58333,4823220.87985714
58334,4725960.75943333
58335,5294520.12993333
58336,4140828.5152
58337,4772348.75323333
58338,4796967.28883333
58339,4311283.98833334
58340,4487410.11943333
58341,3295516.83847778
58342,3817749.55726666
58343,4331542.46856667
58344,4759084.9459
58345,3670183.319
58346,4494905.34864444
58347,5234367.68183334
58348,3350936.13940476
58349,4768574.03387778
58350,4525663.5297
58351,3746335.74373333
58352,5169416.83103333
58353,5048557.98583334
58354,4037936.67413333
58355,5252927.8428619
58356,4177550.99176667
58357,3891608.95193334
58358,4262537.8403
58359,4261747.7436
58360,3778742.03666666
58361,3981769.549
58362,4114937.15626667
58363,4529484.76431111
58364,4950366.2428
58365,4130065.41146667
58366,4053878.70896667
58367,4226724.28017143
58368,4405796.22438571
58369,4204869.27164285
58370,3583681.28076349
58371,4197916.94216667
58372,4888166.52116667
58373,4147749.41343333
58374,3432329.29113333
58375,4361912.00016667
58376,4209046.89343333
58377,3891363.80663333
58378,4581956.90615714
58379,4613389.42929524
58380,2964018.49691111
58381,4327995.76183333
58382,3787677.6115
58383,4010771.9693
58384,4412243.0325
58385,3640381.2378381
58386,4759041.41506667
58387,3232374.6426
58388,5071770.91996667
58389,4590547.859
58390,4784505.687
58391,4994040.11566666
58392,4067973.17302857
58393,3326225.4081381
58394,3639811.24397619
58395,4248970.77093333
58396,5123542.88303333
58397,4167418.4123
58398,4066526.67456667
58399,4105656.2799
58400,4314383.83820476
58401,4156577.03016667
58402,4329076.45277778
58403,3308875.48736667
58404,3572851.65515715
58405,3193312.19807778
58406,4455308.6931
58407,4034275.07046667
58408,5817721.88466666
58409,3581397.33085238
58410,2960874.90976667
58411,4772817.28296666
58412,4524107.14393333
58413,3735969.67549048
58414,4418767.7296
58415,3790588.69464286
58416,4615557.03107778
58417,4756199.12419524
58418,4450851.61779445
58419,3761990.51478254
58420,3844623.90083333
58421,4290365.57946667
58422,4865242.25986666
58423,3878523.20484762
58424,4117592.94961111
58425,4215141.57304444
58426,4210378.36633333
58427,4399095.2925
58428,3792072.29336667
58429,3950733.6010381
58430,4221862.65676667
58431,4687387.84306667
58432,4311148.8135
58433,2611659.48620952
58434,4714967.118
58435,4721808.8209
58436,4603090.16442381
58437,4438939.63436667
58438,4220871.9099
58439,3984178.3046
58440,4318348.2675
58441,4456016.6317
58442,3568709.15138096
58443,4397817.2768
58444,4412475.59086667
58445,4182651.85843334
58446,3163476.56461111
58447,4919326.68876667
58448,5030644.06203333
58449,4045217.6149
58450,4278210.8163
58451,4081594.5284619
58452,4554673.10053968
58453,4350095.48695238
58454,4376749.32342857
58455,3899975.5462
58456,4666167.63816667
58457,4360456.6262619
58458,3942134.13723334
58459,4261413.76956826
58460,3807381.83280159
58461,4857488.36643809
58462,4537263.5639
58463,4474037.16889524
58464,3914022.92119524
58465,4184636.71906667
58466,4035084.5503381
58467,3964836.69817619
58468,4031242.06543333
58469,5019401.9106
58470,4839869.20353333
58471,4539861.99126667
58472,3851862.20341111
58473,3781529.12557778
58474,4160356.69835238
58475,4138584.3591
58476,5028720.74196667
58477,4677384.71156667
58478,4697585.53732619
58479,5807915.6006
58480,4552531.7347
58481,4171335.02384444
58482,4173241.03203333
58483,4675863.8628
58484,3728853.66843333
58485,4272344.55398333
58486,5469424.88836667
58487,4528151.2224
58488,4494855.555
58489,4565432.00046667
58490,3743220.5055
58491,4626265.37452857
58492,5240375.63756667
58493,4049523.46160952
58494,4167016.47946667
58495,4311777.06503016
58496,4845369.2363
58497,4181035.62988571
58498,4650178.53456667
58499,3632704.68213968
58500,4739796.7122
58501,4260270.6136
58502,4575413.4239
58503,4615295.18083333
58504,4578196.84140952
58505,4655008.67373333
58506,4187726.30296667
58507,3818733.27801905
58508,4780460.58166667
58509,3368292.6657
58510,3571888.02201111
58511,4703954.52156666
58512,4008181.20236667
58513,4855513.99963334
58514,3941261.0554
58515,4466425.64418333
58516,4746174.22183334
58517,4613012.72076667
58518,3624062.37706667
58519,5162370.6783619
58520,5014135.50563334
58521,3928531.52276667
58522,5515156.79563334
58523,4289178.31066667
58524,4900274.35563333
58525,4528299.46993333
58526,4844797.27346666
58527,4085733.33635238
58528,3920833.8437
58529,4214072.05141111
58530,4869498.82076666
58531,3881091.00376667
58532,3215146.00415397
58533,3554613.90287619
58534,4251975.9641
58535,4890160.26513334
58536,4440455.99363333
58537,4822708.9127381
58538,4917649.35543333
58539,3860406.8758
58540,3897149.79135238
58541,6412837.7838
58542,5096119.83839524
58543,4310604.84786667
58544,4127811.33275238
58545,4802379.68403333
58546,2930441.59032381
58547,4611408.49576667
58548,3522218.78136191
58549,5408356.7572
58550,3823101.5780619
58551,4887538.6981
58552,4494871.71793333
58553,3915675.64894445
58554,4048402.8319
58555,2659127.71680952
58556,3644636.9423873
58557,4490829.7027
58558,4426701.96803333
58559,5002089.18777619
58560,4469413.28123333
58561,4269144.42191111
58562,5325006.16753334
58563,4220785.62837778
58564,4100224.72189524
58565,4122518.76667619
58566,4154236.8267
58567,3814210.399
58568,3437985.34166667
58569,3071168.61730159
58570,4414863.98020952
58571,4555891.49253333
58572,4069638.21549048
58573,3818497.09156667
58574,5695123.48933333
58575,5157829.7587
58576,4844546.84173333
58577,4538804.91806667
58578,3708288.34562857
58579,3185596.25736667
58580,4639873.71736667
58581,4995200.25563333
58582,3519644.43299048
58583,4726854.4147
58584,5736557.38956666
58585,3976920.37326667
58586,4214312.40876667
58587,4939884.02073333
58588,4906615.9186
58589,4430735.17073333
58590,4152436.85036667
58591,4446142.90936667
58592,4291421.24123333
58593,5273632.90024444
58594,3611510.6925
58595,4528129.66406667
58596,5573956.78753333
58597,4144573.35724921
58598,3422717.75196667
58599,3851960.981
58600,4528837.98256667
58601,3419518.73927143
58602,3378172.02276667
58603,4976296.2869
58604,3313807.79680477
58605,4694061.50873333
58606,4248054.56393334
58607,3924588.29559524
58608,4333868.6626
58609,5067716.15713334
58610,3785444.13939524
58611,4174400.91036191
58612,3854349.06093333
58613,3657761.11999048
58614,4543886.95503333
58615,4512182.84814444
58616,4197329.14723333
58617,4954919.71
58618,4292955.13253333
58619,4022717.3689
58620,3332666.59842381
58621,3790239.1395
58622,3084242.82162857
58623,4923155.98096666
58624,3558661.75126349
58625,4787627.983
58626,4086792.50733333
58627,3837883.30497619
58628,5344671.8255
58629,3388291.12431429
58630,5695062.55103334
58631,4782998.87633333
58632,5383912.67466667
58633,4865921.7193
58634,3881750.53063333
58635,4386220.13853334
58636,4193913.79367778
58637,5244528.35856667
58638,4771346.62073333
58639,4463232.8165
58640,4245411.51914444
58641,4546610.01133333
58642,5005281.23666667
58643,4832193.56215238
58644,4967655.7094
58645,4324067.24934444
58646,4584889.55573333
58647,3801343.04854444
58648,4374599.53609524
58649,4619253.2354
58650,5078161.68731904
58651,4423089.83303333
58652,4612443.6921
58653,4433036.17781111
58654,5172280.77043333
58655,4321478.58324444
58656,4554970.8155
58657,4264997.91503334
58658,5510451.8579
58659,3816065.8762
58660,4335928.00406667
58661,4423647.10636191
58662,4717044.36943333
58663,4297867.0948
58664,5078696.44003333
58665,4585502.34023333
58666,4968474.3233
58667,4211803.43046667
58668,4303766.03435
58669,5239644.11813333
58670,4794140.8303
58671,4247525.60981429
58672,4266141.41586191
58673,4092039.70033333
58674,4563534.08739524
58675,4000488.60843809
58676,4351917.68843334
58677,4125608.04434286
58678,3899135.8311
58679,4075138.73294762
58680,4597072.32356666
58681,4481711.13206667
58682,5591146.05386666
58683,4680490.0696619
58684,2559550.28424286
58685,4366831.93823333
58686,4629244.13691429
58687,4545033.44813333
58688,5212707.79901111
58689,5250498.8919
58690,4667885.22903333
58691,4179610.39984444
58692,3997881.23543333
58693,4376867.68074762
58694,4442336.06766666
58695,3269596.9934
58696,4794232.52876666
58697,4838441.5819
58698,4092768.21826667
58699,3699608.27006667
58700,4271201.66472857
58701,3955397.34824445
58702,5162421.69783333
58703,4230130.66483334
58704,3932566.29494286
58705,4603693.00230953
58706,4516884.33296666
58707,4532834.0971
58708,4379558.09126667
58709,4202922.7647
58710,3664938.32654286
58711,4755179.73586667
58712,4304047.31561111
58713,4164574.97133334
58714,3837928.9864
58715,4558387.7339
58716,4702218.25413333
58717,4315023.1013
58718,4899877.22410952
58719,4176862.0451
58720,4737990.1682
58721,4603536.07267778
58722,3909716.97013333
58723,4630295.9324
58724,4845254.94636667
58725,4987588.46423333
58726,3457092.28397143
58727,4563043.96093333
58728,3599235.7583
58729,3920785.85846667
58730,3795317.736
58731,4606297.8195
58732,4880678.30994762
58733,5055960.17441904
58734,4866663.15103333
58735,5013283.54823333
58736,4639709.42552857
58737,2408679.96110952
58738,4290735.70949048
58739,4158388.08593333
58740,3840079.2136
58741,4469778.82829524
58742,4946021.2324
58743,4098448.60313333
58744,4009576.88173333
58745,3599423.30103333
58746,3350685.25126667
58747,3386231.79170953
58748,5031293.17959524
58749,4187947.89032857
58750,3091305.20476667
58751,4024221.6127
58752,4314168.65646667
58753,4844547.89833333
58754,4534171.51163333
58755,3942228.43163333
58756,4586921.45443333
58757,4399362.90426667
58758,4502689.09743333
58759,4226362.20273333
58760,5012510.09441905
58761,4370106.52836666
58762,4304769.45844444
58763,5162843.45773333
58764,3870620.79820952
58765,3846841.9597
58766,4317882.6258
58767,4207069.9777
58768,4478965.08453333
58769,3805979.62199524
58770,4894835.47556666
58771,4196063.74356667
58772,4318750.92106667
58773,4639811.85886667
58774,4816759.37286667
58775,3967217.2369
58776,4939442.31281111
58777,3831865.70453334
58778,4280458.38296667
58779,3139216.80523334
58780,4182778.22562381
58781,5141362.72776667
58782,4524782.1742
58783,4341440.39723333
58784,5037881.12396667
58785,4241753.7229
58786,4181504.64686667
58787,4819523.78803333
58788,3295164.90353333
58789,4095155.28153334
58790,4536446.6561
58791,4073962.96001111
58792,3812838.24608095
58793,4013502.88101111
58794,4147706.13866667
58795,5164795.77643333
58796,4116396.38754921
58797,3477529.46203334
58798,4336320.829
58799,3676284.56440952
58800,4670455.23906667
58801,4414975.32583333
58802,4739267.10173333
58803,4994847.15453333
58804,4365385.19143333
58805,4606589.84763333
58806,4766174.87069524
58807,4540076.22053333
58808,3745648.10239524
58809,3880167.91622857
58810,4509975.94308095
58811,4276252.68272857
58812,4815113.03613333
58813,4504132.55346191
58814,4121492.06679524
58815,2599301.17194286
58816,4802563.35033333
58817,5097919.30226666
58818,3937384.63217143
58819,4858469.44582857
58820,4411996.79066666
58821,3818700.4786
58822,5045696.17529682
58823,4498216.36273333
58824,4426516.25426666
58825,4566016.65882381
58826,3742686.43321111
58827,5013819.13343333
58828,5456739.1124
58829,5000875.05456667
58830,4988206.41523333
58831,4670851.41324444
58832,4666392.62516666
58833,4038074.4116
58834,3945519.91014444
58835,4571459.61963333
58836,5764330.7852
58837,4281088.34646666
58838,4947814.62538095
58839,4265671.3366
58840,3199606.4972
58841,4448524.9769
58842,3814688.56258571
58843,4239051.40887619
58844,4086212.25582857
58845,4789037.96576667
58846,4061586.05783333
58847,4485396.5222
58848,4357938.2611381
58849,4431568.96663333
58850,4477829.22256667
58851,4613900.15610952
58852,4301632.7316
58853,4060324.81044762
58854,3713844.58139524
58855,3870696.35434286
58856,4140475.85916667
58857,3926223.97829048
58858,4222485.48185714
58859,4805594.2271
58860,2754898.06454762
58861,4251660.97773333
58862,4496462.27433333
58863,4002258.98967619
58864,3933608.24783333
58865,4554139.51453334
58866,4158954.66093333
58867,4613335.14523333
58868,4019787.68913333
58869,4587658.92333333
58870,5260169.73353334
58871,4184352.12296191
58872,4103803.4708
58873,4272090.29003016
58874,4316804.74336667
58875,4033537.98797778
58876,4261599.34003333
58877,3730949.80920476
58878,4638708.13545238
58879,4442695.79743334
58880,4294158.079
58881,4861864.78296667
58882,4525168.76582857
58883,5329471.11003333
58884,5130199.64153333
58885,4107997.90693334
58886,4597889.94243333
58887,5105546.88546667
58888,3983079.41123334
58889,4772702.5312
58890,4035327.8415
58891,4593341.94213333
58892,3752691.75496667
58893,3208968.63706191
58894,4029854.51726667
58895,4021110.60556667
58896,4128838.96536667
58897,4222891.33276667
58898,4236693.72135714
58899,3946463.97304286
58900,4865719.8099619
58901,4736765.9987
58902,4213476.2018
58903,4559306.3209
58904,4719361.69836667
58905,4291973.48063334
58906,4735006.81939048
58907,3503159.08045714
58908,4161643.23306667
58909,4675168.06923333
58910,5058681.55686667
58911,4940108.96346666
58912,3584390.40776667
58913,4448349.23651587
58914,4244760.57241111
58915,4062669.64333334
58916,5323439.24753333
58917,5033377.29243333
58918,2613199.03763333
58919,3685308.4789
58920,4542201.7478
58921,3749786.75086667
58922,3827216.96500953
58923,4646879.0693
58924,4541613.13943334
58925,4296059.90002381
58926,4733565.76043333
58927,4984340.3504
58928,4895941.14183333
58929,3928040.63486825
58930,4786729.48106666
58931,4589190.5667
58932,4149343.92104444
58933,4165236.60016667
58934,3530431.95377778
58935,4468087.2469
58936,3956947.13113334
58937,4002045.78876667
58938,4397024.1097
58939,4410306.5024
58940,4233183.17793333
58941,4171776.80616667
58942,3920458.44171111
58943,5008449.9634
58944,4438548.6474
58945,3350936.13940476
58946,5078407.62079999
58947,5344615.34976667
58948,3936577.7792
58949,3622300.78826667
58950,4615949.9661
58951,4950731.85411667
58952,4609491.6986
58953,4753856.61249524
58954,4095684.3892381
58955,4312077.33676667
58956,4216983.01013334
58957,3839524.69247619
58958,4487878.67126667
58959,4071021.65026667
58960,4406007.49356667
58961,3194397.40984762
58962,4162821.21303333
58963,4651984.59419524
58964,4643690.16497619
58965,4591943.70923334
58966,2427628.01887143
58967,4814656.35656667
58968,4840520.34453333
58969,5267820.8035
58970,3786794.4073
58971,3526609.2982254
58972,4987347.19643333
58973,5213874.84416667
58974,4912822.8808
58975,4022592.55091111
58976,3980361.98094286
58977,4077182.88087778
58978,4479878.76213333
58979,5361733.39913334
58980,4267446.71296667
58981,4295878.3095
58982,4438178.5503
58983,4658182.69163333
58984,4161933.83923334
58985,3944716.44713334
58986,4303804.92967143
58987,4885878.29486667
58988,4274065.34706666
58989,5057911.43413333
58990,4707811.02713333
58991,5122454.37846667
58992,2490485.06644762
58993,3866855.75366667
58994,4909924.4287
58995,4687850.21153333
58996,3638144.30059524
58997,4347774.1476
58998,3731751.03879524
58999,4660677.435
59000,4697636.6538
59001,3563327.9588
59002,4132124.45296667
59003,4260395.34186667
59004,4155734.6136
59005,4649995.1718
59006,4763820.7221
59007,4042467.6886
59008,3632806.32637619
59009,3668123.308
59010,4980512.13676349
59011,3985792.05870952
59012,2733032.13524286
59013,4300688.5926
59014,4376294.95126667
59015,4424166.19963334
59016,3544151.34752063
59017,4554790.90816667
59018,3382269.54500952
59019,4353928.31953333
59020,5135867.14106667
59021,4797563.77818571
59022,5051129.74433333
59023,4883176.184
59024,4425008.62513333
59025,3493194.30163333
59026,3483292.1964873
59027,4917211.97123333
59028,5759718.1827
59029,5266055.5135
59030,3885811.1608619
59031,4307753.81674444
59032,4122917.8283
59033,3927361.97896667
59034,3935482.7111
59035,4450345.62793333
59036,3455317.50414286
59037,4203939.5911
59038,4580523.84593333
59039,5102846.88676191
59040,4690583.7642
59041,3933360.67066667
59042,4174289.88101905
59043,4640695.19813333
59044,4338343.5255
59045,3871263.76637143
59046,4488843.09089524
59047,4614089.47900952
59048,4096007.08594445
59049,4966650.9079
59050,5133962.04026667
59051,4010154.48496667
59052,3809710.25220952
59053,4304679.6312
59054,4231566.23137143
59055,4802121.25363333
59056,2677972.13804286
59057,4564244.96296191
59058,3797553.85753333
59059,3820277.47494445
59060,3846517.87586667
59061,3823105.63582381
59062,3713064.77537302
59063,4685573.10458333
59064,4567542.55413333
59065,5704774.47345238
59066,4243613.37306667
59067,3726687.28498254
59068,4115687.01493333
59069,4282569.06766191
59070,4462624.49888572
59071,4551603.3228
59072,4798724.17813333
59073,4335768.78496667
59074,4219336.36083016
59075,4778533.41513333
59076,4500287.39213333
59077,4140271.99556667
59078,4050409.09243333
59079,3444510.91626667
59080,4285187.7527
59081,2683991.37559206
59082,4493959.99043333
59083,4912819.70133333
59084,4892532.24145238
59085,4993126.68503333
59086,4632382.08226667
59087,4334707.13483334
59088,4197534.97696667
59089,5233927.54206667
59090,4247718.6163
59091,5200471.18598571
59092,4818984.93263333
59093,4377240.24436667
59094,4444388.43656667
59095,4758720.6815619
59096,4209466.14576667
59097,4355053.87086667
59098,4905752.74643333
59099,4181902.49424762
59100,4909396.11356667
59101,4476326.3268
59102,5340302.88346667
59103,4683581.28783333
59104,3963626.94173333
59105,4476366.25366667
59106,4560983.82133333
59107,4682572.947
59108,4179946.18776667
59109,4509412.40616667
59110,4666513.6625619
59111,5104229.99746667
59112,4117721.48039048
59113,5422785.18053333
59114,4250859.8737
59115,4969452.5736
59116,4614831.85233333
59117,4290085.8799
59118,4617564.3405
59119,4130047.22683334
59120,4500314.3126
59121,3466452.14694445
59122,4661958.60997778
59123,4064633.49643333
59124,2646624.83623333
59125,3778056.1839
59126,4053847.8144
59127,3346027.37830635
59128,4047034.92306667
59129,3668535.3388
59130,4892117.99927778
59131,4266111.65416667
59132,4358522.97853333
59133,4726664.03003333
59134,4726414.21773333
59135,5039282.04826667
59136,3503992.7026
59137,3712677.0733
59138,4821452.81016667
59139,4449135.03714444
59140,4223107.547
59141,4223654.56446667
59142,4354796.1006
59143,4815704.66603333
59144,3809393.4239
59145,3869607.52994762
59146,4975883.7863
59147,4303019.79843333
59148,3901664.9453
59149,4516249.14913333
59150,4633137.97782857
59151,4363813.003
59152,5147511.7511
59153,5192022.48226666
59154,5377763.42301905
59155,4680530.3024
59156,4663746.58505714
59157,3534675.65306667
59158,4158786.45083333
59159,4251078.25893333
59160,4145778.13471587
59161,4175238.2173
59162,4566438.53393333
59163,4662733.60866667
59164,3871636.84128095
59165,4319624.37553333
59166,4832168.16599524
59167,3812359.17603333
59168,4712358.49783333
59169,4046914.93696667
59170,3566706.1043
59171,4840647.18276667
59172,4432544.7498
59173,3605037.24156667
59174,4169359.04313333
59175,3864154.8164
59176,4621598.74077777
59177,3417937.1434
59178,3957899.7169
59179,5094788.1861
59180,3098757.02134444
59181,4307879.0738873
59182,4035938.13536667
59183,4695397.63373333
59184,3869031.84017778
59185,2580270.21240952
59186,3314719.49693333
59187,3793865.90066667
59188,3496533.01570476
59189,3876069.51530476
59190,4403943.61956667
59191,4396974.6632
59192,4061754.138
59193,3618824.11536191
59194,4063646.82521111
59195,4673872.13463333
59196,4509415.9638
59197,3857015.77456667
59198,2351821.31620952
59199,4139217.95170953
59200,4863916.87113333
59201,4035887.02626667
59202,4379763.59963333
59203,4918884.33953333
59204,2784870.76817619
59205,4773379.64243333
59206,5119772.2152
59207,3797879.90156667
59208,4196272.0008
59209,4770565.3498619
59210,5381118.20706667
59211,4921458.7325
59212,4240785.34557778
59213,4992267.89453333
59214,4835806.47306667
59215,4452678.89585238
59216,4501361.02044286
59217,3580797.33433334
59218,3545986.77563333
59219,4150735.98502857
59220,4415487.38826667
59221,3145495.76657143
59222,4106941.10766667
59223,5495850.78226667
59224,4222152.8459
59225,5325131.9737
59226,4668098.42286667
59227,4510377.56973333
59228,4618407.37963333
59229,4269907.04463334
59230,3758221.92251905
59231,4407938.72323333
59232,4496954.63206667
59233,4234746.80973333
59234,4480560.1893
59235,4250802.5684
59236,3903992.76556667
59237,3617772.96420952
59238,4844642.3188
59239,4246105.82260476
59240,3245615.18890476
59241,4804590.48123333
59242,4465724.14576667
59243,3938704.79546667
59244,5381577.58186667
59245,3169458.59393333
59246,3926191.71513333
59247,4093736.75566667
59248,4036204.5545381
59249,4782651.85253333
59250,4312055.87997143
59251,4011434.69656667
59252,5424183.27456667
59253,4670779.0815
59254,4538645.3457
59255,4346093.96239524
59256,5037816.82033333
59257,4125799.41395397
59258,4964095.766
59259,4329061.9056
59260,3867719.22647619
59261,3573282.54231111
59262,4198407.02586667
59263,3862697.06603333
59264,4610738.0898
59265,3799425.75213333
59266,3017407.51535714
59267,3940866.00276667
59268,4638969.03433333
59269,3604906.0439
59270,4391416.84189524
59271,4251180.54453333
59272,4696024.32416666
59273,4591285.01266666
59274,4036459.49127778
59275,4129289.47043334
59276,4619251.14576666
59277,3187693.96595873
59278,4625983.28613333
59279,4147954.19962381
59280,2946461.88242857
59281,3700984.4041
59282,4687918.04893333
59283,3726125.8261
59284,3951380.13290952
59285,3982917.21476667
59286,3865056.76270952
59287,2583826.92599683
59288,3693150.69138095
59289,4456921.6762619
59290,4721916.85156667
59291,4579510.39783333
59292,4233894.95536667
59293,4448949.75484444
59294,4338207.37643333
59295,5121706.17188571
59296,2946484.66091429
59297,4421966.8226
59298,4086588.07936667
59299,3350610.40129047
59300,4625956.61697619
59301,3570934.41225397
59302,4111066.0565
59303,3707276.45933334
59304,4036637.5784
59305,4726551.97261905
59306,4749274.16121905
59307,4287118.64501429
59308,4562174.72281111
59309,3958990.3951
59310,4260504.4079
59311,4189995.79743334
59312,4460408.02723333
59313,4376035.63056667
59314,4535550.7602619
59315,5183484.04663333
59316,5493574.96036667
59317,4402444.04647778
59318,4213995.0576
59319,3936394.1779619
59320,4649802.41352857
59321,4085168.16306667
59322,5546660.93973333
59323,4620543.01104444
59324,4055135.74565238
59325,4288946.77953333
59326,4584508.89339524
59327,3995555.94653334
59328,3318635.02122857
59329,4313288.62073333
59330,4349561.92356666
59331,5197287.52506667
59332,5130891.61593334
59333,3910700.30366667
59334,3337400.36690635
59335,4596101.3372
59336,4032218.48556667
59337,3898594.26137302
59338,4001978.20063333
59339,4676163.5449619
59340,4392678.77773333
59341,3847568.10116667
59342,4541465.4613
59343,4086323.41071111
59344,4471147.39066667
59345,4407552.46330952
59346,5532500.2246
59347,3555555.07068254
59348,4608017.42936667
59349,3899434.8734381
59350,3357413.94436667
59351,3719288.74720952
59352,4143315.35943333
59353,5254871.99176667
59354,4220634.31944286
59355,4998766.1162
59356,3503223.73410953
59357,4421200.55199683
59358,3854718.21476667
59359,4489828.95513333
59360,4614143.45973809
59361,4375000.7852
59362,5024042.86158095
59363,4602630.7009
59364,5247756.86555238
59365,3986731.18183333
59366,3375459.27434286
59367,2991571.06411429
59368,5039326.72302857
59369,4523545.97036667
59370,3808464.26628095
59371,4447092.87836667
59372,4844051.39906666
59373,4190917.08416191
59374,4925744.0208
59375,4305866.6035
59376,3511463.23753334
59377,4462966.44733809
59378,4507981.40666667
59379,4633368.96436667
59380,4226388.02873334
59381,3453947.15486667
59382,4350531.1784
59383,4476348.5919
59384,4719075.24243333
59385,4845332.3773
59386,3864702.55993333
59387,4402312.43426667
59388,4382644.24901111
59389,4793037.67156667
59390,3873783.29166667
59391,4280486.40676667
59392,4412664.05236667
59393,4328217.02716667
59394,4626575.3079
59395,4554520.75816666
59396,3322606.59126667
59397,4628977.87733333
59398,4457448.84216667
59399,4451613.2602
59400,3390848.52958095
59401,4237819.82349048
59402,4094071.8034
59403,3289173.32196667
59404,4687015.61363333
59405,4710064.79556191
59406,4152835.54943333
59407,4333982.8684619
59408,3249868.92552857
59409,4207098.39156666
59410,4105983.60396667
59411,3643631.29803333
59412,4202647.7976
59413,4801173.23561428
59414,4854628.63686667
59415,4299045.7816
59416,3965177.58025
59417,5021898.0544
59418,3739313.86747143
59419,4333417.96661111
59420,4501462.0554
59421,4205729.9211
59422,3988990.34024286
59423,3668563.22184444
59424,3968891.0474
59425,4901034.2
59426,5029002.93136667
59427,4270575.43333334
59428,3322055.131
59429,4016132.75151111
59430,3768676.41805714
59431,4038232.32622857
59432,3619967.85904921
59433,4799567.21046666
59434,3835292.28122857
59435,5318384.72226667
59436,4383980.77203333
59437,4966954.30394444
59438,4955263.91943333
59439,4470899.35471111
59440,3908608.03076667
59441,4193971.76265714
59442,3699143.08816667
59443,4308276.402
59444,4841161.76553333
59445,4641944.91576666
59446,4474640.3975
59447,4502945.41396667
59448,3981946.69152857
59449,3697359.11197301
59450,4289442.32836667
59451,4551935.15616667
59452,3955110.88633334
59453,3401445.19259048
59454,4927376.72326667
59455,4654757.16466667
59456,4847201.09966667
59457,5046762.07056667
59458,4399395.79164445
59459,3525776.93487143
59460,4572116.84626666
59461,4708929.04353333
59462,4266326.91316667
59463,3764587.72406667
59464,4112233.4548
59465,4832750.97269524
59466,4152660.3296
59467,4647319.90276666
59468,3697134.98286666
59469,4964360.7721
59470,4004483.8109
59471,4424773.7574
59472,4623446.55456666
59473,4861550.82076667
59474,5179953.37454762
59475,4794112.84506667
59476,3223109.25617778
59477,4420968.48056667
59478,3835414.86560476
59479,3861602.29635715
59480,4377825.70019048
59481,4251236.2511
59482,5008746.02941111
59483,5673038.241
59484,6324768.79083333
59485,3031830.59585397
59486,4297259.92145952
59487,4859063.71892857
59488,4749650.69883333
59489,5499659.56988572
59490,4187981.30309524
59491,3955290.64023333
59492,4148082.02488095
59493,4220676.33712857
59494,3918310.8727
59495,4189702.09333333
59496,4122786.40786667
59497,4752339.59533333
59498,4803554.5313
59499,4121752.17422381
59500,5213476.86613333
59501,4131165.65563334
59502,4546774.5188619
59503,3552663.9524381
59504,4871259.38246667
59505,4671930.94070952
59506,3301366.94627778
59507,4996790.71066667
59508,4233154.08262857
59509,3515630.51976667
59510,4464318.95396667
59511,3046182.04258095
59512,4530599.34446667
59513,5053574.53536666
59514,4303936.31373333
59515,4943230.97702857
59516,4233958.29513333
59517,3775271.88176667
59518,4487918.4276
59519,4487397.02783333
59520,5401200.16653333
59521,4587820.94223334
59522,3673987.09936667
59523,5213201.61186667
59524,4503861.1158
59525,4581680.39943333
59526,5012586.1488
59527,4382531.41396666
59528,3456097.00014286
59529,3730075.1467619
59530,4708469.6166
59531,4936288.85553333
59532,4017270.51102857
59533,3440330.33263333
59534,4920406.69048571
59535,4290031.82585238
59536,3905717.77796667
59537,3977599.32066667
59538,3876659.60927619
59539,4518095.07336667
59540,4254674.34443333
59541,4384429.93743333
59542,4207255.06915714
59543,4545876.44736667
59544,4967816.5379
59545,4382027.1032
59546,3233208.43103333
59547,4520855.89313333
59548,4166042.87
59549,4876462.03831905
59550,3313486.80833333
59551,4415322.52683968
59552,3778831.47396667
59553,4366538.90953333
59554,4682834.92266667
59555,4861413.1422
59556,2925840.74514444
59557,4017483.81103334
59558,4623077.87743333
59559,4340648.09896667
59560,4075364.30706667
59561,4680233.2549
59562,4393406.8386
59563,5169814.46174285
59564,3070600.6892873
59565,5275510.9927
59566,4132376.4848
59567,4212407.73143333
59568,4028400.58906667
59569,4390501.46353333
59570,4323832.99833333
59571,4749828.92903333
59572,3616321.23232381
59573,4651851.1187
59574,4051925.30586667
59575,4170989.40723333
59576,4512619.95014444
59577,3882878.24210952
59578,4131770.6116
59579,4437215.16983333
59580,4765641.61699524
59581,4290958.89976667
59582,3331503.02976349
59583,4220725.24
59584,4978909.25168571
59585,3629447.3071
59586,3096683.30047778
59587,3618221.39906667
59588,5189970.36853333
59589,4688342.0561
59590,4149838.58132857
59591,5252927.8428619
59592,2876696.51535397
59593,4974797.47136667
59594,3925965.20026825
59595,4470259.48656667
59596,3461781.67776191
59597,4754858.3848
59598,4385969.20313333
59599,4841603.7827
59600,4626012.36383333
59601,4657368.40253333
59602,3872653.5297
59603,3890145.87963333
59604,3865056.76270952
59605,5241440.45993333
59606,4801476.43066666
59607,4119085.69868095
59608,4376280.4224
59609,4353057.4476
59610,3760019.85506667
59611,2379589.28042064
59612,5193754.1842
59613,4698300.67694762
59614,3146715.34174286
59615,3400983.8851
59616,4312019.60066667
59617,4070776.31921905
59618,3913440.01676667
59619,3840512.51252857
59620,4335787.93893333
59621,3574158.58249524
59622,4266199.71196667
59623,5028414.47725238
59624,4289533.63627778
59625,4768454.53850635
59626,3987301.45469524
59627,4132251.34933333
59628,4338956.42786667
59629,3614421.10383334
59630,4328374.1589
59631,3366907.12052857
59632,4125003.26013334
59633,5094242.15570001
59634,4355357.8936
59635,5132988.70976666
59636,4020253.34653334
59637,4313345.68602857
59638,4120215.62934286
59639,4579708.98193333
59640,4132924.60174445
59641,4218462.51639048
59642,4480857.81441111
59643,3400993.08756191
59644,4804185.6207
59645,4305662.02846667
59646,4382397.19723333
59647,4053445.08176667
59648,4432078.0079
59649,2735666.80477143
59650,3655688.27311111
59651,4533004.06783333
59652,4918509.80253334
59653,4268610.56786191
59654,4352464.6542
59655,4569955.6815
59656,3534676.0834619
59657,4227790.17450476
59658,4099123.99273334
59659,5384094.71551905
59660,4567437.61066191
59661,5040847.57096667
59662,3509843.47783333
59663,4497410.86275159
59664,4496054.80893333
59665,5239887.2686
59666,4877440.43186666
59667,4232718.63535714
59668,4163501.39743968
59669,4334707.13483334
59670,4699730.35886666
59671,4585897.342
59672,4395988.2145
59673,5013950.98206666
59674,4388119.67913333
59675,4326950.90419524
59676,4366185.17089524
59677,4495229.4835
59678,4400681.35986667
59679,4124308.04706667
59680,4462128.83705238
59681,3897845.47646667
59682,4740831.98973333
59683,4307417.90986667
59684,4178216.6666
59685,3349904.76984286
59686,3462999.66278571
59687,4766078.89703333
59688,4778889.74168571
59689,4444429.4299
59690,4252134.50226667
59691,4011636.85043333
59692,4222867.51269683
59693,4482603.66313333
59694,4416737.1891
59695,4643669.7284
59696,3950702.3778254
59697,4346894.36319524
59698,4322154.37146667
59699,4088424.84419524
59700,4692350.82879524
59701,4540684.8199
59702,4127076.9444
59703,4449343.5571
59704,3666769.5326
59705,3963343.2794
59706,3990786.06879047
59707,4103877.24653333
59708,4774505.66323333
59709,4034844.18383334
59710,4059494.46494445
59711,4228640.04543333
59712,4948505.18332857
59713,3751262.03976667
59714,4367034.3079
59715,4594462.63306667
59716,4425916.62124286
59717,5331596.38
59718,3969258.12556667
59719,4758074.15326666
59720,4343970.12666667
59721,4556729.24410635
59722,4010385.26542857
59723,4020716.35816667
59724,3854349.06093333
59725,3863267.78656667
59726,4337548.4136
59727,3782965.26357143
59728,2925840.74514444
59729,4419019.3309
59730,4817998.53033334
59731,4438740.52253333
59732,4651358.65666667
59733,5377155.35876667
59734,4142065.54864285
59735,5449366.29595238
59736,4851679.13983333
59737,4694460.42983333
59738,4374894.9843
59739,4231336.11444286
59740,4727889.11473333
59741,4968758.50573333
59742,4091545.7825
59743,4575828.00066666
59744,4604630.06976667
59745,5170389.25283333
59746,3995307.08858095
59747,3985744.4258619
59748,4081152.36396826
59749,4041495.6042
59750,4216904.65134445
59751,4415387.7718
59752,5231650.11943333
59753,5347668.8318
59754,4732687.75706667
59755,4995428.7839
59756,3350936.13940476
59757,3510983.69611111
59758,3793648.55493333
59759,4073183.50690635
59760,4209803.93626667
59761,5128139.42366667
59762,4877732.67959999
59763,5139286.48756667
59764,4742870.93156666
59765,3881983.21265238
59766,5053507.36513333
59767,5695501.9708
59768,4518786.21776667
59769,4297457.27423333
59770,4725860.31683333
59771,3356892.33033334
59772,4169381.89386667
59773,4953345.12263333
59774,4482263.03596667
59775,4317764.8295
59776,3453938.98156667
59777,3775922.04266667
59778,5061244.89889524
59779,4729774.71379048
59780,4642610.33983333
59781,5043110.9199
59782,4259175.10196667
59783,4536460.93686667
59784,4902992.95773333
59785,4223654.56446667
59786,4051105.97920635
59787,4189813.72033333
59788,4631589.06903333
59789,3982091.07197778
59790,3994964.82766667
59791,4680378.67393333
59792,4447029.83432857
59793,4235456.59878572
59794,4497636.10823333
59795,4173575.08527778
59796,4642687.86314921
59797,5052611.41
59798,4951646.7721
59799,4510437.80873333
59800,4817199.65442063
59801,4531583.9373
59802,4799663.8268
59803,4829918.72633333
59804,5387617.52383333
59805,4320530.49686667
59806,4656295.1213
59807,3866149.9019
59808,5013283.54823333
59809,4172120.77706191
59810,5361678.42473334
59811,3912332.02616666
59812,3879148.89763333
59813,3956017.73417619
59814,3685914.3899
59815,3804102.85136667
59816,4232947.13054762
59817,4583485.69616667
59818,5066406.0468
59819,5226054.1857
59820,4760526.569
59821,4107048.69321429
59822,3770811.1598
59823,4300915.61769683
59824,4080023.1095381
59825,3068723.39706667
59826,4061024.74303334
59827,4434406.4309
59828,4782533.48466667
59829,4365369.4167
59830,3660713.93391111
59831,4960540.09873333
59832,4275536.21447778
59833,4272863.36466667
59834,4244193.87079524
59835,4625077.61866667
59836,3507237.91660953
59837,3866025.52496667
59838,4254869.82373333
59839,3985039.60244286
59840,4841572.52776191
59841,4711725.8649
59842,4855507.4729
59843,3717101.76488254
59844,5238967.82273333
59845,4805529.78536667
59846,4725203.65576666
59847,4538138.4556
59848,4217793.55523334
59849,4906182.48826667
59850,4333758.11467143
59851,4235937.74986667
59852,4211645.68233333
59853,4362045.99004445
59854,5755566.2735
59855,4446528.95057619
59856,4451452.37246667
59857,4549925.60579524
59858,4829502.92816666
59859,3975119.35266667
59860,4306198.8625
59861,4446399.51108572
59862,4531954.33343333
59863,5203696.76766666
59864,4893691.81553333
59865,4324782.2918
59866,3894423.55237778
59867,4592971.9819
59868,3598202.74056667
59869,4126581.86041429
59870,4140407.83583333
59871,4877343.91046667
59872,4566959.4489
59873,4632751.66607619
59874,5367291.83406667
59875,3764101.54594445
59876,3983450.74314445
59877,3901678.812
59878,5188945.06663333
59879,4430042.13903334
59880,4274735.74166667
59881,4229283.45854445
59882,4135842.44108571
59883,5026850.46426667
59884,5198737.2854
59885,4068052.0007
59886,4470029.8261
59887,4622154.44443333
59888,4678277.6577
59889,3736476.74257619
59890,4199720.41593334
59891,3205827.24417778
59892,4615419.12644286
59893,4504491.96486667
59894,4152815.66486667
59895,3285650.59547619
59896,5369065.05066666
59897,4227530.32414286
59898,3692618.62283333
59899,4098544.0533619
59900,4758671.97966667
59901,3773371.72893333
59902,4268860.60346667
59903,4526945.1114
59904,5005466.34773333
59905,3737537.3071
59906,5120127.88503333
59907,4364150.4628
59908,4714639.00003333
59909,4296448.41986667
59910,4248585.49116667
59911,4780281.5515
59912,4845310.4961
59913,3581346.72204286
59914,5132292.47353333
59915,4663178.19626667
59916,4097133.21236667
59917,3440566.15146667
59918,4877568.5399
59919,3487459.70733333
59920,4406507.57713333
59921,2930114.43493333
59922,4472028.58533333
59923,5033058.0125
59924,3915334.08583334
59925,3450936.71317619
59926,3843441.36383333
59927,4658253.4245
59928,4537655.425
59929,4724859.0929
59930,4796182.3206
59931,4533902.0465
59932,4776654.0241
59933,4234667.15337778
59934,4831105.82446667
59935,3596539.85624286
59936,4942443.22223333
59937,4355975.69586667
59938,4818409.1287
59939,3882436.8954
59940,4346079.40963333
59941,5589048.35036667
59942,4319871.9682
59943,4548177.2281
59944,4532756.55475
59945,3774403.49924445
59946,4987448.31802857
59947,4743039.1709619
59948,4197322.52213334
59949,4580498.82143334
59950,3897508.1536
59951,4504472.33973334
59952,3458180.10805397
59953,4023561.76878095
59954,3737194.82346667
59955,3505407.9442619
59956,4848726.88953333
59957,4059071.63446667
59958,3927175.6262
59959,3241544.951
59960,5004122.1691
59961,4494636.33086191
59962,5227358.27931904
59963,3740737.7894
59964,4924843.58596191
59965,4544252.6008
59966,3621864.11458095
59967,4860165.7219
59968,4697879.21943334
59969,5156113.74213333
59970,5113101.21023333
59971,4756227.31782857
59972,3670411.89183333
59973,3828530.29236667
59974,4018731.8666
59975,4715142.8666
59976,5817664.04423333
59977,4018029.08042857
59978,3584652.98813334
59979,4692817.85846667
59980,3630246.0776
59981,4046749.17764762
59982,3706914.6808
59983,4335209.86846667
59984,5275558.10666667
59985,4284505.7455
59986,4800770.70786666
59987,4337918.27909683
59988,4225369.72386667
59989,4251376.0485
59990,4258997.53893333
59991,4642174.45148571
59992,4276823.61753333
59993,3753626.812
59994,5085234.20836667
59995,4316229.69922381
59996,4540434.85726666
59997,4466338.03787619
59998,4341694.3567
59999,3905736.17986667
60000,4827168.69696667
60001,4176411.42049524
60002,4691916.42613334
60003,5081939.25873333
60004,4668488.93943333
60005,4665612.22
60006,4300580.46250476
60007,3782976.36686667
60008,4523239.93026667
60009,3675480.58043333
60010,4123896.9988
60011,4536765.99213333
60012,4511282.09994445
60013,5071000.33566667
60014,4353390.94264444
60015,4806111.4916
60016,4505361.47823334
60017,5199604.3616
60018,4073417.18417857
60019,4568496.76926667
60020,3584883.66330476
60021,4540261.37857619
60022,3040971.30850952
60023,3234939.53162857
60024,4155391.12196667
60025,4221673.25116667
60026,4089931.3851
60027,5737452.48456667
60028,4011824.61963333
60029,5065725.04512857
60030,4518509.1469
60031,3886893.27226667
60032,3598238.35091905
60033,3389426.87450476
60034,4030425.92496667
60035,4361866.1738
60036,4944053.11063334
60037,3967633.86194762
60038,4999522.72456667
60039,4548807.7424
60040,3967951.28517619
60041,4899017.48136666
60042,4328682.3861619
60043,3327710.93171429
60044,3746406.92476667
60045,4720002.67591111
60046,4006187.8798
60047,4113491.43243333
60048,4817616.3969
60049,4321511.85653334
60050,4509595.70151111
60051,4251589.8588
60052,2992518.95532381
60053,4439926.89915238
60054,5386081.12213334
60055,3854293.22763492
60056,4425918.27731905
60057,4173529.77901905
60058,3854121.89486667
60059,4195039.40006667
60060,2359779.47591429
60061,4777065.7276
60062,5493048.39986666
60063,5243286.47466667
60064,5149089.36644445
60065,4354173.06866667
60066,3923744.67406667
60067,4152482.4078
60068,4822915.4743
60069,4585973.3827
60070,3992372.23903333
60071,4569714.66973333
60072,4384229.04642857
60073,4233556.23491111
60074,4007550.02508254
60075,4237806.53533333
60076,4431429.66576667
60077,3789099.59226191
60078,3666736.78643334
60079,4312258.2833
60080,4613446.79386667
60081,4433759.01239524
60082,3594393.09531111
60083,4711397.06496666
60084,3575059.4712
60085,4731140.99449524
60086,4987607.23746666
60087,4745354.98606667
60088,4413850.41156667
60089,3953720.56866667
60090,4000650.37456667
60091,4259789.73651429
60092,4074380.93282857
60093,4854151.85406667
60094,5807630.36976667
60095,4046315.9412
60096,3788337.91468095
60097,4416555.8922
60098,4793165.57453333
60099,4500590.53843333
60100,4678538.89313333
60101,3569410.41346667
60102,3781246.46716667
60103,4073407.69393968
60104,4664258.46012857
60105,2330456.08889683
60106,3980252.02606667
60107,4652494.46749524
60108,3931086.58556667
60109,4380059.2234
60110,3901689.77991111
60111,4935695.28856667
60112,3526860.11791429
60113,4943348.45453333
60114,4257576.43536667
60115,5370474.8098
60116,4739014.68279524
60117,4142867.6538
60118,4441135.50243333
60119,3303319.88817619
60120,3349508.24207143
60121,4461961.58433333
60122,4606337.5931
60123,4115501.8562
60124,4221215.93083333
60125,2445759.61193016
60126,3125183.19273333
60127,4983980.951
60128,4223096.0284
60129,4479464.82676667
60130,5609381.06881905
60131,3262978.17709206
60132,3982265.86873334
60133,3745508.54721111
60134,4539812.1589
60135,2443017.56267619
60136,5001062.30023333
60137,5211342.94246667
60138,4575680.31946667
60139,4115077.04097778
60140,3460222.22906667
60141,4507408.94333333
60142,4142490.5296
60143,5127221.77513333
60144,2785106.52983492
60145,4519479.23836667
60146,3923308.84012857
60147,3758694.9856
60148,4372933.97333333
60149,5409304.45106667
60150,5057269.45806667
60151,3454839.5827
60152,3162134.71776667
60153,5002886.66129047
60154,2994701.7764381
60155,4391280.43523333
60156,4676478.90713333
60157,3376939.41796667
60158,4587136.73651111
60159,3587590.29413333
60160,4677156.42713333
60161,4736258.99716667
60162,4444817.0878619
60163,4848632.27456666
60164,4281966.3202
60165,4585775.38344286
60166,4163314.89589524
60167,4765861.2813
60168,4465466.31867619
60169,4420736.40406667
60170,4513482.90843333
60171,4171745.49046667
60172,3097620.30310953
60173,3863098.00037778
60174,4438028.76108571
60175,4137186.21693333
60176,3332355.25327619
60177,4681205.8648
60178,5153374.14573333
60179,3634707.06934444
60180,4154102.03383333
60181,4169716.4251
60182,5397591.77261905
60183,4934386.65096667
60184,3893077.1852
60185,3920905.2312
60186,4652726.23093333
60187,4351118.62229524
60188,3587884.32626667
60189,4767859.58535714
60190,5131738.71106667
60191,4434379.69983334
60192,4994567.84446667
60193,4188126.02206667
60194,4180923.17492857
60195,5051217.04426667
60196,4750399.59566349
60197,4086622.25887778
60198,4458932.06766667
60199,3955138.43762857
60200,4333065.99926667
60201,4757885.21149523
60202,3984499.11631111
60203,3736706.30983333
60204,4158383.39493333
60205,4067224.41083333
60206,3624858.98826667
60207,5188506.7981
60208,5585681.33756667
60209,4325442.39236667
60210,4618657.28693334
60211,3428256.67610953
60212,3876471.01802381
60213,3804259.17646667
60214,3619976.21396191
60215,4959576.19556666
60216,3824427.8483
60217,4781387.20873333
60218,3990172.42103968
60219,5293519.50009524
60220,4310228.37316667
60221,4394054.13703333
60222,3894758.4926
60223,4653019.62366667
60224,4948283.89865238
60225,4490950.19214286
60226,5318403.9404
60227,4063385.90792857
60228,4442070.9409
60229,3518267.63647143
60230,3638155.6857
60231,3749647.70494762
60232,4464678.19146667
60233,3843313.33425238
60234,4345153.73261905
60235,4556340.7704
60236,3954401.85526667
60237,3887832.83247143
60238,5391092.0756
60239,4415594.3275492
60240,5172845.82323333
60241,4437870.6385
60242,4369665.93
60243,4021189.74025714
60244,3161811.53296667
60245,3426077.81230952
60246,4103709.16396666
60247,3348266.27797143
60248,4395371.12753333
60249,4871501.25003333
60250,3019532.37444286
60251,4697188.1608
60252,4743022.09422857
60253,4334071.16286667
60254,4974771.1151
60255,5319165.29123333
60256,5383381.76176667
60257,4684084.83
60258,3619102.73213334
60259,4226015.20926667
60260,4621969.80805238
60261,3688009.62996667
60262,4512047.58899524
60263,5337452.55516667
60264,5054335.6799
60265,3925302.94001111
60266,4384467.63624444
60267,5266746.98596667
60268,4752860.25196667
60269,4929945.40043333
60270,4762336.75533333
60271,3832915.83592381
60272,5083739.6237619
60273,4654449.1372
60274,4640393.29413333
60275,3874454.3703
60276,4909268.23196667
60277,4025945.3824873
60278,4487999.65637778
60279,4748492.1064
60280,4169016.99832857
60281,4723496.19118572
60282,4758032.08326667
60283,3675065.17841111
60284,4757255.01976667
60285,4844279.16283333
60286,4130368.62744445
60287,4874334.2223
60288,4398787.98993334
60289,2733999.35884286
60290,3815722.69056667
60291,4614869.90863333
60292,4141134.92993333
60293,2983606.00513333
60294,4465755.27458095
60295,4517570.79723333
60296,4607610.74143333
60297,3311481.17594286
60298,4206355.74813333
60299,3552128.11786667
60300,3626199.79118095
60301,3662211.88126191
60302,4883583.44786667
60303,4317047.00036667
60304,4325475.31866667
60305,4740802.74964444
60306,4773717.01673333
60307,3078684.60064444
60308,3892206.5995
60309,3237828.9767873
60310,5142831.19423333
60311,4423155.16153333
60312,3191847.75880476
60313,4059807.63223016
60314,4512478.26221111
60315,4652669.3326
60316,3531395.37953333
60317,4829571.73
60318,4271698.45653333
60319,4685810.79592857
60320,4772640.15041905
60321,3719173.02563334
60322,3531209.05999524
60323,4495757.18074444
60324,3880568.05287619
60325,4791575.51836666
60326,4195526.20283333
60327,3349782.7046
60328,5398004.0632
60329,4452788.81813333
60330,4734085.22032857
60331,3319372.23826191
60332,4796581.96806667
60333,4933347.8284
60334,3402067.06183333
60335,4299258.62666667
60336,4790947.01123333
60337,3665148.20913333
60338,3884790.68557778
60339,3479571.41043334
60340,3889324.27706667
60341,3837770.84476667
60342,3665096.87944286
60343,3632767.66166667
60344,4242699.08144444
60345,4323918.91607778
60346,3933984.22506667
60347,3774572.44511111
60348,4586964.43816667
60349,5466217.29433333
60350,4417510.54453333
60351,4347182.55203333
60352,4878884.474
60353,4363305.93764445
60354,5299406.37536667
60355,3716931.25363333
60356,4160361.47414285
60357,4122602.19303333
60358,3886851.84742381
60359,4019251.12393333
60360,4550453.47646667
60361,4618155.80606667
60362,5121323.84353333
60363,4724249.79276667
60364,4851147.82883334
60365,3362364.28860476
60366,4221676.90053334
60367,4849543.97893333
60368,4595136.06780952
60369,4709554.75026666
60370,3896624.45641111
60371,4876798.84533333
60372,3901268.77046667
60373,4046142.46226666
60374,4126414.866
60375,3500326.79830952
60376,4840928.15426667
60377,4212219.2087
60378,3985470.9142
60379,3398464.64854286
60380,4931004.77813333
60381,4368728.49703333
60382,4349949.76043333
60383,4628991.92261667
60384,4528418.90419524
60385,4774519.58149048
60386,3861369.46640953
60387,4958187.66480476
60388,5098092.65356666
60389,5124231.9662
60390,4483709.5868
60391,4232859.41254286
60392,3914925.15322857
60393,4616466.90536666
60394,4441520.18846191
60395,5323317.65405238
60396,5119177.9091
60397,3615253.43288572
60398,4016830.65796667
60399,4358597.0015
60400,4311841.55074286
60401,4220196.79344285
60402,3915317.94426667
60403,4131715.838
60404,3967134.25751111
60405,4370264.12483334
60406,4719661.71933333
60407,4384299.12737143
60408,4282718.62483333
60409,5131887.95056667
60410,5695671.93263333
60411,3711986.85723334
60412,5103138.1275
60413,4108311.27953333
60414,4858450.5045
60415,4225975.13399524
60416,4785722.86409524
60417,4513334.69432857
60418,4788497.40636667
60419,4859272.13553333
60420,4983703.37964286
60421,4357691.56493334
60422,5197800.9654
60423,5011539.3687
60424,4339176.04901429
60425,5151857.14323334
60426,4215723.88596667
60427,4341977.8371
60428,3915158.01790953
60429,4722109.48262857
60430,4200754.74826667
60431,3737015.5692
60432,3062588.97138572
60433,4594672.92172857
60434,4228330.34320635
60435,4385273.39796667
60436,4437635.73254762
60437,4216579.93505238
60438,4073261.87753333
60439,4315527.12203334
60440,4593769.42673333
60441,4937065.29853333
60442,4033310.68700476
60443,4575245.90066667
60444,4228844.86173333
60445,4669576.05896667
60446,6442023.6397
60447,3733986.68396667
60448,3321726.68266349
60449,4544879.0853
60450,4037910.25806667
60451,3208968.63706191
60452,4443671.9466619
60453,3445713.69838571
60454,3836862.20536667
60455,4048763.24986667
60456,4370246.20713333
60457,4113447.62872857
60458,4059745.4609
60459,4405928.88833333
60460,4519706.08263333
60461,4553996.96162857
60462,4336473.49126667
60463,4339413.92271667
60464,4593671.42253333
60465,4584197.1516
60466,5038040.91020635
60467,3049674.91754286
60468,4177881.91743333
60469,4298533.6308
60470,4112744.6602
60471,3780044.13057143
60472,4913911.40723333
60473,4833889.96306667
60474,3767315.96397619
60475,2559095.28404762
60476,4348124.01143333
60477,3298627.9176
60478,3863809.53893492
60479,5398526.83476666
60480,5230468.7398
60481,4029693.55406667
60482,4133841.11666666
60483,4771784.58353333
60484,3929977.57363334
60485,3484829.15189048
60486,4286752.6496
60487,3746918.70220635
60488,4280477.76333333
60489,3778862.67158572
60490,5235874.5551
60491,4370847.28713334
60492,4062051.7677
60493,4184439.63516667
60494,4254238.71426667
60495,3967565.44082858
60496,3547243.29255714
60497,3955499.96926191
60498,4234945.4779
60499,4456647.761
60500,4679625.39963333
60501,3590466.98027778
60502,3705547.75788095
60503,4167330.88427778
60504,4610025.35626667
60505,4111321.8297
60506,4726034.85773334
60507,4771849.04247143
60508,4458555.3497
60509,4440043.47293333
60510,3525489.29326667
60511,3448997.12686349
60512,4603855.07111111
60513,3467065.18836191
60514,4075434.86969683
60515,2453290.00706349
60516,4643620.57883333
60517,3327516.77045873
60518,4395338.59036667
60519,3837827.08722857
60520,4890316.31166667
60521,4658032.31675238
60522,3833938.52987619
60523,4259819.17333333
60524,4386632.60843333
60525,3380557.5599
60526,4155616.21033333
60527,5122315.16125238
60528,3721820.04946667
60529,3856806.47276667
60530,4095581.63101905
60531,4804359.88816667
60532,4267551.98847619
60533,4592031.4751
60534,4935764.08783333
60535,4004281.16011587
60536,3876504.22616667
60537,4363057.09696667
60538,3860414.92344286
60539,4319504.58872381
60540,4811159.93173333
60541,3661412.16836667
60542,3496861.39250953
60543,4738273.42536667
60544,3394709.78877778
60545,4020576.24266667
60546,4784146.99223333
60547,3803356.75463333
60548,4204640.2352
60549,5179556.46246667
60550,4339428.2333
60551,4068314.14041111
60552,4051398.38783333
60553,4133595.0102381
60554,5005530.23476667
60555,4518095.07336667
60556,4216846.36446667
60557,5045178.04746667
60558,4701869.45415238
60559,3994735.0929
60560,3868606.65799048
60561,3714482.7941
60562,4207255.06915714
60563,3926069.11816667
60564,4822804.05634762
60565,3002890.5553873
60566,4592051.30313333
60567,3407223.57617619
60568,3829627.9057
60569,4628203.8472
60570,4459411.02301428
60571,3553713.33599047
60572,6001913.7985
60573,4328049.5497
60574,4623793.29815238
60575,4953704.66143333
60576,4384629.01089524
60577,3858112.2116
60578,3962804.87877143
60579,4508137.08617778
60580,4287718.04442857
60581,5290056.5929
60582,3954586.4333
60583,3989183.34343334
60584,4727756.64529524
60585,4574720.79136667
60586,3461630.45829048
60587,4373612.17086667
60588,4034152.01716667
60589,3959826.18823333
60590,4430965.35116667
60591,4303634.28133333
60592,3712995.4234
60593,3705866.62843333
60594,4159484.5811
60595,3697069.95527778
60596,5248702.0421
60597,4171501.11056667
60598,4655433.93196666
60599,4740535.4219
60600,4668795.35016666
60601,4815422.65113333
60602,4291933.29339524
60603,4649874.04685397
60604,4555370.9029
60605,3456310.6362381
60606,4357470.31483333
60607,4513427.97266667
60608,4673928.21846666
60609,4165849.21177143
60610,3786750.75352064
60611,4664930.84117778
60612,4473699.6643
60613,2473058.571
60614,4572039.77313333
60615,4005466.24156667
60616,4191280.57349524
60617,4695536.2964
60618,4523061.58573333
60619,4928032.348
60620,4584682.24427619
60621,5376738.6697
60622,4034280.93332857
60623,4613179.19656667
60624,4657992.33566667
60625,4048826.61217778
60626,3943837.9749
60627,4938966.93786667
60628,3520097.38276667
60629,4628470.23678095
60630,3857239.80517778
60631,4325616.56763333
60632,4379382.11793333
60633,3242144.82706191
60634,4544121.41295714
60635,5079948.2685
60636,4728880.20453333
60637,5009604.21716666
60638,4122909.10043333
60639,4645043.1985
60640,4632695.97573333
60641,4107114.51153334
60642,4876648.47553333
60643,4418490.18905953
60644,4394760.2622
60645,3796785.24397619
60646,3556983.73512063
60647,4681771.53246667
60648,4631404.8209
60649,4053041.25459524
60650,4082097.08223333
60651,4085625.08474445
60652,3794357.94293333
60653,4953387.35813333
60654,4733725.44993333
60655,3921876.1758
60656,3794687.67288572
60657,4315049.5096
60658,4570297.9912619
60659,2896083.68695714
60660,4343177.79626667
60661,5297377.01636667
60662,4370628.38972857
60663,4549811.07423333
60664,4678952.69063333
60665,4376383.07165714
60666,4840464.94673333
60667,3527904.72282381
60668,4105929.26953333
60669,3974919.47920635
60670,4470819.76700952
60671,4323603.87806667
60672,4960042.91333333
60673,4453511.20776667
60674,4795116.7491
60675,4622102.40493334
60676,4165073.17693333
60677,3539806.90594286
60678,4893323.62743333
60679,4677707.66823334
60680,4975384.69993333
60681,3834124.27116667
60682,4875205.97143334
60683,5608088.15673333
60684,5452126.2463
60685,4027226.57236667
60686,4058813.06951111
60687,3553935.61712381
60688,4682258.43273333
60689,3592215.07373333
60690,4748503.36989047
60691,4780302.972
60692,4266198.54416667
60693,4144522.92302381
60694,4237736.35863333
60695,4627052.3442
60696,3968857.87650953
60697,4215850.38647619
60698,4093440.4063
60699,5718318.07176667
60700,4503994.5582
60701,3915915.54713333
60702,3933390.43987619
60703,4337898.86926667
60704,5302369.17163333
60705,3581479.83138095
60706,4250512.03403333
60707,4048346.04483333
60708,4482085.39226667
60709,4191319.59663334
60710,3723949.43582857
60711,4647526.82043333
60712,3872131.31186667
60713,4531403.34684286
60714,4862569.64236191
60715,4228612.9002
60716,3669642.92113334
60717,3616701.40942064
60718,5663596.96633333
60719,4515289.57776667
60720,4334228.5327
60721,4046952.5052
60722,4013713.42525714
60723,3995307.29333333
60724,3783168.45935714
60725,3970548.06412857
60726,4409152.14556667
60727,4242692.08333333
60728,4815547.75681111
60729,4667536.0855
60730,4161450.02818095
60731,4376890.25053333
60732,4741732.90272857
60733,3853062.21826667
60734,4498093.00226191
60735,4367386.67556667
60736,4453002.73048095
60737,4416888.89140001
60738,3668879.87229048
60739,4129815.79419683
60740,4398448.28593334
60741,3629703.26866667
60742,4261789.69439524
60743,4027386.194
60744,3926239.57030476
60745,5188695.9696
60746,4900222.2562
60747,4375822.61582778
60748,3962704.70336191
60749,4379918.2808
60750,4600261.69211429
60751,4577187.57819524
60752,3881910.27615238
60753,4995053.48868572
60754,3775104.49532857
60755,5101649.4273
60756,4142973.06476191
60757,3636566.74506667
60758,4533127.9607
60759,3437712.76236667
60760,4262269.53761429
60761,4715689.19966667
60762,4188450.23016429
60763,4191548.0534
60764,3961198.33580952
60765,5005293.53363333
60766,4762678.2141
60767,4532146.7123
60768,4220384.23525238
60769,4822670.0455619
60770,4509789.71127619
60771,5428527.0748
60772,4463345.09911111
60773,5050715.80438096
60774,4269935.98764444
60775,4352379.12571667
60776,5407067.35276666
60777,5060150.05997143
60778,3717835.5199
60779,4826369.02113333
60780,5778997.96156667
60781,4141929.95384444
60782,4315165.86462857
60783,4453511.54246667
60784,4728211.26153333
60785,4831054.05916666
60786,4264022.55692857
60787,4568214.2428
60788,4246414.86358572
60789,4757279.5825
60790,4036547.21306666
60791,4712469.14903334
60792,4302548.51657619
60793,4934886.3522
60794,4348456.3399
60795,3323809.29071905
60796,4468820.83223333
60797,4441341.64145238
60798,4510350.32207619
60799,5165524.53021905
60800,5271795.8132
60801,4416844.0635
60802,5036656.8828
60803,4180418.79946667
60804,4511822.90373333
60805,3872473.61012381
60806,4089342.4056
60807,3528729.71953333
60808,3547718.90804762
60809,3814841.32256667
60810,4451673.60857777
60811,2924451.93224286
60812,4702769.46543333
60813,4012050.42193333
60814,3998019.3137
60815,4906359.9745
60816,3562744.25406191
60817,4613412.55446667
60818,4829418.5183
60819,4939539.61636667
60820,4857619.0171
60821,3136500.42052381
60822,4797607.39696667
60823,4604721.80373333
60824,3217834.13896667
60825,5071102.785
60826,4651687.97086667
60827,4600739.65733333
60828,4336051.08945714
60829,4441136.35062857
60830,4020275.42656667
60831,4318433.93826667
60832,4029094.4558
60833,3926582.29452857
60834,4029702.20973333
60835,4138265.99510635
60836,3757934.24306667
60837,4540990.6994
60838,4103045.43386667
60839,2655478.05615873
60840,4362982.8146
60841,4985138.35123333
60842,5171895.2758
60843,4927579.52248571
60844,3955125.62041429
60845,4336189.82030476
60846,4076553.3552
60847,3843161.81566667
60848,2865585.07583333
60849,4630074.34323333
60850,4358129.54046667
60851,4339049.2543
60852,4108873.90816667
60853,3631029.3965
60854,3548035.6647
60855,4232406.68523333
60856,4966490.81716667
60857,4177888.76121905
60858,4838005.44153333
60859,4930584.3438
60860,4539476.3955
60861,4873658.36736666
60862,3811155.35086667
60863,4633793.72273333
60864,4312398.74338572
60865,3998312.61911905
60866,4795989.13663333
60867,4287295.91546667
60868,4384108.75986667
60869,4690960.70723333
60870,5025907.51503333
60871,4638299.7527
60872,4270742.53236667
60873,3927889.4106
60874,4744126.3556
60875,3841624.55493334
60876,4945169.74586666
60877,4642115.0041
60878,4613415.63036667
60879,3838838.54238095
60880,4563029.6449
60881,3712978.12816667
60882,4332093.8389
60883,4540375.7385
60884,4046287.84013333
60885,4088778.04977778
60886,4741467.93463333
60887,4461918.65727778
60888,2846871.30914286
60889,5283461.99656667
60890,3993904.13177619
60891,4938157.3661
60892,5151915.02556667
60893,5679817.68776667
60894,3632868.1366
60895,4692362.1929
60896,4807458.26957778
60897,4747717.63076667
60898,4629682.29566667
60899,4332219.74666667
60900,4724191.97966667
60901,3950339.06426667
60902,4757309.43039999
60903,3229967.30947778
60904,3826349.59146667
60905,3236958.79235715
60906,4542124.24133333
60907,5049011.32156667
60908,4587362.55702857
60909,5067247.8265
60910,4853447.00493333
60911,5238783.3075
60912,4483093.34837619
60913,4634385.07923333
60914,3469408.79807619
60915,3017433.29640952
60916,4193595.80612857
60917,3854935.61209048
60918,3413521.19436667
60919,4864190.2206
60920,4941990.67903333
60921,4265508.1137
60922,5298947.80496666
60923,3610761.7131
60924,4579457.06656667
60925,4183809.1332
60926,5206081.37216667
60927,4297644.8273
60928,5546297.25403333
60929,5181273.23221905
60930,3484288.38095714
60931,4853517.43173333
60932,4374604.16296667
60933,4210158.15373333
60934,4306756.94776667
60935,3405170.60832857
60936,4581583.95283333
60937,4138809.5666
60938,5833381.88563334
60939,4936125.17376666
60940,2538672.38410952
60941,4486986.21253333
60942,4797184.5523
60943,3375147.82909524
60944,4268359.741
60945,4758312.6275
60946,4716664.30243334
60947,4341443.68327143
60948,4532114.58696667
60949,4623400.5878
60950,3336888.03644286
60951,3780601.22693334
60952,4469961.02976667
60953,5185845.98593333
60954,4752694.61462857
60955,3226625.80930952
60956,4748105.89546666
60957,4336992.93276667
60958,4478250.64296667
60959,2458862.86817619
60960,4639918.81536667
60961,4831172.3044
60962,4225442.8842
60963,4095042.2515
60964,4063514.17703334
60965,3887956.66876667
60966,4240005.35336667
60967,3495131.0258
60968,4482399.66393809
60969,4282820.27491111
60970,4815148.59623333
60971,4878493.65576667
60972,5049631.06116667
60973,4770029.63393333
60974,3536577.36656667
60975,4905295.9035
60976,4303137.7321
60977,4011497.6033
60978,3143514.56672064
60979,3301570.49654286
60980,3591121.07546667
60981,4490669.40143333
60982,5143771.65273333
60983,3740457.91013333
60984,5610791.379
60985,5157488.32666667
60986,4761542.478
60987,4550958.68914445
60988,4049084.59234444
60989,4445413.51536667
60990,4621218.0925
60991,4741432.09056666
60992,4774919.74253333
60993,5199097.69893333
60994,4155465.37432857
60995,4491036.94506667
60996,5253663.9646
60997,4070571.99667143
60998,3023148.25414286
60999,4479485.29996667
61000,3694400.8564
61001,3120643.97593334
61002,4707395.19266666
61003,3858605.83254286
61004,5564489.9767
61005,3343757.81427619
61006,3428828.85593333
61007,4737833.13698095
61008,4026816.96566667
61009,3577291.5741873
61010,4042890.46049523
61011,3532059.39037143
61012,3550129.54850953
61013,4841643.19854762
61014,4379406.13876667
61015,3185596.25736667
61016,4788351.8151619
61017,4675229.65789524
61018,5081685.4498
61019,3590737.0733381
61020,5238191.62473333
61021,4615767.78964444
61022,4691580.37253333
61023,3244505.42401111
61024,3906530.74956667
61025,4051547.58204921
61026,3949871.58957143
61027,4467031.3258
61028,4798256.33493333
61029,5002477.9619
61030,4387063.89946666
61031,4611895.52736667
61032,4723468.77856667
61033,3973225.07716667
61034,4660722.202
61035,5179550.90681904
61036,5436192.08826667
61037,5422785.18053333
61038,4361061.49366667
61039,5128448.9864
61040,4972427.2663
61041,3665562.67786666
61042,4611933.86123333
61043,5505364.8266
61044,3942299.4447
61045,4966153.26006667
61046,3504550.22137619
61047,4234261.2366
61048,4193837.50933333
61049,4318912.6515
61050,4061771.71803333
61051,4496774.01019524
61052,5039520.98886666
61053,4768525.62496666
61054,3654022.16802381
61055,4559068.6287
61056,5391992.28113333
61057,3803749.59643333
61058,3219437.38033333
61059,4961761.41163333
61060,2773983.34376667
61061,3506901.4275
61062,3380834.91568254
61063,3658110.21047619
61064,3741519.98612381
61065,4583564.8038
61066,4525748.08673333
61067,3935921.08946667
61068,4964899.6394
61069,4343225.73326667
61070,4033593.39334286
61071,4600407.67596667
61072,4788587.30006666
61073,3916692.39377143
61074,4169585.15643334
61075,4607641.95693333
61076,3906990.72353333
61077,4243253.28996667
61078,4340371.5068
61079,4813250.7383
61080,3971462.14566667
61081,3841681.05113333
61082,4211580.2451
61083,4501401.80226667
61084,3804944.0641
61085,3940837.04553334
61086,5089511.51931111
61087,5936970.01186667
61088,4098770.49743333
61089,3846382.8767381
61090,4400918.51873333
61091,3253119.44907778
61092,4155396.80316667
61093,2327228.03091429
61094,4637573.85309524
61095,4043347.91523333
61096,3179955.0771873
61097,3168281.68916667
61098,3208968.63706191
61099,3598496.29866667
61100,4758664.2293
61101,3600139.82260953
61102,3396988.8622
61103,3651869.69514444
61104,4604273.58206667
61105,3926182.79569048
61106,4284179.85586667
61107,3656111.82155397
61108,5219345.86323333
61109,4140351.45080952
61110,4556552.12893333
61111,4748508.1566
61112,4004894.2162
61113,4887593.49083333
61114,4917048.16603333
61115,4711606.6257619
61116,5114899.577
61117,4589917.33963333
61118,4807967.37846667
61119,4439505.47616667
61120,5393326.42503333
61121,4844475.2721
61122,4381372.05066666
61123,4183699.45529524
61124,4112512.98150952
61125,4201306.45146667
61126,3688806.43490476
61127,3879199.27176667
61128,4565333.13476667
61129,3538389.7508873
61130,4608792.33836667
61131,3951509.6358254
61132,4892670.18253333
61133,4774135.3299
61134,4004436.67323333
61135,5635711.58156667
61136,3920063.26043333
61137,4096774.0976
61138,4673354.0052
61139,4249305.7664
61140,4593816.1286
61141,4259592.57860952
61142,5033385.50191905
61143,4469209.62676666
61144,4876532.04096667
61145,4157814.6404
61146,4789618.55343333
61147,4175340.30026667
61148,3970946.69276667
61149,4210045.93422381
61150,4317283.00046667
61151,4225829.41146667
61152,4602723.01553333
61153,3799524.90026667
61154,4555054.72716667
61155,3691915.77546667
61156,4585639.70013333
61157,3492275.539
61158,3817024.70944445
61159,3845372.00806667
61160,4392629.62134445
61161,5012215.27663333
61162,4305744.55033333
61163,3926057.54809524
61164,4782968.31036667
61165,4439804.11287143
61166,5455029.0534
61167,4942562.0277
61168,4708005.47513334
61169,3897704.1335
61170,3143041.22824286
61171,5211285.61723333
61172,4738601.76526667
61173,4433195.74628095
61174,5147474.92366667
61175,2358694.2512873
61176,4620631.25246667
61177,4627405.6144
61178,4591345.58643333
61179,3987434.08549048
61180,3436312.33032064
61181,4431988.32903333
61182,3942535.5355873
61183,4194107.23806191
61184,4597565.9752
61185,4139613.19666667
61186,4838457.77166666
61187,3746192.47557302
61188,4710959.13253334
61189,4547908.73863334
61190,4085235.79063333
61191,3866392.85021429
61192,4350763.55776667
61193,5119617.34635
61194,4325484.96227778
61195,4704702.66546667
61196,4653776.67761667
61197,3827072.1573
61198,2562954.34984286
61199,3902053.81674444
61200,3467862.41840953
61201,3694032.23516667
61202,4961340.6877
61203,4009374.2701
61204,4311508.561
61205,4366505.37783333
61206,3689611.95986667
61207,4276454.4607
61208,5007502.4605
61209,4572250.26886667
61210,4400581.07913333
61211,3959947.19646667
61212,4936723.36829524
61213,3752679.8425
61214,4448420.66756667
61215,5271938.36983333
61216,3896548.44973334
61217,4219093.0939
61218,4984358.40855238
61219,4124958.62353334
61220,4371547.66553333
61221,5197603.25603333
61222,4468739.08491429
61223,4434967.8032
61224,3857398.9102
61225,4846029.59856667
61226,4140510.61636667
61227,4837306.9764
61228,4329125.77513333
61229,4117005.94283333
61230,3629110.71658095
61231,3434091.53259048
61232,4212271.07083333
61233,4074586.54707619
61234,3088746.2501254
61235,4913779.717
61236,4857525.10296666
61237,5037699.8251
61238,4259419.63954762
61239,4182749.72996667
61240,4667083.48720952
61241,4142130.58007619
61242,4789207.5243
61243,4468220.0597
61244,4494101.25466667
61245,3880350.19636667
61246,4571916.38126667
61247,4000721.22319524
61248,4306919.61436667
61249,3970466.62626667
61250,4166744.17696667
61251,2384859.87924286
61252,4278677.10334921
61253,4577638.96057777
61254,4238321.69355238
61255,3724828.23953968
61256,4459969.8444619
61257,5147159.66073333
61258,3913826.64379683
61259,4022057.5043
61260,4537549.72507778
61261,3928553.87193809
61262,4724424.0374
61263,4125358.27419524
61264,4424772.86146666
61265,4412104.9902
61266,4433862.28746666
61267,4130764.63503809
61268,3791566.11327778
61269,4707097.53986667
61270,4639803.8247
61271,3790877.48759048
61272,4131841.24223333
61273,4601027.37636666
61274,3489532.17391111
61275,4879024.17493333
61276,4717719.20076666
61277,5078679.1359
61278,4791073.6874
61279,5573140.3241
61280,5347693.87423333
61281,4715102.14414444
61282,4133606.16056667
61283,4389146.4376
61284,3881753.22877778
61285,2478378.04643333
61286,2935552.57793333
61287,3622667.33426667
61288,4643797.85646666
61289,4112017.53623333
61290,4210626.59146667
61291,3790394.91613334
61292,4399819.97936667
61293,2868895.63784286
61294,3874120.34053968
61295,4752196.45383333
61296,4310551.4345
61297,4810749.57386666
61298,4867166.0704
61299,4496315.87555714
61300,4986806.84446666
61301,4714790.89813333
61302,4016925.57011429
61303,4598340.9452
61304,4809920.69247619
61305,4321292.17226667
61306,4099818.11698254
61307,4059899.99681111
61308,2445104.80755714
61309,4036177.75586667
61310,3846046.56804445
61311,3505164.2542381
61312,3620140.128
61313,5245325.18323333
61314,4910445.12983333
61315,2366914.16057619
61316,4916980.71646667
61317,4192370.70512381
61318,4525373.25763333
61319,4392161.6161
61320,3748580.5459
61321,4724148.67976666
61322,4076706.12373334
61323,4436867.78283333
61324,3715657.31517619
61325,4069377.98743333
61326,4903628.5516
61327,5075495.30103333
61328,4002548.77327619
61329,4338666.456
61330,5568978.79866667
61331,4324341.88413334
61332,4725036.67926666
61333,4374537.99974444
61334,4517567.08686667
61335,4334258.38329524
61336,2641624.32360476
61337,4719464.69664762
61338,3946345.21396667
61339,4216760.51333333
61340,3975200.7462
61341,4057168.40103334
61342,3836781.07404445
61343,4175456.35273333
61344,4229345.85603333
61345,5521573.32276667
61346,4393740.1297
61347,4793376.90193333
61348,3494419.76891111
61349,5058738.57643333
61350,5708931.71246667
61351,3638234.12818254
61352,4086422.57218572
61353,3909274.55492381
61354,5265901.39873334
61355,2460816.06234286
61356,3225049.86633333
61357,3850159.20192857
61358,5363533.63276667
61359,4082103.91582857
61360,4629071.694
61361,5018274.45361905
61362,4531610.94906667
61363,4657603.41056667
61364,4660869.94486667
61365,3594603.19091111
61366,4370192.25576667
61367,4758033.44156667
61368,3396289.79936667
61369,5259251.6682
61370,3244814.27056667
61371,4072569.17297619
61372,4439531.7112
61373,4963270.0142
61374,3881887.25093334
61375,4521527.65426667
61376,5205268.051
61377,4040547.93814286
61378,4863562.71686667
61379,4777534.40886666
61380,5688902.88453333
61381,4598838.05563333
61382,3889546.38182857
61383,4393480.94436667
61384,3783164.08466667
61385,3820569.3191
61386,3534305.43174286
61387,4275857.663
61388,4394996.29656666
61389,4570529.66648571
61390,4236151.115
61391,4375809.74746667
61392,4647914.06142857
61393,4663553.21947778
61394,5118013.789
61395,4731115.67936667
61396,3839904.28812063
61397,3541502.66401429
61398,4316517.25983333
61399,4188230.9207
61400,4366035.20486667
61401,4651870.01893333
61402,4756742.04403333
61403,4563647.40053333
61404,4364810.52716666
61405,4482042.92078333
61406,4492079.78267143
61407,4499458.7961619
61408,4556612.4601
61409,4431105.79036667
61410,4688495.53369048
61411,5132088.53886667
61412,3797380.90866667
61413,4273982.41026666
61414,4552512.24346666
61415,3338314.68102064
61416,4006404.49941905
61417,4587075.41426191
61418,3693087.80193334
61419,4271416.03569524
61420,4798544.2939
61421,4115111.46113333
61422,4324684.25113334
61423,3933710.01036667
61424,3667547.10990952
61425,2623002.29047619
61426,4471658.78033333
61427,4116365.69393333
61428,3693779.85453333
61429,4074904.1978
61430,5228207.83457778
61431,4302247.38286667
61432,3580995.99936667
61433,4417923.74598571
61434,3464219.94500952
61435,4476144.35649524
61436,4459388.34563333
61437,3549583.50095397
61438,4399395.79164445
61439,4400876.92585238
61440,4412388.5695
61441,4875006.63416666
61442,4478323.88771111
61443,4392151.6642
61444,2398302.49799048
61445,3576275.89323334
61446,3412729.65162381
61447,4633038.9176
61448,4403236.25803333
61449,5198957.74542381
61450,4226396.38903333
61451,2848526.86102857
61452,4377101.68643333
61453,5727903.87513333
61454,3614272.89658095
61455,3517231.81196667
61456,3936865.51151429
61457,4500832.46080476
61458,3342809.81704286
61459,4429057.1485
61460,4199647.58196667
61461,5307430.89748572
61462,3864983.80416667
61463,3993392.48521111
61464,4832301.00006667
61465,4382069.9144254
61466,5058629.84588571
61467,4725550.09583333
61468,4093437.7669
61469,4374797.5168
61470,3591935.3284
61471,5676168.56536667
61472,3867025.49155397
61473,3292912.97377619
61474,4205257.51843333
61475,4219140.17595238
61476,4419638.95423334
61477,5004613.3
61478,4460731.8264
61479,4333947.49356349
61480,4337638.77033333
61481,4178243.65277143
61482,4257326.27333334
61483,4803667.88433333
61484,5099351.92803333
61485,5201957.21186666
61486,3264551.58823334
61487,3718631.63340952
61488,4226715.93836667
61489,4977448.6388
61490,3240886.69234762
61491,3505979.47416667
61492,4023374.25223333
61493,4801572.40466667
61494,4145362.82426667
61495,5451085.33891111
61496,4044769.37726667
61497,4067579.80140476
61498,4282213.43711905
61499,4092036.25787778
61500,4016117.31553333
61501,4346937.25431111
61502,4365034.66133333
61503,5053799.8265
61504,3329359.66417619
61505,3159232.46356667
61506,4393674.04063333
61507,4987941.69265238
61508,4803442.56284444
61509,4556020.89227619
61510,4757056.08923333
61511,3524843.72624762
61512,4151170.00663334
61513,4744519.92846666
61514,3953326.1347
61515,3709350.00936667
61516,4574439.94936666
61517,4316302.64292857
61518,4436125.37979683
61519,4726804.60846667
61520,4331116.10766667
61521,4629915.8606
61522,4944443.602
61523,4536649.75163333
61524,5053804.70536667
61525,4172109.12390476
61526,4381210.2932
61527,4045342.36673968
61528,4924437.4004
61529,4849545.70611905
61530,3821621.90857778
61531,4013535.43383333
61532,4919786.81943333
61533,4283445.90913333
61534,5123676.97483333
61535,5052848.54393333
61536,4126622.04666667
61537,4562518.13933333
61538,4289593.81326667
61539,4501072.90626667
61540,4986766.2279
61541,3887246.5008
61542,4262771.64956667
61543,2713066.63030952
61544,4166747.70450952
61545,4230939.09346667
61546,4275660.31876667
61547,3693318.669
61548,3518646.91584445
61549,4153233.6057
61550,5673648.00606667
61551,3645226.59827302
61552,5187152.1719
61553,3452427.97966191
61554,5183835.9373
61555,4157670.77226667
61556,4661360.03573333
61557,4633588.334
61558,4530701.7904
61559,4561737.39426667
61560,4362496.24703333
61561,3888635.23843334
61562,3568955.24060476
61563,4021459.0049
61564,3727211.42823333
61565,4823349.98826666
61566,4900674.79746667
61567,5060916.83606667
61568,4934169.60962857
61569,4088747.44073333
61570,5084181.59923333
61571,4104144.16648095
61572,5318049.98153333
61573,4722728.9277
61574,4116858.4466
61575,4907972.1557
61576,3667818.36949683
61577,3790090.3795
61578,4686519.23291428
61579,4365932.02117619
61580,4712651.39556667
61581,3397782.4453
61582,3955772.10843333
61583,4244833.76613333
61584,3942299.4447
61585,4201515.21453492
61586,4414793.69693334
61587,3857216.8726
61588,4020207.7723
61589,5110919.64698571
61590,4230246.25466667
61591,4508643.9253
61592,4409381.82806666
61593,3322932.04286667
61594,4729610.52373333
61595,5022820.67863333
61596,4740594.52642381
61597,4506245.53449524
61598,2696886.98212381
61599,4344983.6426
61600,4295128.83276667
61601,4087410.99189524
61602,4550226.93896666
61603,5210413.17343333
61604,4551238.8851
61605,4639857.64356667
61606,4267192.75056667
61607,3789013.07100635
61608,2978662.4399381
61609,4754701.45433333
61610,4080550.71836667
61611,4838818.65433333
61612,5417688.69996666
61613,4749444.6776
61614,4314696.967
61615,4443122.8511
61616,3837828.80767619
61617,5515264.8677
61618,3773074.09652381
61619,4621813.01102381
61620,4711053.48336667
61621,4433493.74856666
61622,3948477.17217143
61623,4761300.48356667
61624,4334189.99406667
61625,5040430.19943333
61626,4236240.62405238
61627,5252024.21763333
61628,4197629.40120476
61629,3837393.67467619
61630,5854582.74413333
61631,4091966.50131905
61632,4002128.5322
61633,3275894.65510476
61634,4089745.29756667
61635,4487524.04203333
61636,4457726.86513333
61637,3397717.11700952
61638,5062554.94841111
61639,3741000.67619048
61640,4058786.11831111
61641,4237390.56076191
61642,3935193.55083334
61643,3964727.1437
61644,4696647.69486667
61645,4164626.01896191
61646,4993556.67036667
61647,4694396.67598572
61648,4358099.5584
61649,4687266.39307857
61650,4394550.27296667
61651,3817935.94906667
61652,3244230.54467143
61653,3965514.05374921
61654,3934360.01624444
61655,4199524.0622
61656,4200147.98893333
61657,4606033.94287777
61658,4262802.04736667
61659,4502715.56896191
61660,4323737.36923333
61661,4910624.59368571
61662,4984890.98370476
61663,4201388.53783492
61664,4026918.41476667
61665,4041149.90190476
61666,4447660.86387778
61667,3390012.07423333
61668,3940547.25669524
61669,4359768.91907778
61670,4094992.5134
61671,4719227.21443333
61672,4759084.9459
61673,4924145.9117
61674,4301585.30965714
61675,5091921.7128
61676,4181599.93713334
61677,4336014.42043333
61678,4802572.96586667
61679,4420773.9779873
61680,4620740.50006667
61681,3844648.51976667
61682,4061536.79599524
61683,4743547.14906667
61684,4183979.4404
61685,4198489.76876667
61686,4026232.34507143
61687,4845047.51016666
61688,5007182.01118571
61689,3610528.52683333
61690,4659783.3191
61691,4044515.85813333
61692,4514254.24904445
61693,2940023.33342064
61694,4115411.92836667
61695,4061580.25373334
61696,4373816.41456666
61697,4638329.60153333
61698,4798074.85055238
61699,4379845.9607
61700,3569787.06394286
61701,3307457.82077619
61702,4839624.94939524
61703,3987113.53666667
61704,5170162.96836666
61705,3460158.21137619
61706,4167548.5845381
61707,4185828.32676667
61708,3807792.85203333
61709,5396605.4401
61710,5303209.4402
61711,5113902.37746667
61712,4825440.88896667
61713,3788032.70947143
61714,4776013.88053333
61715,4073947.7149
61716,4531916.34755238
61717,3958321.06203334
61718,4591925.71533333
61719,4779452.43013333
61720,4618198.41923333
61721,4994480.31976667
61722,3554641.97154286
61723,4795414.92363333
61724,4522362.51283333
61725,4512182.84814444
61726,4238393.32096667
61727,4461660.53296667
61728,4369766.03803334
61729,5272896.48963333
61730,4161638.5651
61731,5349867.08616667
61732,4512420.5454
61733,4623391.69998254
61734,4386297.31263333
61735,4397187.84423334
61736,4491814.52073333
61737,4481338.3625
61738,4503966.2989
61739,5162471.04936666
61740,4689809.65123333
61741,3464211.63596667
61742,4462987.4202
61743,4589538.33271111
61744,4180224.39675238
61745,3900324.0173
61746,4761202.62056667
61747,4532874.39319048
61748,4216552.05334444
61749,4969005.93643333
61750,3109135.90153333
61751,5267544.36645238
61752,3983173.44416667
61753,4261044.65164444
61754,3504935.7872381
61755,6213588.39773333
61756,3378057.24893809
61757,3688898.42696667
61758,3987868.97571429
61759,3659239.37719206
61760,3861161.56706667
61761,4825692.45343333
61762,4121151.04313333
61763,4499341.84496667
61764,3695931.09100476
61765,4150964.51076667
61766,3544843.7141
61767,4357977.76163334
61768,3562194.10770952
61769,4483740.7613
61770,4510047.81556667
61771,4643430.16382381
61772,4114430.0299
61773,4113289.22303333
61774,3867830.74035714
61775,4716574.57406667
61776,4606435.71873333
61777,5258618.2552
61778,4764156.4996
61779,5655718.9153
61780,4684390.3368
61781,4031266.06340952
61782,3922932.34026191
61783,4482920.22893333
61784,4029281.7969
61785,4228552.64816667
61786,3494613.21405714
61787,4086277.0272619
61788,4007666.73402857
61789,4205682.63825714
61790,4313752.79663333
61791,4590547.859
61792,3027245.45880952
61793,4926269.28538571
61794,4905035.83696191
61795,4616132.42796667
61796,4388703.9578
61797,4021387.853
61798,4902243.49449047
61799,4661583.8385
61800,4429503.69721111
61801,3792615.27587619
61802,3474194.4821
61803,3657782.89574286
61804,3122941.2302619
61805,4626412.4725
61806,4374180.3081
61807,4069380.02346667
61808,4381992.43680952
61809,4276252.73406667
61810,4487708.95345238
61811,4951875.87547778
61812,4041857.87703334
61813,5093357.47529524
61814,4322553.03388254
61815,4823685.51144444
61816,3707937.56278572
61817,3120214.56149207
61818,4747446.18793968
61819,4239685.62101667
61820,3273553.24633809
61821,4762218.05353333
61822,3080570.14506667
61823,4119781.17213333
61824,4488979.20473334
61825,4261183.8195
61826,4541103.25078333
61827,3896311.55303333
61828,4729396.47233333
61829,2494044.49227619
61830,4056817.6885
61831,4184168.45506191
61832,4209445.82734762
61833,3665788.04736191
61834,3275424.1493
61835,4735932.97066667
61836,3471842.63502857
61837,3686910.8186762
61838,3633014.80591428
61839,3919496.12782857
61840,5840651.54596667
61841,5204976.47746666
61842,4618765.60339524
61843,5027989.93253333
61844,2765278.02386667
61845,4618636.74531905
61846,4722676.69847619
61847,4144922.03013333
61848,3876367.40333334
61849,3887666.05163333
61850,4795165.60736667
61851,4168747.5531619
61852,3951154.34781429
61853,4000698.7185
61854,5103532.50496667
61855,3231367.52019524
61856,4657478.96286667
61857,4262323.7177
61858,4099080.19233334
61859,4955032.8007
61860,3829333.0538381
61861,3671133.49419524
61862,4162725.44033334
61863,4829402.2682
61864,4912840.31106667
61865,4590889.13933333
61866,4058852.18053333
61867,4398032.52993334
61868,4215922.73666667
61869,5354059.89836667
61870,4664722.33696667
61871,4739107.47646667
61872,3371024.6598873
61873,4551238.35343333
61874,5248702.0421
61875,4526255.89168571
61876,3127844.56614445
61877,3456073.25752381
61878,4255726.71242857
61879,5176287.34463333
61880,4335755.01816666
61881,4479327.23226666
61882,5403920.95796666
61883,4826486.9213
61884,4007134.48623333
61885,4515199.10393333
61886,4510790.47613333
61887,3857622.74002063
61888,4700316.6122
61889,4936447.4521
61890,4525626.1552619
61891,4192464.66516666
61892,4283595.76626667
61893,3515087.9338
61894,4504101.0404
61895,4741553.58786666
61896,2959223.10480952
61897,4738400.11605238
61898,4334421.22383333
61899,4787262.02013333
61900,5208944.9205
61901,3777617.4232
61902,3583373.77437619
61903,4808406.61546666
61904,3550667.01487778
61905,3135412.21536666
61906,3297329.3997
61907,3969670.05523334
61908,4531860.80566666
61909,4794759.77879524
61910,4758830.81736666
61911,4516066.92762857
61912,4413246.76353333
61913,4699545.19286667
61914,4464690.9717
61915,4197822.02661111
61916,4742949.36246667
61917,4393947.66348571
61918,4745812.01319048
61919,3078032.57056667
61920,3802464.88476667
61921,4180949.33183334
61922,3970063.44686667
61923,4370963.6131
61924,4105451.13133333
61925,2522927.76166667
61926,4653975.9563
61927,4171265.78123333
61928,4711270.2119
61929,4561857.92855238
61930,3707830.141
61931,4347359.91629048
61932,3401431.93126667
61933,4014597.7695
61934,4829918.72633333
61935,4730495.4064
61936,3601686.12916667
61937,5016733.70864762
61938,3939327.16258095
61939,4114459.58473333
61940,5014200.385
61941,4253518.36193809
61942,3358158.61699048
61943,4175647.73453333
61944,5990251.54153333
61945,4499311.54773333
61946,4370347.50963334
61947,3282129.54996667
61948,5005920.62333333
61949,4222644.30867619
61950,4345748.65786667
61951,4385292.22576667
61952,4229929.71383334
61953,3915776.09673333
61954,4537491.14913333
61955,4210835.59087302
61956,4121304.27221111
61957,3932115.15543333
61958,4383696.83224444
61959,3806098.781
61960,4860882.01603333
61961,4548974.87648095
61962,3663058.57576191
61963,4462921.14383333
61964,4642520.17826667
61965,4090067.52963333
61966,3494974.05569524
61967,3857015.77456667
61968,4115285.16533333
61969,3107691.94849524
61970,4186256.47986667
61971,4015959.06453333
61972,5707577.86616667
61973,5054716.35740476
61974,4825750.59753333
61975,4287144.15107778
61976,3661357.55522857
61977,4401416.61953333
61978,5230182.03138572
61979,4061166.81536667
61980,5268933.26626666
61981,4164207.7526
61982,3827302.04901111
61983,3661171.70787302
61984,3637350.56626667
61985,5082556.8577
61986,4535901.47942857
61987,5254795.55373333
61988,3892714.95960952
61989,4409016.07236667
61990,5240861.09796667
61991,4049445.8498
61992,4575084.7695
61993,3870171.11296667
61994,3876364.29586667
61995,3797922.92686667
61996,3769080.50116667
61997,4018881.12870159
61998,3210999.7374
61999,4494764.41873333
62000,3942929.0321
62001,3904794.26205714
62002,3650217.98569048
62003,4488902.82016667
62004,3902682.5723
62005,4170076.10893333
62006,4361878.4135
62007,5068354.97163333
62008,4059072.97423333
62009,3913247.09452857
62010,5454392.88523333
62011,4725797.4037
62012,3523347.93496667
62013,4363499.33226667
62014,5068093.43223333
62015,3317967.40095715
62016,4092458.34135238
62017,3487479.90345714
62018,3631328.68886667
62019,3113381.45739206
62020,4666515.43089524
62021,4519834.42986667
62022,4477901.07788095
62023,4356666.42712857
62024,4459923.23943333
62025,4219321.85913333
62026,3543006.58569048
62027,3421027.47414444
62028,4571546.84917143
62029,4599885.83446666
62030,4037395.2089381
62031,3838940.99833333
62032,4276790.4994619
62033,4643696.49231667
62034,2587343.66524286
62035,3436271.23656667
62036,4894083.83993809
62037,3959880.7009
62038,4508776.57746667
62039,4605251.16886667
62040,4957352.88816666
62041,4424905.98486667
62042,3554343.75687143
62043,3138356.62675397
62044,4435875.58923333
62045,5256274.5982
62046,4639802.91623333
62047,4218693.68606666
62048,3716186.03010952
62049,3898505.23771111
62050,3834976.99112857
62051,4748998.86933333
62052,5019779.71616667
62053,4385126.8543
62054,4711050.42526667
62055,4640688.5796
62056,5217046.52043333
62057,4882435.3997
62058,4432913.4414
62059,4466742.37323333
62060,5018822.93033333
62061,4569114.45883333
62062,3470881.51424762
62063,4537391.24153333
62064,3806701.28783333
62065,4017290.42324444
62066,4794850.27706667
62067,4337415.91843333
62068,4219982.0513
62069,4169297.2101
62070,4338562.13226667
62071,3867107.4958
62072,3388888.79763333
62073,4060989.62196667
62074,4035190.76
62075,4308541.1319
62076,4564270.00034286
62077,3661627.73013333
62078,5358308.36063333
62079,3004266.88702064
62080,4698734.05096667
62081,3830501.62366667
62082,3984973.92428095
62083,4807060.38861904
62084,4128258.62862381
62085,4783007.14226667
62086,3771323.14259524
62087,4302224.91451111
62088,3177887.02513333
62089,4876534.00899999
62090,4341431.45366667
62091,3731500.78876191
62092,4842802.32806666
62093,3197522.57033333
62094,3376976.20290476
62095,4759509.37153334
62096,4224072.40606667
62097,5013283.54823333
62098,4044001.51744286
62099,4217159.85486667
62100,4164168.18566667
62101,4703322.01843333
62102,3287544.03752857
62103,4690282.78536666
62104,5524639.82943333
62105,4317889.8852
62106,4006474.03437301
62107,4588428.83362381
62108,5463267.7466
62109,3993428.64714444
62110,4309987.1473
62111,4536803.46444444
62112,4327776.70474762
62113,4242748.25903333
62114,4348645.13646667
62115,3583820.52966667
62116,3440313.77151111
62117,3425262.26916191
62118,4727366.08945238
62119,4852964.555
62120,4490081.99726667
62121,4346541.17914762
62122,4740782.54818095
62123,4008888.47653333
62124,5154883.32556666
62125,4268497.93066667
62126,4066672.9252
62127,4391602.2558
62128,4372736.88183333
62129,3357984.0886254
62130,4836555.74516667
62131,4377932.76096667
62132,4789205.05253333
62133,4985517.71451667
62134,4151333.25736667
62135,4516541.52553334
62136,4706298.74673333
62137,4499013.57170476
62138,4078838.32894445
62139,4315606.8856619
62140,4302167.45566667
62141,4219261.2670254
62142,3519333.74365714
62143,4279740.27466667
62144,3682066.20567619
62145,4740260.8360381
62146,3342038.79004286
62147,4367764.94878571
62148,4427536.54046667
62149,3664482.80006667
62150,3873275.36941111
62151,4761544.1899
62152,4299476.72073333
62153,4854788.89556349
62154,3688350.72963333
62155,4130636.28319524
62156,4156337.3179
62157,3090765.56796667
62158,5264597.87476667
62159,3586144.86576667
62160,4273820.70183333
62161,3803316.98303334
62162,5167532.6387
62163,4504979.99553333
62164,4134425.70075714
62165,4685429.0553
62166,4876019.22092857
62167,3927704.75639524
62168,3124660.80198095
62169,3450276.40022857
62170,3727009.72613333
62171,4297755.46427778
62172,5624666.0248
62173,4102164.21936191
62174,3667233.9251381
62175,3455568.18912381
62176,4043159.01481111
62177,3332861.39432857
62178,3743765.17163334
62179,3248309.8923
62180,4435586.24331111
62181,4384419.05532857
62182,4998197.72646667
62183,4215541.06313334
62184,4159097.72957619
62185,4947076.96607778
62186,3854261.12611111
62187,4626975.06596666
62188,4515995.05228571
62189,4223223.09990953
62190,4782903.6321
62191,5669771.29823333
62192,4892545.54236666
62193,4435902.45500952
62194,4709342.73963333
62195,4169617.37944286
62196,4596095.43223333
62197,4837852.19703333
62198,4323518.15236667
62199,3547898.64988095
62200,3728751.20619048
62201,4892695.01419524
62202,4777561.47099524
62203,2906554.44826667
62204,3528729.71953333
62205,3111440.23533333
62206,4610409.1987
62207,4152022.59590476
62208,4176531.63390952
62209,5011938.054
62210,3790567.09846667
62211,4446745.29672381
62212,4241841.98613333
62213,4701024.02557143
62214,4923670.63293333
62215,4788465.61466666
62216,4730531.9104
62217,2720628.818
62218,5113761.7768
62219,3034026.21927619
62220,5004753.30996666
62221,3697563.96407619
62222,5192416.7413
62223,3883492.974
62224,4665514.94096666
62225,3596905.84981588
62226,4766557.29722381
62227,5689258.60475238
62228,3086359.89973334
62229,4566954.135
62230,4947298.2194
62231,3883128.4046
62232,4406148.00992857
62233,3041898.88432857
62234,4076053.43752857
62235,4990984.54573333
62236,3181192.4397381
62237,4299491.9086
62238,3899033.1037
62239,4198917.80313333
62240,4649694.09556666
62241,3721326.77913334
62242,4509113.83663333
62243,4232882.50576667
62244,3708662.71403333
62245,4402699.11736667
62246,5055566.4311
62247,4382155.3164
62248,3489493.45901111
62249,4564221.02103334
62250,3330288.46696667
62251,3812124.73256667
62252,3198728.57407778
62253,3318870.38123333
62254,4239096.34873333
62255,4676921.92746667
62256,4632695.97573333
62257,3173467.90706191
62258,4827276.15053333
62259,4526104.97896667
62260,4583800.95641111
62261,4425881.1335619
62262,5344107.09823334
62263,3660537.566
62264,5291769.9594
62265,4577079.2402
62266,4485965.64805397
62267,4558714.27052857
62268,4473348.83483333
62269,3868070.83924286
62270,4911136.121
62271,3937864.13271587
62272,4892213.12803333
62273,4097544.58395238
62274,4456659.25303333
62275,3089926.16197778
62276,4514047.41003333
62277,4606433.36671429
62278,4429267.02433333
62279,4597844.67556667
62280,3333851.18589524
62281,4183560.10291428
62282,4121229.16054286
62283,4717025.0308
62284,3901356.1106
62285,3825224.57539048
62286,5071486.14176667
62287,5286709.09603333
62288,4312657.79926667
62289,5103242.47827619
62290,4852783.0112
62291,4404603.83224286
62292,4222654.92240476
62293,4647096.51299524
62294,4943819.32713333
62295,4425585.0027
62296,4182563.23523333
62297,4659271.66916667
62298,4235304.76667619
62299,4406973.46153333
62300,3345588.13014921
62301,4585198.004
62302,3302748.1271
62303,3983726.88006667
62304,4214784.9051
62305,4827798.1712
62306,3839303.46845397
62307,4125268.07246667
62308,4488657.25026667
62309,3894528.66043333
62310,4717307.79576667
62311,3323638.97083809
62312,5284285.26443334
62313,4695463.65326667
62314,5641674.63513333
62315,4156861.81430952
62316,4991475.47538571
62317,5248702.0421
62318,5546914.5316
62319,5238900.82403333
62320,4795057.26061111
62321,4308989.689
62322,4974222.35286666
62323,4117767.07484286
62324,4653033.232
62325,3817306.0026
62326,3665600.95150476
62327,4762607.9794
62328,4753070.13846667
62329,4617421.02654286
62330,4254720.0741
62331,4802468.24733333
62332,4570782.61226667
62333,3214365.88859048
62334,4089705.56126191
62335,4493770.36706666
62336,5029984.48113333
62337,4822276.6861
62338,4586015.08236667
62339,4910828.83113333
62340,5332096.87896667
62341,3862596.67833334
62342,4617481.2101
62343,4081352.7532
62344,4145231.37916667
62345,5375741.37873333
62346,3764647.15078572
62347,4295698.9779
62348,5584421.5998
62349,3909274.55492381
62350,4490451.48576667
62351,4360600.3889
62352,4054722.74306667
62353,5315075.20179524
62354,3879251.48409048
62355,3393990.45509683
62356,4392452.84484762
62357,3956670.55563334
62358,4207255.06915714
62359,4452270.9731
62360,4515058.07147619
62361,4762820.03256667
62362,4157173.3882381
62363,5432725.18276667
62364,3772443.73636191
62365,3734699.7282
62366,3654185.09224444
62367,4513979.19788333
62368,4733791.56803333
62369,5134473.17548333
62370,4774892.8731
62371,3726576.66226191
62372,4150158.4736
62373,3186596.58108095
62374,4029190.90643333
62375,4746765.11463333
62376,4821230.31493333
62377,4259314.12486667
62378,4821931.13929524
62379,4176486.59286667
62380,4067436.13053333
62381,3212451.25969048
62382,4022712.71626667
62383,4926569.6296
62384,4629519.38988571
62385,3571445.70373334
62386,3212423.3248619
62387,4590524.08413809
62388,4124738.59437778
62389,3053438.72225397
62390,4886973.44386666
62391,3599305.23223333
62392,4956642.35826667
62393,3645507.68526667
62394,3363636.24517143
62395,4492875.69687778
62396,4288462.29136667
62397,4634580.50596667
62398,3338354.99781111
62399,4666392.62516666
62400,4184750.82901904
62401,5276846.49921905
62402,4057917.75466667
62403,3533124.63226667
62404,4581492.8716
62405,3917457.02298571
62406,4335481.70786667
62407,4514677.36203333
62408,4483378.57403333
62409,4157506.47383492
62410,4829659.1502
62411,3802374.22836667
62412,4359412.30553334
62413,4394428.949
62414,4392998.58986667
62415,4501612.8806
62416,3688882.24656667
62417,4129868.2037
62418,5241646.10013334
62419,3791662.09363334
62420,4794761.6512
62421,4736326.74226667
62422,4006972.4616
62423,5181337.40626667
62424,3860901.82263333
62425,4527520.6802
62426,4240412.50906667
62427,4633478.30146667
62428,4066325.76916667
62429,4551587.73806667
62430,6045936.181
62431,4709818.9822
62432,6056558.80026667
62433,4871281.4006
62434,4501067.67502857
62435,4548895.19813333
62436,4628030.31053333
62437,3946372.66826667
62438,3753719.90961111
62439,3993320.96176667
62440,4347149.88684445
62441,4548875.29433334
62442,2654810.97662381
62443,4258087.51666667
62444,4093940.78756667
62445,4851538.10766666
62446,4735338.47703333
62447,4111316.55016667
62448,4471473.9682
62449,4701050.52213333
62450,4751181.43313333
62451,4783542.54
62452,5314688.83303333
62453,4061278.69053333
62454,3944010.04056667
62455,5404966.30213333
62456,4922648.96123333
62457,4404446.09883333
62458,3891033.80580953
62459,3116460.43590476
62460,3305601.31904286
62461,3798487.77646667
62462,4525500.44874444
62463,4342152.2098
62464,4786788.39983333
62465,4830968.8727
62466,3792367.29607778
62467,4144815.05516667
62468,4604627.14514444
62469,4154287.8516
62470,4737591.20063333
62471,5526702.2377
62472,4294718.358
62473,4838717.3989
62474,4508070.08213333
62475,3637375.41828572
62476,4145279.52383333
62477,4014511.70822381
62478,4755583.21726667
62479,4655233.9312619
62480,3577645.39618096
62481,3621906.68953333
62482,4786683.441
62483,4671686.194
62484,4247634.52436667
62485,4519178.65457778
62486,4835787.4821
62487,3232980.86124762
62488,4012564.0028
62489,3800649.1629
62490,4354307.02403333
62491,3703024.17294445
62492,4411569.1738
62493,3840730.27558571
62494,3979230.8585
62495,4659527.24603334
62496,4672040.44038095
62497,4543141.32503334
62498,4086500.91236666
62499,4064414.30832381
62500,3526300.49313492
62501,3315322.72739524
62502,4977535.88403333
62503,4930560.1224
62504,3878109.5894381
62505,4622569.31026667
62506,3660556.1541
62507,5045209.02043333
62508,4601201.49791905
62509,4854208.0763
62510,3984661.42587778
62511,4389672.545
62512,4829677.82386667
62513,3206071.57315873
62514,5133235.15202857
62515,4029908.95165397
62516,4645613.43806667
62517,3249503.0183
62518,4647879.49311904
62519,3962567.36055714
62520,3992384.05205715
62521,3464482.76462064
62522,4851480.4534
62523,4582107.73293333
62524,5316289.7926
62525,4673303.87283334
62526,4286583.07513333
62527,4091764.01503334
62528,2482171.68827619
62529,4598018.33453334
62530,3597276.61458095
62531,4169351.8281
62532,5074732.5424
62533,4321549.35202857
62534,4201742.69829048
62535,4759746.63883334
62536,4074631.23977778
62537,4099585.33105238
62538,3861944.6787
62539,3420021.40616667
62540,3801700.80402858
62541,3253612.018
62542,4655004.56626667
62543,4320813.248
62544,4491229.64986667
62545,3435266.69049206
62546,5306453.9485
62547,5148800.84956666
62548,3473115.24003333
62549,4166042.87
62550,4108218.89216667
62551,4408473.15282857
62552,4525055.37333333
62553,4761664.6504
62554,3066351.23142381
62555,4498483.3128
62556,4558429.03926666
62557,4704396.72703333
62558,4159008.98963334
62559,3451264.18282381
62560,4620461.671
62561,4689567.33657778
62562,4648982.84561666
62563,3937608.88736667
62564,4896407.13453333
62565,4279470.9217
62566,3816764.39316667
62567,4563952.13826667
62568,3797195.95754286
62569,5175204.3647
62570,3762196.56593333
62571,3528197.61763333
62572,4146216.0793381
62573,4559036.4261
62574,3670526.6683381
62575,5011352.68906667
62576,4945425.6765
62577,4688694.16593333
62578,5666231.8508
62579,4666995.31296667
62580,4086542.7431
62581,4440919.48616667
62582,4467706.35165397
62583,4823464.42276666
62584,4316893.32714921
62585,4283537.52853333
62586,5636780.28046667
62587,3340981.06296667
62588,5226585.97083334
62589,4159336.35013333
62590,4117839.4563
62591,3692618.62283333
62592,3819275.91880477
62593,3769793.60526667
62594,5193492.92528571
62595,3762546.211
62596,5924737.82673334
62597,3224613.79873333
62598,4865994.1391
62599,4799886.2633
62600,2869049.20206667
62601,4323074.51967778
62602,3736875.87894762
62603,5345183.45876667
62604,4226201.86853333
62605,3519590.92622857
62606,4372692.72375238
62607,3134698.89734286
62608,4286048.13327619
62609,4285038.02896667
62610,4013157.63635
62611,4686340.76333334
62612,3929368.3637
62613,4432610.25450476
62614,3760519.45657778
62615,4577611.76416667
62616,4074093.94976667
62617,3744824.04201588
62618,3754648.18603333
62619,3641263.52736825
62620,4086284.46565397
62621,4243805.91169048
62622,4512296.06414286
62623,4742961.72253333
62624,4216507.69826667
62625,4576128.58765238
62626,3702254.15333334
62627,4699961.19706667
62628,5209760.7251
62629,4868289.16490953
62630,4634225.72723333
62631,3925383.72116667
62632,4216129.88966666
62633,4017577.0368
62634,3654969.58691111
62635,4499128.67876666
62636,5222709.71123333
62637,3692167.67939048
62638,4626575.69015238
62639,3838203.64231111
62640,5041251.20546667
62641,4321384.7474
62642,5552880.97983334
62643,4230970.94033333
62644,4207566.23496667
62645,4513925.79993333
62646,5228925.99426667
62647,3405092.82537143
62648,4139061.5405
62649,3993122.3519381
62650,4680081.75386667
62651,3303444.2219
62652,3342336.72123334
62653,3724511.51717778
62654,4734129.49106667
62655,4451252.93476667
62656,3999324.31666667
62657,4909706.11316667
62658,4216922.2517
62659,3611072.04570476
62660,4583549.58328095
62661,4089645.0590619
62662,4595236.2664
62663,4150104.85771428
62664,4349137.64032857
62665,4478038.63737778
62666,4784124.06393333
62667,4685494.185
62668,4474654.62163333
62669,4776862.55398571
62670,3602026.10929524
62671,4697054.8767
62672,4034600.27186667
62673,3801554.69834286
62674,4812177.9129
62675,4258099.84051111
62676,3851815.48630952
62677,3931324.90399524
62678,4178163.27986667
62679,4895286.98623333
62680,4797905.16136667
62681,4854652.88763333
62682,4424877.34484762
62683,5016572.17458333
62684,4683915.79167778
62685,3594741.79899048
62686,4358143.12011111
62687,4736854.94123333
62688,4511609.22206666
62689,4951010.90338571
62690,2872839.57007143
62691,3750612.39433334
62692,3940479.79856667
62693,4515759.64373333
62694,3561152.71356667
62695,5250320.84868571
62696,4278465.9634619
62697,4293196.61273333
62698,4418517.0424
62699,4993455.70216666
62700,4329729.422
62701,4984890.98370476
62702,5277475.87312381
62703,4583891.83856667
62704,4507564.8865
62705,3787490.66145238
62706,4284298.1079
62707,4465421.05812381
62708,4796742.9982
62709,4924197.8788619
62710,4170425.89313334
62711,5042752.58763333
62712,3680821.80436667
62713,4353554.55734444
62714,5391755.0732
62715,4577636.40203333
62716,4356515.09526667
62717,4918753.95332381
62718,4188008.15766667
62719,4259235.36436191
62720,3968954.97803333
62721,5137395.26733333
62722,4123969.20436667
62723,3114008.99574445
62724,4155118.96666667
62725,4416914.20639524
62726,4955917.9687
62727,4113576.22926667
62728,4530200.81934286
62729,4196218.20952857
62730,4952391.94496667
62731,4455116.60156667
62732,4739830.92196666
62733,4099199.8014
62734,4351642.70243333
62735,4193684.00285715
62736,4472340.14407619
62737,5219926.37566667
62738,3785010.18477778
62739,4660298.7899
62740,4010234.92906191
62741,3533293.5114
62742,4528310.12321428
62743,4674508.847
62744,5507503.3917
62745,4883047.7483
62746,4927254.336
62747,5314235.82713333
62748,5338152.5991
62749,4796850.0976
62750,4487921.57293333
62751,3206101.1067
62752,4314907.34786667
62753,4551696.69527143
62754,4220499.13466667
62755,4688655.06477619
62756,4432824.0779
62757,3552837.55667619
62758,4920039.36326666
62759,4395132.14116666
62760,3866067.0578
62761,5068579.80521905
62762,3503525.38849048
62763,3941573.84356667
62764,2785617.21274762
62765,3495919.3054
62766,3864672.39403333
62767,5483217.67116667
62768,4860808.45369523
62769,4517485.01476666
62770,3516725.67226666
62771,4574822.54326667
62772,5165513.25486666
62773,4146856.68779524
62774,4524064.6777
62775,5199083.13963334
62776,3927789.28163333
62777,4883279.98166666
62778,4807606.74623333
62779,3467313.27267143
62780,5260281.73093333
62781,4252444.92643333
62782,3509881.12072381
62783,4655909.4762
62784,3870665.53637619
62785,4736992.99633333
62786,3909377.71097778
62787,4671681.02613333
62788,4362207.54383333
62789,4901492.167
62790,3672040.94952381
62791,4127103.01856666
62792,4301152.1234
62793,4804228.32688571
62794,4770154.27839524
62795,4778513.99549523
62796,4067217.62173333
62797,4565658.90373333
62798,4090329.62469524
62799,4056532.0546
62800,5183309.89076667
62801,3972734.57265238
62802,4763311.0969
62803,3930786.55386826
62804,4463505.44273333
62805,4439967.98503333
62806,5385866.03183333
62807,3947542.08492381
62808,5125997.36576667
62809,5098783.77173333
62810,3499007.00826667
62811,5227051.38426666
62812,5413854.6805
62813,4211829.16603333
62814,4847638.7826
62815,4863235.5258
62816,3570472.79166667
62817,4574425.90563333
62818,5507595.91196667
62819,4361621.54262381
62820,5230341.56721905
62821,4848228.54532857
62822,4822257.15279524
62823,3902481.03254286
62824,4177643.65576667
62825,3075397.0791
62826,4516332.86486667
62827,4241658.86098571
62828,4992545.61206667
62829,4871879.0604
62830,3891804.2244
62831,4875721.43543333
62832,4482139.20951429
62833,3746479.36173333
62834,4145168.44456667
62835,4042449.56626667
62836,3857012.24217619
62837,2870040.17897619
62838,4204978.0789
62839,3933146.02393333
62840,4675075.78653333
62841,4328362.3659
62842,3031858.09177619
62843,4320320.49563333
62844,4518095.07336667
62845,3501881.11163333
62846,4061049.09896667
62847,5521602.15386666
62848,4123396.76893333
62849,5243426.66465238
62850,4265718.14106667
62851,4857531.99556667
62852,4635154.88556667
62853,4016253.80477619
62854,3940483.2736
62855,4152741.227
62856,3301635.60694286
62857,4047152.58886667
62858,3460364.3785
62859,4676351.2115
62860,3274320.75910476
62861,3245560.00764445
62862,4620463.48293333
62863,4144832.61476667
62864,4378863.825
62865,4484626.16234444
62866,4404856.06393333
62867,4368395.9931
62868,4269112.4379
62869,3816866.1903
62870,4720733.25278571
62871,4279756.44571111
62872,4183716.86193334
62873,3675265.85223333
62874,3355023.30347619
62875,4838602.52756667
62876,3661071.0869
62877,4783253.45333333
62878,5297377.01636667
62879,4436301.96153333
62880,5188480.87574444
62881,4007450.05366667
62882,4052435.36506667
62883,4403486.97483333
62884,4085544.2278
62885,4525897.83371111
62886,4422349.22770635
62887,4039440.41866667
62888,3556671.50237778
62889,4269066.46235952
62890,3704857.70957143
62891,4156018.35526667
62892,4584449.4236
62893,4599845.84197777
62894,4431981.08283333
62895,4768637.7017
62896,3762783.14403333
62897,3449686.954
62898,3320813.1875
62899,3029764.0187
62900,4916413.4521
62901,3666783.34566667
62902,4559178.60665714
62903,4096645.67623334
62904,3919232.89123333
62905,5464347.6521
62906,4053364.6136
62907,3754598.7584
62908,4555974.50283333
62909,3514492.42936667
62910,4764481.64963333
62911,4093133.16616667
62912,4566754.29473333
62913,3926655.69856667
62914,2907229.97633016
62915,3406246.59703334
62916,4667542.74816667
62917,3649722.31644921
62918,3832963.80866191
62919,4751897.3151
62920,3849432.07971111
62921,3780510.03217778
62922,4493307.71691111
62923,4783720.6707
62924,4810418.64076666
62925,3286762.45096667
62926,3583723.07654762
62927,4687405.0882619
62928,4663244.9008
62929,5145939.83686666
62930,4517116.71193333
62931,4720176.62903333
62932,5535095.46983333
62933,4719484.58751111
62934,3810009.91569524
62935,4143375.29756667
62936,4716822.29333333
62937,4491334.22243333
62938,4609224.4024
62939,4706638.33296667
62940,5349625.24256667
62941,4786833.05296667
62942,4344570.62803333
62943,3214830.7373619
62944,4330125.83556667
62945,4423390.72146667
62946,4584676.90353333
62947,4507100.32519682
62948,4794062.70236667
62949,4273201.25733333
62950,3765517.10215238
62951,3614881.88936667
62952,4735006.2699
62953,4207270.58383333
62954,5316027.16736667
62955,3950016.20263334
62956,4980847.09573333
62957,3082977.80292857
62958,3481293.41125714
62959,4075291.117
62960,3488485.47576667
62961,4910584.58165238
62962,4452874.0368
62963,4566970.32556666
62964,3844302.97056667
62965,4828494.52793333
62966,4686575.50783333
62967,5484920.80158572
62968,4645935.83033333
62969,4434860.8053
62970,4163569.28113334
62971,3789564.42307619
62972,4376672.84443333
62973,3981230.21417301
62974,4395566.94754762
62975,4720992.18092857
62976,4528134.4083
62977,4395285.7544
62978,4149694.84716667
62979,5625248.06546667
62980,5254108.95823333
62981,5510241.22453333
62982,4968439.73126667
62983,4151899.31167143
62984,4105618.02846667
62985,4046466.13651111
62986,4659824.18636667
62987,4290283.15153333
62988,3659192.84229524
62989,4023631.53109524
62990,3635090.30743333
62991,4710901.72273333
62992,5494352.33603333
62993,3408515.85880476
62994,4663519.98310952
62995,4095098.94593334
62996,4736895.85719524
62997,4494742.91948572
62998,5065401.08486667
62999,4438796.19826667
63000,4933189.73763333
63001,4824775.50096667
63002,4496893.9965
63003,3603993.12842064
63004,5080194.12833333
63005,3273767.6133
63006,4288325.9692
63007,3873709.2342
63008,4633588.334
63009,4177163.4802
63010,4251207.6348
63011,4155148.28127619
63012,4024492.91316667
63013,4829646.69778095
63014,3918965.52387619
63015,4318299.07091111
63016,4826693.56566666
63017,4168450.62696667
63018,3262991.75177778
63019,4018171.57140952
63020,4964776.42993333
63021,3346269.54978095
63022,4347150.23916666
63023,3965915.7708
63024,3370058.078
63025,4706864.63206666
63026,4230160.00881111
63027,3856798.47487619
63028,4687527.3966
63029,4280846.07716667
63030,4536476.98963333
63031,4237050.76886667
63032,3544062.89883333
63033,4234538.58673333
63034,4531083.33143333
63035,4403309.1054
63036,4200971.83846667
63037,3213263.9930254
63038,4596360.95943333
63039,3821501.98803333
63040,4639438.13806666
63041,4292632.18033333
63042,4122568.8153
63043,4901277.49416666
63044,4773787.60246667
63045,4144694.57354762
63046,4957562.50003333
63047,3827377.87097302
63048,3316678.3678
63049,4338152.61726667
63050,4644090.3458
63051,3150810.74325714
63052,4622948.02983333
63053,3978226.26811111
63054,5129481.87833333
63055,5093782.09673333
63056,3543145.64795238
63057,4996976.63213333
63058,5067223.90836667
63059,4216832.53961905
63060,5291615.77493333
63061,4314369.29376667
63062,4464721.84183333
63063,3714664.88271429
63064,3902428.31213333
63065,4127504.51166667
63066,4931799.92966666
63067,4701173.28856666
63068,4236867.62803333
63069,4847063.10376667
63070,4532124.8504
63071,3351911.76870953
63072,4745186.95627778
63073,4585266.5743
63074,3894539.69251111
63075,4831651.71860476
63076,4889657.74651905
63077,3452890.76123333
63078,4336530.15556667
63079,3889667.66353333
63080,4429188.18286667
63081,4487586.8061
63082,4192975.60373334
63083,3341500.93024445
63084,3417117.92193333
63085,4465961.55243333
63086,4416935.41616667
63087,3621260.01861111
63088,4844739.72783333
63089,4473586.93606667
63090,3647683.6688
63091,5130779.86953333
63092,4858522.07536667
63093,4812743.81817301
63094,4134601.63173333
63095,4213504.88316667
63096,4628350.5242
63097,3645546.10037778
63098,5257784.914
63099,4487824.53760953
63100,4498731.71876666
63101,4129868.9876
63102,4544709.44643333
63103,4597721.28043334
63104,5205251.3341
63105,4502386.23233333
63106,4358713.05086667
63107,4740297.4406
63108,4585309.86603333
63109,4361657.79533333
63110,4620035.81456666
63111,4634940.70867143
63112,3967515.5819
63113,4831915.77513333
63114,4264306.81593334
63115,5000460.61502857
63116,2861811.29286191
63117,5211493.44443333
63118,4978368.12703334
63119,4566586.4075
63120,4626108.77283333
63121,4900495.9618
63122,4394010.99718572
63123,4719780.23146666
63124,4039259.62163333
63125,4209751.80116667
63126,3656145.19963333
63127,2557377.7859
63128,3984947.7073
63129,3866769.95283334
63130,4694124.67266667
63131,3813388.69566667
63132,4103194.17167619
63133,4598616.35793333
63134,4283196.87253333
63135,3871279.5384
63136,5260681.57104762
63137,4718463.74676666
63138,4058052.16563333
63139,4188721.28241428
63140,4782097.49546667
63141,3226120.23515714
63142,4631150.44846666
63143,3682628.77136667
63144,4141035.0143
63145,3621401.48921587
63146,4577860.59905
63147,3479244.46155714
63148,4494759.29456667
63149,2841396.02015397
63150,4364303.26013334
63151,5182248.82886667
63152,4575335.33092857
63153,5272330.59509524
63154,4022991.27777778
63155,4916466.57022857
63156,4793746.13743333
63157,4836924.92
63158,3982932.4995
63159,4090970.75903333
63160,4287822.22846667
63161,3970330.71526191
63162,5567144.4342
63163,4629062.616
63164,4503038.04473333
63165,2359441.32004286
63166,5056230.61973334
63167,4325855.5095
63168,4639518.54244286
63169,4207180.55333333
63170,3681108.75966667
63171,4063497.68385238
63172,4356731.54786667
63173,5145300.0212
63174,4342956.26946667
63175,3737057.46587143
63176,4798973.69283333
63177,4408413.84603333
63178,5413679.74515238
63179,3216080.57730635
63180,4457368.91572858
63181,4936783.32193333
63182,3988434.65528254
63183,4794571.66655238
63184,4068946.6581
63185,4205801.6044
63186,3832149.10411111
63187,4672175.57966666
63188,2778609.58183333
63189,3922408.33186667
63190,3691778.2442
63191,2726257.70729683
63192,4517905.96376667
63193,4467315.33166667
63194,3989111.14806667
63195,4549420.81163333
63196,3986290.1914
63197,4281604.29696667
63198,4567987.7947
63199,4697558.67913333
63200,4218131.34413333
63201,5176314.68653333
63202,4553210.93203333
63203,4230916.4886
63204,4910776.15693333
63205,4430339.84924286
63206,4363307.5971619
63207,3540768.61028571
63208,4425522.35456667
63209,4297219.10533333
63210,4587353.0813
63211,3272556.2644873
63212,4902491.21903333
63213,3282072.85267778
63214,4451406.26381666
63215,4781860.77241905
63216,4722357.91463333
63217,4845668.71426667
63218,3220171.14563333
63219,4250899.0711
63220,3769736.23442381
63221,4675513.13726667
63222,4286718.5087
63223,4025863.23033333
63224,4306040.6114
63225,4606421.96253333
63226,4447192.1603
63227,4413262.62353333
63228,4720793.68716667
63229,4721813.09646667
63230,4803494.8231
63231,4401461.15083333
63232,4143746.44776667
63233,4613778.73983333
63234,4037231.31996667
63235,4431148.6084
63236,4417514.7176
63237,4926827.00749524
63238,4325985.75683333
63239,4617889.29082857
63240,4490422.5849
63241,3422175.80465714
63242,5087113.87656666
63243,4696798.56123333
63244,4291059.6038
63245,4810667.76263333
63246,4589909.8078
63247,3990915.00696667
63248,4075754.67243333
63249,4893813.33873333
63250,3725872.63879048
63251,4804776.87472381
63252,4279390.23176667
63253,4747234.2576
63254,3807847.45657778
63255,3913510.88393334
63256,4626975.82546667
63257,3431010.45346667
63258,4463736.1497
63259,4677789.0301
63260,4023414.3853873
63261,4144515.05536667
63262,3720302.47917619
63263,5133536.30858095
63264,5091856.53415238
63265,4140354.72509206
63266,3972108.06736191
63267,4283456.84976667
63268,5368642.99876667
63269,3492938.63886667
63270,4425937.52746667
63271,4298235.89626667
63272,3877678.9865
63273,5152828.25590476
63274,4408782.96952381
63275,3822403.98173968
63276,3621584.71411429
63277,5352980.38696667
63278,3993397.26213809
63279,2978641.08570952
63280,3765090.28645873
63281,2898297.43446667
63282,3857217.14313334
63283,3891381.5748
63284,4878188.20307778
63285,4343047.93334445
63286,4103043.65279524
63287,3991322.2818
63288,4490114.92236666
63289,4820212.1436
63290,4597834.6988
63291,4830886.21729524
63292,3653114.46183333
63293,4496484.51813333
63294,4297892.27613333
63295,4840005.02162857
63296,4412762.31353333
63297,4364563.12946667
63298,4223845.47206667
63299,4103469.7558873
63300,4832741.80003333
63301,3343321.53003333
63302,3020866.7798
63303,4479188.43823333
63304,2404193.29339048
63305,4768886.20093333
63306,3974830.65943333
63307,3506982.03206191
63308,3279681.60576349
63309,4414639.28293333
63310,4423651.78812857
63311,5058366.67416667
63312,4418862.29269048
63313,4570209.647
63314,2892858.52990476
63315,4624010.75092857
63316,4614022.32574286
63317,4194789.94343333
63318,5255802.56664444
63319,5113413.0533
63320,3981815.5528
63321,4235913.49106667
63322,4787575.95713334
63323,3756793.37273334
63324,3862914.651
63325,6156030.69246667
63326,4241491.51983333
63327,5085685.32173333
63328,3833535.09843333
63329,3891037.35426667
63330,3797407.0979
63331,3833154.53506667
63332,3658047.3509619
63333,5189441.99966667
63334,5800611.3798
63335,4804190.6729
63336,4110188.6336
63337,5054666.48356667
63338,3503623.70686667
63339,3754908.20400476
63340,3853797.5835
63341,4628238.19303333
63342,4022738.86996667
63343,4006874.76616191
63344,4088174.5878
63345,4750157.52936666
63346,4171291.42361587
63347,3197783.38473333
63348,4665326.77766667
63349,4791107.15393333
63350,4098094.4417
63351,4355700.71546667
63352,4197917.63173333
63353,4347373.16713333
63354,4204662.2908
63355,4276010.14857778
63356,4475957.3463
63357,4959365.05586667
63358,4150535.9113
63359,4262627.2315
63360,4344573.17834445
63361,5302509.74363333
63362,5271062.93138572
63363,3541308.4782381
63364,3790925.54427778
63365,5220441.82763333
63366,4358683.18469524
63367,4806875.11026667
63368,5016521.12773333
63369,4342784.9697
63370,4876058.63426667
63371,4184614.3808
63372,5094684.8116
63373,4035596.7349
63374,4087253.00095714
63375,4499555.0346
63376,4587747.29853333
63377,4840211.54323333
63378,3766654.62579524
63379,2732223.20026349
63380,4019199.09889048
63381,4243415.6516
63382,4996540.4957
63383,5118495.7613
63384,3623413.84613333
63385,4353857.749
63386,4557493.05173333
63387,4950821.66843333
63388,4424358.02586667
63389,4301149.9748
63390,4086798.58276667
63391,4568558.39076667
63392,4795825.05817143
63393,3766526.31393333
63394,5057287.86273809
63395,3987693.32417778
63396,4997006.12283333
63397,4897366.4552
63398,4591613.35631111
63399,3852171.21049524
63400,3869445.7559
63401,3534953.97323334
63402,4533248.4191
63403,5090548.66706666
63404,4987520.9908
63405,5040907.22183333
63406,4330811.55443333
63407,2502670.3955
63408,5042922.4105
63409,4821158.3571
63410,5404824.1621
63411,4777764.81506667
63412,3420604.16553334
63413,4800569.3357
63414,4540300.84753333
63415,4179710.62620476
63416,3973263.04131905
63417,4152860.27196667
63418,4007874.60386667
63419,4126464.86993333
63420,5162624.01603333
63421,3846644.25196667
63422,4715823.7329
63423,3998727.14833333
63424,4790882.45521111
63425,4638071.99593333
63426,4677496.63932857
63427,2525994.74972381
63428,4300275.77406667
63429,4218406.98253333
63430,4203041.60586667
63431,5389239.69976667
63432,4114656.59653333
63433,3713762.26869524
63434,3679783.81821111
63435,3749109.90016667
63436,3975454.35626667
63437,5317771.62506667
63438,4156414.45383333
63439,4231458.59136667
63440,4624308.8810619
63441,4934033.12626667
63442,5196823.6848
63443,3712198.66833334
63444,4692997.31305238
63445,4056315.7076
63446,4434964.71226667
63447,3286133.55795397
63448,5105254.91356667
63449,4541283.85666667
63450,4044464.47766667
63451,4501930.97766667
63452,4664815.18445714
63453,2461041.66284286
63454,5052030.25933333
63455,3691783.45454762
63456,3611022.39759048
63457,4772219.11193333
63458,4273093.01939048
63459,4287935.19552858
63460,4404154.4613
63461,3901618.36973333
63462,3614992.17262381
63463,4362481.65136667
63464,3382275.51223334
63465,4194846.53811429
63466,3822622.46906349
63467,3859882.33676349
63468,4590993.04771905
63469,3365851.04179524
63470,3918500.86036667
63471,3978621.97045238
63472,4499621.07503333
63473,3113989.76491111
63474,4015409.73203333
63475,3964060.06813333
63476,4871463.85476667
63477,4557938.24006667
63478,4840458.26584285
63479,4503674.64826667
63480,4635056.81613333
63481,3828694.74091111
63482,4557958.77902381
63483,4388224.97663333
63484,5127612.18806666
63485,4139905.51246667
63486,4249877.30696667
63487,3819152.2899
63488,2881502.45574286
63489,3889900.97733334
63490,4513439.95621905
63491,5059754.02703333
63492,4984109.58097143
63493,4025863.23033333
63494,3110332.081
63495,4290683.09096667
63496,3863772.91396667
63497,4733015.467
63498,4146789.44873333
63499,4956563.37533334
63500,4329004.53046667
63501,4227226.01652381
63502,3426757.02324286
63503,5328533.20083333
63504,4498490.18056666
63505,4486656.56286667
63506,3502827.943
63507,4601920.57703333
63508,4743296.59245238
63509,4261395.49351111
63510,4676673.77186666
63511,5038401.13563333
63512,4073624.86409524
63513,4355780.07157619
63514,5578794.13463333
63515,5130154.89988571
63516,5478218.8026
63517,3376224.65664444
63518,3735943.44623334
63519,4520107.2858
63520,4144251.0597
63521,3896057.0475
63522,4013812.55271111
63523,3834135.98589048
63524,3966685.88064444
63525,4496754.1064
63526,5038993.83056666
63527,4160255.17065238
63528,3550064.90541429
63529,4413667.58716667
63530,3714568.60966666
63531,3887080.76403333
63532,4835161.60423333
63533,4309580.2708619
63534,4392872.43016667
63535,3990080.81037143
63536,4742641.31559524
63537,4539617.82753333
63538,5530763.83263333
63539,5428762.25873333
63540,5586986.1812
63541,4861578.80023333
63542,4878742.53526667
63543,4146662.59682857
63544,3918885.38023333
63545,4276537.63327619
63546,4171620.01093334
63547,4120215.62934286
63548,4611640.82026666
63549,3368622.37052857
63550,4907302.3451
63551,3999689.84896667
63552,4547802.84803333
63553,3979594.49655714
63554,3085913.6381
63555,4029584.9559
63556,3028486.35012064
63557,4329451.90276667
63558,4258649.10283016
63559,3813827.9245
63560,3779601.22913334
63561,4304416.17914762
63562,4895818.32216667
63563,4971708.35191111
63564,4588434.13323334
63565,5167490.2356
63566,3498589.84116667
63567,3853168.6004
63568,4222845.1008
63569,4307618.6999
63570,4734562.58423333
63571,4298668.73144445
63572,4320117.55291905
63573,4230880.11733333
63574,4705620.3465
63575,4367345.30796667
63576,4305168.85573334
63577,3588831.81233333
63578,3311676.65642857
63579,4638133.57536666
63580,4339807.82973333
63581,4135143.03181111
63582,5064483.22581111
63583,4245816.67266667
63584,4605767.31263334
63585,4460829.99916667
63586,3607550.49161905
63587,2642383.61331111
63588,3418087.15136349
63589,4093586.31936667
63590,4445732.01692857
63591,4184581.8567381
63592,4391483.34986349
63593,4780314.7534
63594,4395079.15886667
63595,5013402.8642
63596,4653669.08056667
63597,3145495.76657143
63598,4318089.94296667
63599,3734502.89369524
63600,4496313.39020952
63601,5353802.02443333
63602,3899219.2451
63603,4998687.7449
63604,4168355.76420953
63605,4272761.91773333
63606,4232947.13054762
63607,4237880.51806667
63608,3454396.82556667
63609,3862972.91696349
63610,4832970.6267
63611,4375611.56869048
63612,2872839.57007143
63613,3580005.95940952
63614,5055070.06302857
63615,4035695.50675238
63616,4320630.5808619
63617,4799016.28776667
63618,4761072.76206667
63619,4147598.02333333
63620,4724273.25401905
63621,4414335.6660381
63622,5028173.53443333
63623,4026525.50633333
63624,4178133.7871
63625,4922875.3016
63626,4497524.93766667
63627,5134481.56660476
63628,4229871.1703
63629,3637846.46375238
63630,5098774.19716667
63631,3234901.07916191
63632,5664723.3668
63633,4041532.11426667
63634,3706266.87806667
63635,4881461.7096
63636,4901905.25223333
63637,4185466.15043334
63638,4013873.65126667
63639,4572897.64471111
63640,3773956.07946667
63641,5291070.04783333
63642,4233451.53343333
63643,4664752.29143334
63644,4183785.41026667
63645,4745687.63666666
63646,4134712.10026667
63647,5383777.79976667
63648,4979775.89821905
63649,5743437.02346667
63650,4211969.14161905
63651,4732207.42269048
63652,4924840.3562
63653,4447525.97446667
63654,4428657.5009
63655,4638353.24617778
63656,4460164.75283333
63657,3438928.03185397
63658,4278534.45425397
63659,3889452.40466667
63660,4507830.88176667
63661,4596554.543
63662,4124260.32413333
63663,4570852.08413334
63664,4924628.98289524
63665,5353163.27723333
63666,4977885.08616667
63667,5016688.87856666
63668,4956199.17046667
63669,3821885.3731
63670,4277276.24036667
63671,4393518.23573333
63672,4868778.30813333
63673,5533330.96341904
63674,3988697.42709524
63675,3219441.39113334
63676,4025327.67604444
63677,3584793.61586667
63678,3738425.07706667
63679,4243185.85726667
63680,3358122.02724445
63681,4358613.51966667
63682,5222396.6084
63683,4365751.37906667
63684,3841338.21701905
63685,4011507.46746667
63686,3738382.96679207
63687,4741892.8011
63688,3749116.66504444
63689,4407957.45333333
63690,4440063.45993333
63691,4524010.07206666
63692,2774988.26369524
63693,4784167.33443333
63694,2463759.05293016
63695,4444681.28269524
63696,4074057.90016667
63697,4109627.63391905
63698,4710381.15541905
63699,4221419.22836667
63700,4813153.4892
63701,3909617.35773333
63702,4272461.25116667
63703,4597437.1874
63704,4675595.6822
63705,4879175.96527778
63706,4936078.6499
63707,4536624.31676667
63708,4243386.87126667
63709,2601702.39607619
63710,4496054.80893333
63711,3679989.00323016
63712,4873253.79234444
63713,2870562.25942064
63714,4444307.24341111
63715,4436275.29323333
63716,4629635.1153
63717,4186694.64830476
63718,3600476.93373334
63719,4529697.48963333
63720,4316683.6517
63721,3764884.86536667
63722,3593276.02631905
63723,4425883.1196
63724,4047637.92353334
63725,3569625.5387
63726,3135917.31836667
63727,5153366.74156667
63728,3822745.82451111
63729,3958275.46803968
63730,4778256.51123333
63731,5498638.82753333
63732,2972957.58914444
63733,3969566.08636667
63734,3798620.2553
63735,4517975.40861905
63736,4100146.92663333
63737,3836448.15248571
63738,4362349.02231111
63739,4352487.66786667
63740,3857272.8037
63741,3729440.5785
63742,4686695.93610953
63743,5418610.33923333
63744,3388106.77443333
63745,4341812.38516667
63746,4923293.00963333
63747,4294313.98853334
63748,3739724.45437778
63749,4858249.55263334
63750,4158142.89276667
63751,4235441.35598572
63752,3771446.31183333
63753,4244577.0981
63754,5399725.86376667
63755,3009148.47273333
63756,3821386.54033334
63757,5062476.7086
63758,3577160.17905238
63759,4193024.63883333
63760,4657476.39706667
63761,4600910.66456667
63762,4548127.64716667
63763,4714156.2875
63764,4032306.57586667
63765,4433548.35196667
63766,4196010.03006667
63767,4464038.18713334
63768,4589194.45113333
63769,4591627.1424
63770,3733601.04814286
63771,4081791.24160635
63772,4016469.6245
63773,3934970.99971905
63774,4833098.90573333
63775,4033494.54563333
63776,2869914.0863
63777,4056269.5209
63778,4706561.9791
63779,3609739.20657778
63780,4022783.78026667
63781,4347899.6081
63782,4479919.59763333
63783,4840892.60233334
63784,4296067.32023334
63785,4491339.19483333
63786,4358195.57063333
63787,5271973.91683333
63788,5495455.37767777
63789,4221713.79637619
63790,4183620.98986191
63791,4672101.15493333
63792,4400497.92936667
63793,4091352.24372381
63794,4496898.38885
63795,5438580.21476666
63796,3855239.76343334
63797,3487963.2229
63798,4250925.35593333
63799,3451224.44063333
63800,4170086.15856667
63801,4387253.44283333
63802,4861834.68343333
63803,5166606.93686667
63804,4831421.84347619
63805,4447363.3971
63806,4599861.50696667
63807,4487112.1939
63808,4401711.60187778
63809,3579836.61830953
63810,4648927.5016619
63811,4412678.87466666
63812,3916563.51346667
63813,4547959.00156667
63814,4041389.1061
63815,4572852.83876666
63816,4440264.38779524
63817,4491042.82623333
63818,4107590.60846667
63819,4071402.59344445
63820,4282052.73914286
63821,4505930.97351111
63822,5173088.37585238
63823,4995380.0981
63824,4395751.04586667
63825,5089808.91833809
63826,4449137.14433333
63827,5748418.06501429
63828,4661346.64579524
63829,4311423.54036667
63830,4932187.6448
63831,4501493.29886667
63832,4124322.52736667
63833,4353640.54003333
63834,4632734.91896191
63835,4068183.77146667
63836,4574715.88759524
63837,3972350.8033619
63838,3964486.20291111
63839,3565618.5333
63840,5151223.35041905
63841,3214522.81966825
63842,5719453.58196667
63843,4334075.64119524
63844,4676077.61246667
63845,4571519.5216
63846,4671461.59070952
63847,4200005.73966667
63848,4358198.6768
63849,4566347.55616667
63850,3695635.2429873
63851,4618502.15463333
63852,4125745.57346667
63853,4147411.54176667
63854,4316947.31166667
63855,5137265.43933334
63856,3592247.7844873
63857,4275649.32609524
63858,5155011.2263
63859,4630173.2889
63860,3779927.86523333
63861,4665806.49666191
63862,4766265.74806667
63863,4848004.3459
63864,4189791.83739048
63865,4054433.49059524
63866,4759553.17816667
63867,3483047.15297619
63868,3638955.6121
63869,4349938.64109524
63870,4262335.908
63871,4407682.9520619
63872,4053594.6831
63873,3774451.82403334
63874,4255834.7502
63875,3769353.19113333
63876,3913467.63669206
63877,5149316.48242857
63878,4734874.5343
63879,5846706.74366667
63880,4002769.28456191
63881,4236664.58276667
63882,4545983.84473333
63883,4805412.01063333
63884,5107891.39096667
63885,4159581.06503333
63886,4113004.6567
63887,4868834.85366667
63888,3847754.00766667
63889,4153039.34604286
63890,4575770.71686667
63891,3795244.89292857
63892,4697146.75326666
63893,3883902.67046667
63894,3522518.36091905
63895,4848082.35816667
63896,5121593.0232
63897,5060864.22636667
63898,3835696.69241428
63899,5084654.8064
63900,3996789.3108
63901,4133527.44339048
63902,3310927.29373334
63903,5262936.53703333
63904,4084742.64807778
63905,4213157.4977
63906,3244454.01774762
63907,4542318.62763333
63908,4860727.23186667
63909,5260499.34149524
63910,4774052.8719
63911,3898517.14330953
63912,4181226.45236667
63913,4724626.34546667
63914,4363519.26876667
63915,4675199.86138571
63916,5527756.20268571
63917,4677337.8214
63918,4303040.19526667
63919,4185299.48666667
63920,4218547.3409
63921,4489257.0346
63922,5086204.51576666
63923,4884320.75566666
63924,3980272.79783334
63925,3486301.91357143
63926,4040387.83656667
63927,4707157.0075
63928,3946552.9526
63929,4840763.03785238
63930,4870335.74273333
63931,4840063.23538571
63932,4818344.95326667
63933,4221186.9424
63934,4171323.9459
63935,4450731.39504762
63936,4475558.98176667
63937,3954650.3999
63938,4949955.9032
63939,4017500.98616667
63940,4692200.49086667
63941,3707016.4147
63942,4574415.75626667
63943,4348190.73175238
63944,4269527.10133334
63945,4547387.24223333
63946,4396322.14417778
63947,4864827.19333333
63948,3992719.08213334
63949,5209648.82094762
63950,5036017.70766667
63951,4558946.29136666
63952,4779063.1875
63953,5886723.27213333
63954,3826713.07604286
63955,4811159.93173333
63956,3551610.08553334
63957,3972080.32970476
63958,3884377.05977619
63959,4625847.04166667
63960,4095976.59837143
63961,4583585.5389
63962,3477269.00191111
63963,4922878.66051905
63964,4718947.78829524
63965,3972246.37746667
63966,5023303.02593333
63967,4360462.81203333
63968,3922720.49213334
63969,4177127.31116667
63970,3843133.98007619
63971,3940460.27886667
63972,4558690.23763334
63973,4451861.43463333
63974,4754820.50283333
63975,4734251.09068571
63976,4829958.65703333
63977,2914948.05577619
63978,4510207.42603333
63979,4261054.48436667
63980,4733565.76043333
63981,4060579.41633333
63982,4672039.53171111
63983,4019856.21774444
63984,3197924.91086667
63985,4134764.2765
63986,4141649.1814
63987,2860805.63440476
63988,5510096.70803333
63989,4770643.27711905
63990,4431680.63306667
63991,4059165.56187778
63992,3946228.25021111
63993,4898153.12201429
63994,4776736.66083333
63995,4462452.14514762
63996,3765033.29913333
63997,4515371.53709524
63998,4956087.6265
63999,3441571.5580381
64000,5187248.12256667
64001,4732132.25013333
64002,4765597.37943333
64003,4326687.41213333
64004,3734390.4282
64005,3300139.28802857
64006,4479502.66223334
64007,4297775.55342858
64008,4696754.53123333
64009,4132256.73010476
64010,4333717.4308
64011,4831972.52
64012,4226521.02423333
64013,4033757.6689381
64014,4354897.18019048
64015,4595340.0593
64016,4726317.93866666
64017,4169846.19636667
64018,4849255.34806666
64019,3839161.08906667
64020,5452085.28356667
64021,4817479.11503333
64022,4139313.55574286
64023,4603622.126
64024,5528650.29295238
64025,5148067.9466
64026,3882650.97336667
64027,4160255.17065238
64028,4802853.49743334
64029,5108321.53383334
64030,4316466.43389206
64031,3920459.08286667
64032,3107890.13297778
64033,4502607.84033333
64034,3405645.4687
64035,3572971.15903333
64036,4246890.9671
64037,3648601.31684286
64038,3846062.83784206
64039,3816689.9604381
64040,3672234.56023333
64041,4164408.09516667
64042,5597651.6361
64043,4823313.00516667
64044,4586141.58086667
64045,3966915.2088
64046,5003917.1657
64047,4247566.51834286
64048,3577468.88809047
64049,4703043.8876
64050,4313656.14022857
64051,4463883.00188572
64052,4154247.71517143
64053,3199441.87218096
64054,4170149.5212
64055,4801123.80776666
64056,4509809.03016666
64057,5041641.0886
64058,4050936.29058254
64059,3934035.72986667
64060,3757793.9088
64061,4981693.50026666
64062,4382830.49323333
64063,4910118.24136667
64064,4434745.91306667
64065,4358952.07861905
64066,3729502.50456667
64067,4238044.41816667
64068,4665232.3037
64069,3864882.4569
64070,5552447.5396619
64071,3966048.29773333
64072,4612576.56076191
64073,4003598.05423333
64074,4480830.22326667
64075,3766830.94374286
64076,4472862.82677143
64077,4060816.51277778
64078,3825221.0555873
64079,4508751.96886667
64080,4073262.7298
64081,4393195.2125
64082,5494482.72493334
64083,4618219.6187
64084,4628676.01136667
64085,3849055.27413334
64086,3971257.72928254
64087,4552082.41703333
64088,4970337.0623
64089,3377061.69820953
64090,4098544.04499524
64091,4624516.91473333
64092,3257566.55864286
64093,4673920.18403333
64094,4237850.75176667
64095,4256507.42856667
64096,4535342.64825714
64097,4092316.25073333
64098,3827071.45250952
64099,4831784.3142
64100,4047099.62120476
64101,4514347.35967778
64102,4583727.42626666
64103,2908668.96286667
64104,4930753.217
64105,4613949.55873333
64106,4071316.85173333
64107,4167191.3999381
64108,4405693.1106873
64109,2804122.2078
64110,4690007.84406666
64111,4179007.32737778
64112,4238881.96153333
64113,4017339.47843334
64114,4489826.465
64115,4792108.997
64116,4857378.89363333
64117,5090232.12796667
64118,5127112.37334286
64119,4874579.30389524
64120,3924366.36993334
64121,4566043.3214
64122,4001438.7652
64123,4758429.84541905
64124,3479790.48456667
64125,4021942.07991428
64126,3872158.83784286
64127,4623326.3059
64128,4349485.80026667
64129,4273750.64570159
64130,4949456.86131905
64131,4477099.26931111
64132,3901199.76627143
64133,4098027.33743334
64134,3751363.42335714
64135,4335454.06133334
64136,4809159.36973333
64137,3132644.22924286
64138,3825035.22523333
64139,4765016.88346667
64140,3576744.5186
64141,4795850.02973333
64142,3777591.31933334
64143,4433517.71386667
64144,3806123.9732381
64145,4463442.04627619
64146,4030625.23619048
64147,4620140.81436667
64148,4201615.63356667
64149,5688419.6015
64150,4245856.28856667
64151,5283081.8864
64152,3568901.01863333
64153,4241316.18261905
64154,5008941.65346666
64155,4674510.6917
64156,4263533.45503333
64157,4442877.95663333
64158,3619086.21434286
64159,4644706.56556191
64160,4644867.5831
64161,4855793.97268571
64162,4847025.31763333
64163,3540055.79444444
64164,4128927.5866
64165,3147765.26616667
64166,4197046.26010953
64167,4405423.75265714
64168,3579323.11327619
64169,4351160.30866666
64170,4669908.78213334
64171,4163001.29566667
64172,3698764.05890476
64173,4170759.10856667
64174,4854091.4389
64175,3648127.19033333
64176,3337076.26726667
64177,4477372.67393333
64178,4148823.88581905
64179,4398252.53944445
64180,4661864.0661
64181,4385944.38353333
64182,4644706.56556191
64183,4207452.283
64184,4139131.22433333
64185,4671644.70863333
64186,4650083.20316667
64187,4798397.25766667
64188,4296895.81343333
64189,4626325.17513333
64190,5431757.58296666
64191,4603631.90646667
64192,5186301.73805238
64193,4531245.77963333
64194,4173218.33480952
64195,3912045.87513334
64196,4325824.91546667
64197,3842839.78456667
64198,3925174.85377619
64199,3727363.67528572
64200,4304486.2002
64201,4660990.78753333
64202,5319151.77173333
64203,4737484.23445238
64204,4204152.25289286
64205,4181888.76583333
64206,4969997.63386667
64207,4007251.85854444
64208,3365968.48816191
64209,4676544.57883333
64210,4723414.50113333
64211,4302302.6513
64212,3682072.11063334
64213,4269590.18686667
64214,4548106.85456667
64215,4230400.52145714
64216,4313356.2824
64217,4343642.79586667
64218,4266596.46933333
64219,2868895.63784286
64220,4337742.96794286
64221,4766301.65026667
64222,4173799.8067
64223,4116519.26672857
64224,4821358.3121
64225,5002087.85846667
64226,4335145.53693333
64227,4292653.55086667
64228,4347998.38176667
64229,4073337.00193333
64230,4543164.38053333
64231,4117113.16673333
64232,2979520.10414286
64233,3857015.77456667
64234,3248385.92725238
64235,5376865.73213333
64236,4090524.70431111
64237,3303955.82693333
64238,2476879.0265381
64239,3888575.03253334
64240,4048374.66043016
64241,4031606.7049
64242,3931531.93076667
64243,4347975.77236667
64244,4120784.885
64245,3847662.21129524
64246,4056954.81523333
64247,3281544.76539524
64248,4442706.14663333
64249,4039942.43516667
64250,4870576.18606667
64251,4033458.48396667
64252,4273093.01939048
64253,4378924.49718571
64254,4901754.82543334
64255,2968222.4204873
64256,3586861.20346667
64257,4307652.32795
64258,4026412.88116667
64259,4528606.96876666
64260,3686199.64877778
64261,4127313.52883333
64262,4486023.80783333
64263,3945978.08607778
64264,4348658.29486667
64265,3634246.92546191
64266,4422714.99516349
64267,4133464.58766667
64268,4203899.96501111
64269,4307694.99223333
64270,4510088.48463334
64271,3448262.28386667
64272,4080917.80706667
64273,3740088.17867619
64274,5044253.34212381
64275,3795234.47599683
64276,5256317.80343333
64277,4014744.76834762
64278,4293993.29993334
64279,3827430.95601587
64280,4451440.72176666
64281,3897784.42692381
64282,5285669.5185
64283,4674412.30003333
64284,3646056.0897
64285,4698058.65233333
64286,4300032.1824
64287,2732051.854
64288,4385904.91374444
64289,4659971.11683333
64290,3166094.14716191
64291,3593015.86959524
64292,4448078.67476667
64293,5075532.44643334
64294,4480755.50223333
64295,3709350.7234
64296,3503696.2472
64297,4205210.7854
64298,3398770.25374444
64299,4336321.34516667
64300,4472983.4348
64301,4514249.90742381
64302,3066252.02437778
64303,4181769.99593333
64304,4751780.24903333
64305,4811344.2826
64306,4683656.77953333
64307,4406700.87210476
64308,4246890.9671
64309,3970132.34593333
64310,4643343.49166667
64311,3963343.2794
64312,3388264.25653333
64313,4597875.2492
64314,4768378.56406667
64315,4547337.99193333
64316,3830109.93276667
64317,4911459.38945238
64318,4668102.82073333
64319,5263659.87226666
64320,4613756.43836667
64321,4216483.98677778
64322,4366507.58636667
64323,4647263.87436667
64324,4475950.3691
64325,3984947.7073
64326,4796451.98846667
64327,3899090.57185397
64328,3661106.93361111
64329,4144569.54731905
64330,3360755.31372381
64331,3613807.15213333
64332,3961050.75483333
64333,4650597.45541587
64334,3872934.55262857
64335,4404801.95086667
64336,4771501.7217
64337,5524534.63863333
64338,4673627.79366666
64339,4562393.79366667
64340,4886497.81703333
64341,4634849.5205
64342,3970517.88073333
64343,4544779.22483333
64344,4334707.13483334
64345,4695739.89923333
64346,3923891.22046191
64347,4623042.50843333
64348,3971207.7335
64349,4055996.71176667
64350,4673858.0362
64351,4429619.26753333
64352,4098363.8916
64353,4152068.90273333
64354,5453448.31596667
64355,3880107.62377778
64356,4394422.29629683
64357,4359046.62841428
64358,5662213.51386666
64359,4503868.4642
64360,4109960.87976666
64361,3810749.34396667
64362,4275427.46616666
64363,5275556.61593333
64364,5147810.27646667
64365,4663500.34153333
64366,4214082.62233333
64367,5035136.42676667
64368,3915450.06946191
64369,4044289.2879
64370,3853343.09546667
64371,5105993.3627
64372,5024131.39036667
64373,4175091.56826667
64374,4034582.913
64375,4777283.58506666
64376,3750562.00806667
64377,4511342.99786667
64378,4914379.8777
64379,3565575.1642873
64380,4342797.0448
64381,6184189.26313333
64382,5042121.0985
64383,5145762.02276667
64384,4765980.83266667
64385,5187657.13016666
64386,5054605.10696666
64387,4342331.08902381
64388,4349329.82691111
64389,4544994.97860476
64390,4609646.41763333
64391,4058894.19316667
64392,4965348.9061
64393,4664746.47249524
64394,4224103.0699
64395,3627986.25411111
64396,4012718.68063333
64397,4574674.59626667
64398,4869303.74906667
64399,5178639.27826667
64400,4428383.24796666
64401,5146459.7319
64402,4732033.87716667
64403,3758502.8168
64404,4313199.27989206
64405,4996108.47292857
64406,4739566.78306667
64407,3689413.89963333
64408,3169673.81660476
64409,3298376.45410952
64410,4688535.48326667
64411,4928583.42086667
64412,4261715.20626191
64413,4485223.66216666
64414,4956531.43507778
64415,4530666.43843334
64416,4380831.05603333
64417,4084551.07847778
64418,5354484.85633333
64419,4065138.60872381
64420,4561760.24023333
64421,4051433.52547619
64422,4346479.2881
64423,3946601.4227
64424,4619396.5741
64425,4987625.37906666
64426,4557551.90596667
64427,3985030.82816667
64428,4808354.75267778
64429,3947964.92943334
64430,2317296.21220159
64431,4166796.42917143
64432,4624826.7939
64433,4022472.77489524
64434,4716197.563
64435,4379819.4155
64436,4516066.92762857
64437,4187274.2094
64438,4106105.77426667
64439,4229599.6966
64440,4079251.2658
64441,4755221.23603333
64442,5138769.36851904
64443,3879975.41056666
64444,4880225.06913333
64445,3894040.38796667
64446,4470570.0615
64447,4276705.08899524
64448,4558372.3341
64449,4722867.1475492
64450,4513411.0835
64451,4807060.5709
64452,3685708.61686667
64453,3779436.64714762
64454,4687253.648
64455,3481443.22226667
64456,3952825.49184286
64457,5082262.4999
64458,5150123.77643333
64459,4422783.93063333
64460,4717440.4531
64461,3952710.80776667
64462,4513890.23433333
64463,4356894.45986667
64464,5116854.893
64465,4159543.20023334
64466,5208940.46526666
64467,4807218.08476667
64468,4907656.81326667
64469,4030485.56233333
64470,4663044.59707777
64471,4789583.85223333
64472,3731986.85856667
64473,4073837.09121905
64474,4743692.2081
64475,4964799.10753333
64476,4860682.50016667
64477,3321522.02172064
64478,4894281.62856666
64479,5102502.5458
64480,3947042.55479524
64481,4102013.65266667
64482,4416642.21123333
64483,3804323.48626667
64484,4066177.18413333
64485,5559452.61523333
64486,4456742.3166
64487,4785588.96596667
64488,3582553.11822064
64489,4206213.6983
64490,4404404.62833333
64491,4359103.02903333
64492,4196697.75801111
64493,4219010.31115397
64494,4166825.4464
64495,3979454.7296
64496,4754828.51882857
64497,3175112.98664286
64498,3946285.4149619
64499,4044388.16443333
64500,4043286.97933333
64501,3974598.086
64502,5057967.95706667
64503,4231696.09236667
64504,4722212.61766667
64505,4928047.9031
64506,4521053.96666667
64507,4009606.19133334
64508,4437103.25973334
64509,4443249.73196667
64510,4571340.7449
64511,3326575.51293334
64512,4918074.1257
64513,5069740.76063333
64514,4718596.16256667
64515,4584878.74525714
64516,4017819.51086667
64517,4538656.6121
64518,4047617.46983334
64519,4367770.39066667
64520,3918584.76683334
64521,4327612.58767301
64522,4570399.78343333
64523,4155179.06463333
64524,3694795.09827619
64525,4876496.3904
64526,3942891.47356667
64527,5380082.29701111
64528,3108002.97536349
64529,2588242.16791429
64530,4661649.34493333
64531,4430286.0194
64532,4832825.94793333
64533,4468138.8313
64534,4185906.5627
64535,5078429.67246667
64536,4633519.35493333
64537,4384808.7847
64538,4839563.38283333
64539,3609523.72103334
64540,4244244.47333333
64541,4721754.2237
64542,3783188.19041111
64543,4731714.9233
64544,3515175.12387619
64545,4854948.07143333
64546,4465605.0942619
64547,4388329.00156667
64548,4941558.8718
64549,4006701.16153333
64550,4833946.55773333
64551,4360389.49436191
64552,5079367.04343334
64553,4999829.64926667
64554,3525141.1708
64555,3681693.73903333
64556,3431350.69850953
64557,3195808.36973809
64558,4130537.2284
64559,4916590.80116666
64560,2424202.98024286
64561,4357729.28701111
64562,4189949.29186667
64563,5219559.68043333
64564,4443296.16556667
64565,3716720.93556667
64566,4521084.41893333
64567,4107808.03973333
64568,4727910.66253333
64569,3537319.39253333
64570,3597657.33276667
64571,4084848.99256667
64572,3852525.5837
64573,5162744.58721905
64574,4825116.85586666
64575,3068864.49373333
64576,4106037.0304
64577,5063558.95883333
64578,4194414.60836667
64579,4172049.64433333
64580,4572563.5364
64581,4860468.43755237
64582,5152925.06066666
64583,4573646.862
64584,4150813.16113809
64585,3691535.8146381
64586,3650993.60796667
64587,4171310.14900952
64588,4077143.1579
64589,4712690.65376667
64590,3896492.60303333
64591,4700195.49803333
64592,5121856.5962
64593,4067853.43554286
64594,3415347.30746667
64595,4008474.28856667
64596,4973005.3806
64597,4774608.61701905
64598,5011405.44696666
64599,4184585.99633016
64600,3622961.69065397
64601,4684518.77046666
64602,4332152.9392
64603,4492503.30613333
64604,4284206.1057
64605,5092859.0209
64606,4574425.90563333
64607,4605081.58346667
64608,4310770.43981905
64609,4637673.30503333
64610,3648268.47752857
64611,4802384.17166667
64612,4275317.5829
64613,3875702.79582857
64614,4289255.08156667
64615,4135629.43103334
64616,3507100.01910635
64617,3440367.2049
64618,4453601.87283333
64619,3990527.89273334
64620,5375255.15999286
64621,4468319.03836667
64622,2712211.27613333
64623,4989042.80626667
64624,4153499.6529
64625,5223464.45406667
64626,4409276.52443333
64627,4911761.36553333
64628,4490349.38673333
64629,5980914.18463333
64630,3662469.40426667
64631,4061327.22733333
64632,2585231.06595714
64633,3946476.83304762
64634,4174171.79276667
64635,4245021.47827778
64636,5542308.50563333
64637,4914673.15133333
64638,4571633.73254444
64639,5084387.68193333
64640,3964274.4382
64641,4001265.67333333
64642,4583094.51286667
64643,4471280.4977
64644,3676846.80363334
64645,4766508.52013333
64646,4798597.1131
64647,4215914.62931111
64648,4189236.978
64649,5024832.59243333
64650,4515867.38703809
64651,5335415.88626667
64652,4330067.0517
64653,4549188.22076667
64654,4396342.5888
64655,4455049.06213333
64656,4237711.279
64657,4697161.49763334
64658,5526211.97733333
64659,3933311.35246349
64660,4663100.42643333
64661,4002926.43283334
64662,4584795.04166667
64663,4769680.72528571
64664,4565346.0669
64665,4180896.34476667
64666,4329138.80021429
64667,3922737.10806667
64668,4957316.63121905
64669,4324175.9075
64670,5090192.0625
64671,4527777.70103333
64672,5198035.81326667
64673,5516039.3707
64674,5737157.30706667
64675,4248912.83923333
64676,4367554.2868
64677,3474322.66774286
64678,3693548.05063333
64679,4550446.66213333
64680,4018370.1089
64681,4959894.53475238
64682,5575753.4848
64683,4384648.9823
64684,5210865.4446
64685,3982568.06586667
64686,4583439.18813333
64687,3230003.6176
64688,4722954.57193333
64689,3933929.5415
64690,4181344.479
64691,3354397.27786667
64692,3927724.45083333
64693,3772559.5914
64694,3413321.35313333
64695,4490481.75932381
64696,4008314.92393334
64697,2842198.91915397
64698,4133725.90605238
64699,4745290.59156667
64700,4994390.91656666
64701,4019626.81
64702,5051976.9859
64703,4841668.9549
64704,3929391.70369524
64705,4273964.58773333
64706,3794732.97
64707,4076662.54631111
64708,4525725.11856666
64709,4439138.9602
64710,3811950.53851111
64711,2850932.49837619
64712,3743898.9783
64713,4285994.49429048
64714,4152802.4312
64715,5145690.68333333
64716,2719636.64187619
64717,4680237.75506667
64718,3273745.15707778
64719,4843111.013
64720,4225030.6048
64721,4483376.94656667
64722,3542799.9114381
64723,4878528.15586666
64724,4097873.9896
64725,4629349.92023333
64726,4225634.90556667
64727,4018809.04794444
64728,4057641.31706667
64729,3411378.45207619
64730,4572046.4185
64731,5598761.85833333
64732,3787227.8552
64733,4381122.74183333
64734,4665465.03376666
64735,4757719.78154286
64736,4675239.66816667
64737,4001227.23499047
64738,5285455.0812
64739,3795662.65546667
64740,4667282.11126667
64741,4216813.1523
64742,4557026.98593333
64743,4777992.4675619
64744,4382598.08093333
64745,4576944.66933333
64746,4388911.96223333
64747,4776045.59893333
64748,4356972.5619
64749,4139309.00043333
64750,4053957.2246
64751,4849522.26043333
64752,4078363.25443334
64753,3993755.11246191
64754,4550581.04503333
64755,5404854.78893333
64756,3964051.06301429
64757,4995385.88026666
64758,4762607.9794
64759,4273277.07411905
64760,4451550.7191
64761,3916448.3444
64762,3616903.17276667
64763,3997633.4623
64764,4365819.5730619
64765,4525355.2203
64766,4223438.82883333
64767,4924082.95153333
64768,4171798.93496667
64769,4091753.93224445
64770,4439505.47616667
64771,4078316.11537778
64772,4032859.0406
64773,4138929.3013
64774,4387052.09030953
64775,4934016.0931
64776,4849536.1568
64777,5344410.26816667
64778,4710120.40693333
64779,4766056.34043968
64780,3767643.5383
64781,3881378.21005397
64782,4902232.4181
64783,4488430.14013333
64784,3494589.8857
64785,4723561.35698572
64786,3862888.69236667
64787,5344664.40593333
64788,5020134.36654444
64789,4219309.84832857
64790,4329677.9258
64791,4798126.21726667
64792,4790295.399
64793,4852175.68816667
64794,4291222.25368572
64795,4663918.98604921
64796,3392660.6774381
64797,4202430.62789524
64798,4466618.19373333
64799,4668583.26043333
64800,4746998.59563333
64801,4224455.22708333
64802,5315095.96066667
64803,3777749.3610381
64804,4734553.7601
64805,4352230.5901
64806,4874959.4612
64807,3468507.27396667
64808,3959083.5378
64809,4865388.908
64810,3447927.65134921
64811,4981339.59186667
64812,4625559.8414
64813,4180435.08982381
64814,4340731.15006667
64815,3779323.97196667
64816,4888981.3792
64817,3903974.29186667
64818,3684757.32687619
64819,5293183.61793333
64820,4118566.53144445
64821,4325919.54143333
64822,4171853.82570952
64823,4125356.61975873
64824,3817516.68602857
64825,4224835.19046667
64826,3885685.2094
64827,4072543.5538
64828,3975631.40593333
64829,4308342.14981905
64830,4346477.5062
64831,3063901.95855714
64832,4211588.41083333
64833,3666009.33293333
64834,4129868.2037
64835,4422303.28686666
64836,4940198.80036666
64837,4607900.1486
64838,3735824.87067143
64839,4707040.03483333
64840,4059038.60061111
64841,5611682.0468
64842,3745324.84809048
64843,4728905.7832
64844,4452215.42977619
64845,5161240.26173333
64846,5252927.8428619
64847,4435356.94926667
64848,4297708.1614
64849,3923106.90319524
64850,5515505.80969999
64851,4119430.18187619
64852,4806417.93833333
64853,4673316.0182
64854,4595037.518
64855,4419452.19615238
64856,3963169.06383333
64857,3964137.05969524
64858,3766205.87686667
64859,4722530.85546666
64860,4635154.88556667
64861,3840964.93544762
64862,4595675.65766666
64863,3982010.68343333
64864,4261846.05412857
64865,4377162.99303333
64866,4764662.45416666
64867,4479360.20243333
64868,4011014.0349
64869,2911856.89747619
64870,4601739.25493333
64871,4886488.94853333
64872,4449721.3644
64873,2947554.8111873
64874,4593266.8449
64875,4743872.2792
64876,5071025.54226667
64877,4307402.436
64878,4374326.8963
64879,5397798.04543333
64880,5009712.58263333
64881,4360341.45323809
64882,4677310.10246667
64883,2775094.82188095
64884,3205946.70448095
64885,4387264.93521111
64886,5077739.05273333
64887,4956810.9139
64888,4057095.7754
64889,4538060.89796667
64890,4439683.5583
64891,4439117.80896667
64892,5175810.7454
64893,4310003.95506667
64894,3876580.63431111
64895,2442191.69947143
64896,3907120.32986667
64897,3941665.98816667
64898,3904117.2024619
64899,4399557.01566667
64900,4085556.41281111
64901,4146747.63355
64902,5310457.07463333
64903,4248470.0826
64904,3776361.28656667
64905,5732664.87076667
64906,4735440.41326667
64907,4320521.98073333
64908,3626472.16864762
64909,4563053.7768
64910,3461688.83805714
64911,4455202.9624
64912,4822006.61996667
64913,4720613.07563333
64914,2995848.81177619
64915,4192779.09303333
64916,4869503.19043334
64917,4573991.64043333
64918,4692014.7702
64919,3401227.13780476
64920,4239948.53263333
64921,3595480.98493333
64922,4652023.3098
64923,3857239.80517778
64924,3910663.08065714
64925,4667379.8186
64926,4090695.71983334
64927,4018192.28383333
64928,4663879.34893333
64929,4315978.30529524
64930,4239671.7757
64931,4763917.5531
64932,4180436.6480619
64933,2804711.27977619
64934,3316775.25472064
64935,4496269.58926667
64936,4543828.86273333
64937,5190185.77706667
64938,5003213.57576667
64939,3271458.47521111
64940,4394316.30383333
64941,4001438.7652
64942,4647190.32116667
64943,3800295.73516667
64944,4353605.46257143
64945,4512164.08343333
64946,5485512.21209524
64947,3863094.2547
64948,4347661.25083334
64949,3177887.02513333
64950,4074771.90069048
64951,4493866.73893333
64952,4629339.9256
64953,4530192.2336
64954,4965039.11956667
64955,4280981.81273333
64956,4648498.24506667
64957,4748912.58096667
64958,5321394.44806667
64959,3998019.3137
64960,2932127.58552063
64961,4525215.02779047
64962,4543109.80856667
64963,4690712.84525
64964,4618253.18976667
64965,3858096.9053619
64966,3111613.8357
64967,5216899.5077
64968,4225570.32513492
64969,4269797.7101
64970,4394875.56583968
64971,4032712.84263333
64972,4723422.42503333
64973,4205280.77986667
64974,4598011.28263333
64975,3813889.2919
64976,4903736.2774
64977,4584077.97943333
64978,5100346.59685238
64979,4608179.84964286
64980,4363063.32983334
64981,4110046.25909524
64982,5548986.1864
64983,4485737.62986667
64984,4438240.19943333
64985,3736221.35479524
64986,4236278.7168
64987,5338625.84026667
64988,4755355.71813333
64989,4621648.77183333
64990,4293785.92586667
64991,4786975.78253333
64992,4732468.8702619
64993,3725318.61343333
64994,4962570.45573333
64995,5286969.2878
64996,3481931.3256
64997,5005448.74424444
64998,3968666.84566667
64999,3103725.82160476
65000,3834367.60486667
65001,5106872.44386666
65002,4175433.8504
65003,3807104.90116667
65004,4532184.61446667
65005,4579628.80444445
65006,3873595.4524
65007,4695672.31493333
65008,5270668.26753333
65009,4562710.4004
65010,4627559.95736666
65011,4293787.43673334
65012,4596229.01596666
65013,4687279.1293
65014,3891363.80663333
65015,4373323.13033333
65016,5121016.2453
65017,3858488.6466
65018,4660186.91886667
65019,4325040.0227
65020,4819050.6978
65021,5034521.1727
65022,4523222.5515
65023,5428527.0748
65024,4293215.36203333
65025,4355297.39697778
65026,4683248.56406667
65027,3359215.25703333
65028,4045030.12971111
65029,4263786.81764445
65030,4109695.63803333
65031,4708800.5013
65032,4805652.19926667
65033,4893144.82146667
65034,3800407.94196667
65035,5228595.3235
65036,4067795.01700952
65037,4147156.69896667
65038,3610528.52683333
65039,3583431.72744762
65040,3954097.86899524
65041,4624922.97483333
65042,4396693.64013333
65043,5208644.24043334
65044,3691054.74013334
65045,4692119.36926667
65046,3883449.69071111
65047,3838973.8817
65048,4884109.70848572
65049,3338255.75526191
65050,4905565.7162
65051,5097554.65393333
65052,5428953.0124619
65053,5088488.5308
65054,3379010.06964286
65055,3834525.24593334
65056,4857835.12796667
65057,4033318.93337778
65058,4219779.46126667
65059,4051106.27106667
65060,3744121.29563334
65061,4388746.08906667
65062,3501618.87125714
65063,4249892.69553333
65064,4468654.12073333
65065,4077611.00273333
65066,4061455.71947778
65067,4376192.9263
65068,4383326.47347619
65069,4489472.6486
65070,4530981.292
65071,4551648.81773333
65072,4896742.55979524
65073,4937448.1493
65074,3745473.66023333
65075,4049723.46896667
65076,4473032.09350635
65077,4292012.5962
65078,4439308.09689523
65079,4932893.36426667
65080,4370383.97023334
65081,3635101.22201905
65082,4492028.82286667
65083,3653552.86326667
65084,3954014.74394286
65085,4005931.82290952
65086,4014057.8955
65087,4389189.88326666
65088,3644367.63717619
65089,4055341.09877778
65090,4808397.29226667
65091,4166568.53553333
65092,3918098.98443492
65093,4692997.31305238
65094,5510451.8579
65095,5190186.564
65096,4476071.54273333
65097,3801339.84323333
65098,3593718.5699381
65099,3788711.4256
65100,4190413.45500952
65101,4743297.7305
65102,4726828.1491381
65103,4709247.2707
65104,4407781.9789
65105,3342821.08412064
65106,4870945.26816667
65107,3682779.7921
65108,4543373.83993333
65109,2840043.54439524
65110,4157653.8579
65111,4846203.5849
65112,3952527.07497778
65113,3885915.24286667
65114,4170577.95253334
65115,4953297.96223333
65116,4360308.04626666
65117,4419233.67763333
65118,3694105.56153333
65119,4556898.45413334
65120,4820486.22683334
65121,4034435.23599524
65122,3867038.12846667
65123,2879265.96420635
65124,2578912.81480476
65125,3722931.4269
65126,3875900.5527
65127,4767314.13566667
65128,4136423.54883334
65129,4412661.80656667
65130,5532024.8847
65131,4569261.37246667
65132,5057669.38014444
65133,3778896.4947
65134,5380713.87376667
65135,4080794.0468
65136,5152658.65340476
65137,4596750.77828095
65138,3687154.09826667
65139,4872433.9144
65140,3796734.64553334
65141,3812325.58514285
65142,5120598.569
65143,4069102.81196667
65144,4460731.8264
65145,4072544.24566666
65146,3468781.07726667
65147,3982966.34943333
65148,4179714.34896667
65149,4155153.58134286
65150,4939984.168
65151,5083609.1442
65152,3907197.1429
65153,4659128.6522
65154,3372386.73370476
65155,3520627.69437619
65156,4986891.92006666
65157,4711501.1938
65158,4259516.91757777
65159,4088567.80657778
65160,4786923.16900952
65161,4615607.8985619
65162,3481138.99973333
65163,4881089.8034
65164,5784910.021
65165,4985233.91486667
65166,3721688.14696667
65167,3211344.71346667
65168,4625329.3822
65169,4244522.20096667
65170,4594311.1272
65171,4107750.86103333
65172,5159785.3521
65173,4221252.40936667
65174,5074735.4217
65175,4719257.26933333
65176,2644562.608
65177,4721275.29106667
65178,4709623.19433334
65179,4401078.71506667
65180,4514677.36203333
65181,4375293.7985
65182,3863551.20576667
65183,6443778.098
65184,4493950.0562
65185,5248702.0421
65186,4729610.52373333
65187,4306919.61436667
65188,4368408.85756191
65189,3000114.61507778
65190,4596955.81706667
65191,4901979.83851111
65192,3780267.85406667
65193,5589122.88163333
65194,4691928.4018
65195,4162888.69817778
65196,4732024.80128333
65197,4067761.71827778
65198,3259842.13417143
65199,3339484.0280381
65200,4696673.44726666
65201,3360282.4195619
65202,5025454.90833333
65203,4170577.95253334
65204,4277991.89165714
65205,3931412.49766667
65206,3697496.8141381
65207,4493818.77376666
65208,3959879.25849524
65209,4912676.94893333
65210,4586908.597
65211,3932879.98706667
65212,4139264.31103333
65213,2557377.7859
65214,4440336.9493619
65215,3789633.59249048
65216,4659009.17736667
65217,3237592.65177778
65218,4012773.06556667
65219,6072065.6193
65220,3597498.45255714
65221,3862405.62425714
65222,5277455.81529524
65223,5062503.93443333
65224,4495781.13909524
65225,4183390.45743334
65226,4121850.27953333
65227,4873759.24573333
65228,4483295.04036667
65229,4263285.87786667
65230,4569702.62623333
65231,4540081.16203333
65232,4585769.56416667
65233,4767923.55066667
65234,3173431.302
65235,4433000.12163333
65236,3810971.91112857
65237,4063832.28441905
65238,4867717.6285
65239,3591485.16196667
65240,4785699.2069
65241,5110821.09063333
65242,4229207.08263333
65243,3392262.51996667
65244,4503184.37133333
65245,4764590.24404444
65246,3770814.37177778
65247,3554620.77253809
65248,5311055.01463333
65249,4133861.65256667
65250,4756172.35953333
65251,5295168.96313333
65252,4527676.6528
65253,4706493.71673809
65254,3873006.9188619
65255,5511869.52704444
65256,4318398.10293968
65257,4542999.00593334
65258,4167016.2053
65259,4453511.20776667
65260,3556390.76016191
65261,3979190.61333334
65262,4870950.49073333
65263,4359144.955
65264,4585385.6804
65265,4330716.31873334
65266,4050230.24343333
65267,4439540.78516667
65268,4996211.80130476
65269,3853905.6045
65270,3974566.0279
65271,4831681.76530952
65272,4666665.3534
65273,3931985.9251619
65274,5234769.76831905
65275,4484043.176
65276,4569539.57463333
65277,4039449.43203334
65278,5042708.22740952
65279,4213568.01387302
65280,4425564.41135238
65281,4011147.97156667
65282,3581286.19220477
65283,2639256.5359873
65284,3421146.74527143
65285,5158310.54206667
65286,4950258.2013
65287,4420748.2351
65288,4723532.06598572
65289,4689627.6094
65290,4451581.19296667
65291,4026993.48223334
65292,3575662.37324286
65293,4868159.86856667
65294,4848933.43872857
65295,4041376.90306667
65296,4495952.37294286
65297,5266670.65676667
65298,4059282.53109524
65299,3926914.49027619
65300,5084268.9111
65301,3844916.62331905
65302,2685487.91496667
65303,3901884.94752064
65304,4425515.20626667
65305,2832792.29506667
65306,3250267.96313333
65307,4499917.58433333
65308,4289187.4604619
65309,4336213.67263333
65310,5243857.67816667
65311,4380259.77446667
65312,4498308.45123333
65313,3824608.84
65314,3298594.45573333
65315,4290772.01521111
65316,3574216.0635
65317,4566998.04916666
65318,3344937.82422381
65319,4697088.08763333
65320,4974317.10166667
65321,4135130.52481905
65322,4883702.0890619
65323,4967685.64516666
65324,3639690.22536667
65325,4288909.06943334
65326,4733879.09459524
65327,4940423.05552381
65328,4869694.13733333
65329,3760302.4635
65330,6134985.9295
65331,4692593.03796667
65332,4037351.20464445
65333,3973016.8774
65334,4331058.3676
65335,4236353.63356667
65336,4418505.32206667
65337,4099863.07378333
65338,4119330.25036667
65339,4854344.74214444
65340,4730783.22007777
65341,3975157.8666
65342,2697864.56326825
65343,4061496.12049683
65344,4570789.46722381
65345,4662740.6685
65346,4243509.32906666
65347,4091553.6313
65348,4732138.21753334
65349,4016831.41109048
65350,4958802.58023333
65351,4129969.086
65352,3848369.8081
65353,4118734.58933333
65354,4675470.46413333
65355,4122499.3074
65356,4300064.3357
65357,4025918.5414
65358,4154946.9032
65359,5307877.77216667
65360,4445283.0879
65361,3499372.93715714
65362,4012381.44840159
65363,4066995.58480952
65364,5041860.7733
65365,5197185.63173333
65366,3463454.07724445
65367,4260422.95183333
65368,4546773.60056191
65369,3473970.05466667
65370,4243758.55386667
65371,4431271.27453334
65372,3736507.58516667
65373,4455761.197
65374,4778323.54121905
65375,5434434.39251905
65376,4798395.04836667
65377,3822391.81387778
65378,3732425.56515238
65379,3550644.03117778
65380,4562320.12543333
65381,4033528.83121905
65382,4810106.1821
65383,4053409.29836667
65384,5077074.86945238
65385,4780915.21203333
65386,4386110.50947778
65387,4233144.95022381
65388,4300378.9089
65389,4527675.76273333
65390,5082235.58901905
65391,4288532.00656667
65392,4072275.97792619
65393,4331410.38016666
65394,4899926.14463333
65395,4790905.42121905
65396,5348793.93466667
65397,4074120.9753
65398,3499698.63369524
65399,3113745.27399524
65400,4529091.23156666
65401,4213954.8674
65402,2902084.48724286
65403,3503450.58412858
65404,4160073.28443333
65405,5002408.3648
65406,4509884.93627619
65407,5481360.46766667
65408,4919560.66689524
65409,4824365.87027777
65410,4959558.41133333
65411,4445690.89776666
65412,5048895.22565715
65413,3393381.09981111
65414,5193475.41936667
65415,4089583.6229
65416,2854350.12993334
65417,4342521.06293333
65418,4695290.98166666
65419,4154758.86169048
65420,4778544.09253333
65421,4260703.8372
65422,3957307.06202064
65423,3755862.0953
65424,4340650.87986667
65425,4007356.18332857
65426,4499527.83716667
65427,4515316.31963333
65428,4354159.8683
65429,4360183.99426666
65430,4696308.33946667
65431,4568162.17546191
65432,4361476.99896667
65433,4788929.51979048
65434,4183788.59973333
65435,4504466.04646667
65436,3267398.78023333
65437,5481863.08936667
65438,5431547.64296667
65439,4729406.83353333
65440,4204431.17056667
65441,3985690.21176667
65442,4075601.3132
65443,4367806.48096667
65444,4034774.7719
65445,5781655.84986666
65446,4571417.67833333
65447,3690533.6224619
65448,2920134.84594286
65449,4994212.10336666
65450,3550064.90541429
65451,5242480.71533334
65452,2948265.21587143
65453,4515098.74006667
65454,4041439.38253333
65455,4770565.3498619
65456,4720894.02336666
65457,4503479.46786191
65458,4295147.97163333
65459,4403009.5289
65460,3932752.99396191
65461,3637970.16077302
65462,4391241.05423333
65463,3941030.57963333
65464,3797248.03367778
65465,4279404.53270952
65466,5302442.95703333
65467,5267373.82936667
65468,4870845.19013333
65469,4240514.9395
65470,4364106.29353333
65471,4953028.7908
65472,3828058.78904444
65473,4688171.41706667
65474,4597442.89604285
65475,4147039.77204762
65476,4122810.89600476
65477,3334665.16298095
65478,3999663.35426667
65479,4775870.8976
65480,4439056.05967778
65481,4358291.2041
65482,4641336.10242857
65483,4901411.77104286
65484,4824318.0785
65485,3955835.68582064
65486,4535717.47423333
65487,4439859.35176667
65488,4404233.6109
65489,2517078.95394286
65490,4047114.92456667
65491,4618693.95916667
65492,4278583.92601428
65493,4225934.22315714
65494,3980008.57316666
65495,4078574.56424444
65496,4302114.99566667
65497,4377311.62563333
65498,4353941.25476667
65499,4413545.72203333
65500,4226454.6032619
65501,3641318.7819381
65502,4961310.31428572
65503,4038172.3624
65504,4589739.15396667
65505,4128195.0259
65506,3069303.92510952
65507,4023571.04696667
65508,3954800.00033333
65509,4661974.1788619
65510,4724920.42116667
65511,3560820.04061111
65512,3032143.28947619
65513,4871823.76343333
65514,4435228.85797619
65515,4632944.542
65516,4161604.97626667
65517,4738626.54026666
65518,4408224.41188571
65519,4510373.3662
65520,4811046.03374286
65521,4080956.60033492
65522,3807016.73597778
65523,3967879.99306667
65524,4687404.23392857
65525,4740545.59406191
65526,3409288.55233333
65527,4438582.0612
65528,3083318.38540476
65529,2950540.8931873
65530,3942086.17286667
65531,4820355.15806667
65532,4173019.98246667
65533,3608141.20193334
65534,4465970.53869524
65535,4304765.83103333
65536,4368491.3775
65537,4184204.90713333
65538,2959042.36183333
65539,3645173.04961905
65540,4116684.864
65541,4119840.32913334
65542,4060499.01503333
65543,4728860.9175
65544,4616410.953
65545,4955278.17366667
65546,3842347.3587
65547,4479283.48836667
65548,2632190.7567254
65549,5071643.5673
65550,4642327.07296666
65551,4343420.94736667
65552,4746765.449
65553,4396099.50873334
65554,3588067.62523333
65555,3202657.60135714
65556,4671230.05416667
65557,3945482.7137
65558,4157328.6772
65559,3904893.6607
65560,4279065.17623334
65561,4917996.7414
65562,3643270.74527143
65563,4114374.34953333
65564,4404702.37170952
65565,4687703.1587
65566,4382398.82131429
65567,4548085.44954445
65568,4687320.2407
65569,4787034.39306667
65570,4435350.97236667
65571,4004983.59953334
65572,3923573.7461
65573,5052611.41
65574,4576773.04323333
65575,3890850.95857778
65576,4758304.8899
65577,3713006.92826667
65578,4801097.76936667
65579,3259213.44707143
65580,4510384.56614286
65581,5102818.17913333
65582,4375709.2591
65583,4611965.25173334
65584,4458295.54636667
65585,4781483.6134
65586,4012276.39823334
65587,4215929.09593333
65588,4858876.8954
65589,4268088.7642
65590,3681820.61099047
65591,4397394.66793333
65592,4561760.40678572
65593,4153118.5596381
65594,4598680.31453334
65595,4834717.18893333
65596,4508263.61606667
65597,4357408.7398
65598,3589335.11724286
65599,3703252.25616667
65600,3522152.4346
65601,4424033.9223
65602,3856057.7415
65603,4761174.0783
65604,3911154.88073333
65605,2524835.30883016
65606,4698910.59243334
65607,4455889.87163333
65608,4319544.33655
65609,4383022.33263333
65610,5248793.55896667
65611,4107778.55933333
65612,4226206.1412
65613,5000162.1063
65614,4674219.35346666
65615,4543125.25273333
65616,4794899.35846191
65617,4770467.835
65618,3908211.4598
65619,4130254.1528
65620,4917880.1169
65621,4710184.24333333
65622,4314157.58736667
65623,4934790.95416667
65624,4185150.2028
65625,3930554.5569
65626,3963978.37290952
65627,4375724.15633333
65628,3564889.62552064
65629,4230332.7825
65630,4334429.74059524
65631,5129105.09763333
65632,4365992.96243333
65633,3944893.33872381
65634,4093494.80030952
65635,3861639.20719206
65636,3359604.1092
65637,4695871.0627
65638,4826336.87366667
65639,4364914.8955619
65640,4403143.2899
65641,3875576.74026667
65642,4440098.25376667
65643,4465336.11131905
65644,4489012.69763333
65645,3565926.31557778
65646,3849952.51593333
65647,4904668.88826666
65648,4820522.80136667
65649,4306272.81316666
65650,3126535.13962857
65651,4375580.84413334
65652,3898605.25149048
65653,5089501.5996
65654,4613278.8901
65655,3927462.12763333
65656,4787644.67656667
65657,2994289.08703333
65658,4250126.5609
65659,3814255.89858095
65660,4715009.5465
65661,3644033.01656667
65662,3732669.81506667
65663,4620561.8906
65664,4084960.39294445
65665,4032311.7013
65666,3674486.78801111
65667,3363782.0812254
65668,3807045.25263334
65669,3469493.44812381
65670,4691739.4898
65671,3829072.92053333
65672,3900066.46404921
65673,2887191.84440952
65674,4392095.48763334
65675,3823476.72743333
65676,4383266.60476667
65677,4173184.7604
65678,4041038.64633334
65679,5152936.0221
65680,5134628.2088
65681,4484585.30006667
65682,4588664.07576666
65683,4635811.59983333
65684,3719329.21344286
65685,4445188.7578
65686,4233219.34036667
65687,4535282.36786667
65688,4383565.37316666
65689,3661071.67203334
65690,4530302.96273333
65691,2799221.1092873
65692,4273245.63383968
65693,4488716.02085238
65694,4766744.41613333
65695,4180743.6561
65696,4948955.06856667
65697,4670605.43023333
65698,4697212.55183333
65699,3505632.52013334
65700,4159901.832
65701,3484255.83017778
65702,5640886.08906667
65703,4837475.23255238
65704,3906137.20424762
65705,4746127.35393334
65706,5369995.02276667
65707,4523874.7032
65708,2770957.28243333
65709,3980511.8797
65710,3807785.21156667
65711,4456998.56769524
65712,5287210.8038
65713,4357989.99553334
65714,4228587.98801429
65715,5680363.704
65716,4584718.9322
65717,4975848.88536666
65718,4226724.28017143
65719,4774649.43103333
65720,4403700.037
65721,4604267.92673333
65722,3884124.21579524
65723,4218842.16833333
65724,3470362.32136667
65725,4426137.5742
65726,3707744.84831111
65727,3867601.86942857
65728,4814823.68363333
65729,4273093.01939048
65730,3880311.30776667
65731,4547004.7435
65732,5087723.6968
65733,4231497.5068
65734,3054893.82867143
65735,3077391.63570476
65736,3897321.95096667
65737,4816475.6081
65738,4116037.38213334
65739,4439303.57578333
65740,4227790.17450476
65741,4105604.7753
65742,4331184.0416
65743,3801897.1287
65744,4552145.8316
65745,3760660.73516667
65746,4250120.8506619
65747,3013525.55347619
65748,4371793.5212
65749,3811427.31181905
65750,4539857.52403333
65751,3623003.37697778
65752,3909006.30276667
65753,2890440.85496349
65754,4729610.52373333
65755,4693412.74203333
65756,3894272.9619
65757,4943692.65363333
65758,4574799.73446667
65759,4230427.62976667
65760,4155041.54476667
65761,4446065.40113333
65762,3354475.3321
65763,3957469.9256381
65764,5056187.48639999
65765,4776386.0608619
65766,3782358.5645
65767,4483054.35633333
65768,4090627.41873333
65769,3225103.04326191
65770,4969264.8271
65771,4010555.14765238
65772,4467024.57800476
65773,4447290.14377778
65774,4238373.17196667
65775,5792304.5165
65776,4251110.9962
65777,3881843.31813334
65778,4289615.16155
65779,4916197.3435
65780,4804198.82416666
65781,4269999.36183333
65782,4768269.38193016
65783,4296508.38716667
65784,4417520.5245
65785,3817787.7604
65786,4691395.76773333
65787,3946193.94255238
65788,5016420.82513333
65789,4481230.35712858
65790,3679564.13336667
65791,4406762.65323333
65792,4652214.7337
65793,4955329.30331111
65794,4129139.32072857
65795,4305702.71763333
65796,3837018.4391
65797,4130391.90746667
65798,4222036.31019524
65799,4594438.26806667
65800,3933627.66745397
65801,4065358.1707
65802,4360651.78126667
65803,4579016.7809
65804,4729024.6849
65805,4686130.16695238
65806,4227987.9123
65807,3879663.65726667
65808,4455775.35957778
65809,3919265.29846667
65810,5034359.07333333
65811,4392230.44217778
65812,4903320.18063333
65813,4217942.64356666
65814,3964386.64282381
65815,5001621.97003333
65816,3622706.38953333
65817,3964422.0734
65818,4145519.39820952
65819,4791224.7949
65820,4409798.81487619
65821,4562272.38027778
65822,4860125.9176
65823,4712389.56606666
65824,3312912.98582381
65825,4766725.92734286
65826,4197357.8407
65827,4380010.41124286
65828,3432638.40130953
65829,4236614.9043
65830,3843665.90441111
65831,5026556.7108
65832,3736710.94741111
65833,4495480.39566667
65834,4705718.40346666
65835,3982188.46736826
65836,4414140.3253619
65837,4920200.20866667
65838,4772509.51896667
65839,4236601.99090476
65840,4000970.94984445
65841,4253306.51003333
65842,3767291.68869524
65843,4981960.40946667
65844,4571743.5618
65845,5177961.33273334
65846,4475733.4103
65847,5075472.8696619
65848,3822506.31521111
65849,5049290.57113333
65850,4476337.3579
65851,4603135.1231
65852,4725889.03773333
65853,4434097.7397
65854,4392154.00936667
65855,5384064.9251
65856,4517674.90533334
65857,4824899.4146
65858,3162134.71776667
65859,4181950.3106
65860,5023306.84264761
65861,4271451.72343334
65862,4424820.4194
65863,4129868.9253
65864,4692339.54179524
65865,3769334.39534444
65866,5126951.11216667
65867,3756535.42993334
65868,3345017.93323333
65869,5256323.13933334
65870,3985824.44201667
65871,4030200.63973333
65872,4648859.63056667
65873,4686055.08706667
65874,5145275.20466667
65875,5394821.70706667
65876,3894002.79676667
65877,4163138.97093334
65878,4357616.36301111
65879,3833128.78912857
65880,4047330.69646667
65881,5543686.85455238
65882,4178947.4745
65883,4097177.74920952
65884,4788560.1494
65885,3577142.33377302
65886,3722147.02741905
65887,3219437.38033333
65888,4101704.7672
65889,5259945.46670476
65890,3733373.2019
65891,5066427.65343333
65892,4127386.1785
65893,4245119.9098
65894,4631073.53958253
65895,3604052.53916667
65896,4193530.33667619
65897,4159879.8089
65898,3898179.4801
65899,4513258.5543
65900,4747272.1664
65901,3514724.68767143
65902,3547269.25637778
65903,4146698.4011
65904,4394253.69257777
65905,3298796.56917619
65906,4348979.95377778
65907,4708462.14036667
65908,4819200.30596666
65909,3592198.13668095
65910,3736697.89764286
65911,3949980.32797778
65912,2873379.2877381
65913,5527756.20268571
65914,4235536.33803333
65915,4644300.96503333
65916,4369064.8425
65917,3714868.9994
65918,3741966.52483333
65919,5011578.41966666
65920,4916425.85933333
65921,4227060.22476667
65922,6198343.33286667
65923,4481998.75234444
65924,5046386.09586667
65925,4024406.00976667
65926,4276751.05493333
65927,4872312.8408
65928,4565783.7573
65929,5306210.75523333
65930,4054909.10943333
65931,4642652.45733333
65932,4069206.86956667
65933,4698200.18782857
65934,4446133.66132381
65935,5352260.60446667
65936,4408246.8356
65937,3360440.91141111
65938,4790806.95204445
65939,4580339.6101
65940,4998672.03803333
65941,4058458.03239048
65942,4468340.8588
65943,3775177.7915
65944,4186687.5076
65945,4246817.51673333
65946,3814717.40973333
65947,5021802.82023333
65948,3963343.2794
65949,4919246.40116667
65950,4062762.7117
65951,3906501.1559
65952,2925840.74514444
65953,3882878.24210952
65954,4082499.36599524
65955,4680257.033
65956,5001799.95146667
65957,4988136.60706666
65958,4178054.2564
65959,4220732.59957778
65960,4431348.18354286
65961,4597565.9752
65962,3458475.44413333
65963,5396131.38679524
65964,4613900.15610952
65965,4881578.849
65966,4460977.2663
65967,3884031.60227777
65968,4385442.62906667
65969,4939501.87977142
65970,4247256.94496667
65971,3885685.2094
65972,4630040.33743333
65973,4697621.51343333
65974,4130015.55933334
65975,4248434.1352
65976,5026314.78902857
65977,4509363.03296667
65978,4240228.76289524
65979,4790709.3412
65980,4875068.6733
65981,4666621.26816191
65982,4623445.10283333
65983,4519036.28876667
65984,5484967.3581
65985,4000622.79194445
65986,4436452.50013333
65987,4392142.7181
65988,4619192.20426667
65989,4701214.74493333
65990,4589224.11472857
65991,4900431.52212857
65992,5403279.21316667
65993,3828503.64346667
65994,5075103.98303333
65995,3725840.52150953
65996,4438185.32506667
65997,3762407.21952381
65998,5252143.7763
65999,5153837.0691
66000,4492516.47226667
66001,4488397.08374286
66002,3910516.98043334
66003,4212735.2337
66004,4297579.0966
66005,4280771.68313334
66006,4331642.79046666
66007,4797339.47676667
66008,4387434.9138619
66009,4829918.72633333
66010,4437256.51646666
66011,5283891.90406666
66012,4816002.51196667
66013,4967072.16913333
66014,4566087.7208
66015,3855196.4059254
66016,3909023.3749
66017,3577120.2612
66018,4427723.81566667
66019,3799687.47743334
66020,4663250.58463333
66021,4229477.1852
66022,4123799.09947619
66023,4273080.91176667
66024,3915405.11251905
66025,5232400.0225
66026,4215796.34301429
66027,4105296.15142857
66028,4212496.30087778
66029,4559489.36149524
66030,4924628.98289524
66031,4346951.16636666
66032,4775832.6453
66033,4527692.46626667
66034,3772556.58635873
66035,4290347.981
66036,4056973.42975397
66037,4548244.2659
66038,4481154.5352
66039,2715639.89707143
66040,4615446.39355
66041,4262180.6213
66042,4821402.72923333
66043,5290497.87166667
66044,3981094.3596873
66045,4461446.70606666
66046,3540469.75044762
66047,4248961.8151
66048,5422328.23376666
66049,4614330.48686667
66050,4715303.30720476
66051,4210907.3804
66052,4554574.54923333
66053,4475931.28902857
66054,4351556.08226667
66055,3899792.7201
66056,4512090.42476667
66057,3338393.9558
66058,4915882.76076667
66059,4673561.57699524
66060,4220728.94772857
66061,4843036.08463333
66062,2417707.20534762
66063,4704225.5113619
66064,4595532.1835
66065,4013800.883
66066,4538685.48323333
66067,5499831.3849
66068,3988182.89
66069,3773196.53353334
66070,3739735.41888254
66071,4992802.90436667
66072,4608767.14146667
66073,5045017.5839
66074,5254577.75296667
66075,4006937.84290953
66076,4109661.6128
66077,5024235.6944
66078,4780901.44934444
66079,3872885.81418095
66080,4087883.21983333
66081,4310425.83646667
66082,3698985.48634286
66083,4285403.39123333
66084,4046476.84393333
66085,5084387.68193333
66086,3640303.22510952
66087,4643783.9605
66088,3893860.10047778
66089,5054934.4256
66090,4664133.78913333
66091,3930220.73769524
66092,3593484.70634444
66093,4859409.2425
66094,3556146.72296667
66095,4079754.349
66096,4897050.2954
66097,4730633.58706666
66098,4593398.60113334
66099,3981850.01783334
66100,4916817.3585
66101,3487351.4911
66102,5398819.83446667
66103,4108798.27286667
66104,4691266.97676667
66105,5035311.6011
66106,4085866.44756667
66107,4575432.79213333
66108,3620372.41516667
66109,3020092.6971619
66110,4127301.74322857
66111,4231486.8354
66112,4188473.79322857
66113,4282224.08463333
66114,5164183.5417
66115,4076434.17696666
66116,5994165.47098571
66117,4709688.59343333
66118,4459685.7089
66119,4650365.52866667
66120,4449945.69716667
66121,4897105.3833
66122,4218818.89390952
66123,4128231.45576667
66124,4826889.13191905
66125,4507821.53076667
66126,3870153.13113334
66127,3559708.4005
66128,4584784.0521
66129,3831358.94806667
66130,4405396.89082063
66131,4725837.30466667
66132,4336927.4611
66133,4082248.21166191
66134,4219142.59453334
66135,4177692.68347619
66136,4223690.6553381
66137,3945900.05187778
66138,3778278.18313333
66139,4682157.45593334
66140,4085785.2221
66141,3419925.4062
66142,5223528.24573333
66143,4536074.43256666
66144,4270681.9995
66145,4443691.87492381
66146,3444230.42747778
66147,3992974.59604286
66148,4021915.91074445
66149,4116302.23183333
66150,4670985.9986
66151,3531023.95100953
66152,4129799.76854286
66153,4169516.0313
66154,4632456.24513333
66155,4102363.59553334
66156,3345106.01751111
66157,4410605.9584
66158,4059151.98376667
66159,4230531.64307778
66160,3243314.65452857
66161,4309211.8313
66162,4130565.55747619
66163,3829454.9603
66164,4789414.30288571
66165,4215127.60416191
66166,4499744.8491
66167,3718650.21274445
66168,3698985.48634286
66169,3743106.89306667
66170,5336057.75293333
66171,4903171.5442619
66172,4487126.8594619
66173,4113908.71531587
66174,4413215.75203333
66175,5070820.1919
66176,4269589.00696667
66177,4057917.75466667
66178,4106204.13721905
66179,4187940.33325714
66180,3980738.80168254
66181,3994828.07893334
66182,3663355.55937619
66183,4066191.97100952
66184,4728184.79766667
66185,3760714.96606667
66186,4621635.46353333
66187,4317952.99106666
66188,4800777.31963333
66189,4816474.7447
66190,4166212.25707778
66191,4290335.72714286
66192,4076792.24951905
66193,4906536.31456667
66194,4485830.89338572
66195,4169102.83156667
66196,4474234.65522381
66197,4884592.1354
66198,4502570.2095
66199,4904786.33566666
66200,3661992.20567143
66201,3553042.28745397
66202,4070468.2622
66203,3327597.94877619
66204,4614736.05083333
66205,4197563.21806667
66206,3684721.09713334
66207,4491459.19826667
66208,3818271.19633333
66209,5257105.62526667
66210,3922209.90116667
66211,3368889.44076667
66212,4487168.45925238
66213,4081666.42171428
66214,4692878.43853333
66215,4066537.33365873
66216,4119106.10523333
66217,4107876.51176667
66218,5134332.80253333
66219,4047348.5904
66220,4996390.45056667
66221,3423012.67961905
66222,4436071.75026667
66223,4368579.07826667
66224,3972603.94216667
66225,5452864.78206667
66226,4733017.1978
66227,4227065.6289
66228,4349072.19333333
66229,4110606.66631111
66230,5207031.53106666
66231,5221465.20446667
66232,3732450.2699
66233,4200575.6762
66234,3982058.06076667
66235,4377629.47385715
66236,4796993.58603809
66237,4522154.67578333
66238,5124862.45676191
66239,4722046.58993333
66240,4112266.31183333
66241,3486038.72703334
66242,3867526.56596667
66243,4083800.0212
66244,4648339.46833334
66245,4909196.0215
66246,4002127.43766667
66247,4911070.90053333
66248,4913557.5197
66249,3685328.84776667
66250,4009997.19002857
66251,5247336.4176
66252,5813393.67266667
66253,4021802.50703333
66254,3697429.59722857
66255,4379125.53536667
66256,3765762.04779524
66257,4798964.69336191
66258,4862198.38619524
66259,4256818.1185
66260,4281938.78273333
66261,2838385.13547619
66262,4138493.4340381
66263,4661307.43144444
66264,5111160.49967778
66265,3852023.16723333
66266,5460107.31556666
66267,4522828.2489
66268,4373043.27786667
66269,4263365.79473333
66270,4684259.4407
66271,3934699.84315714
66272,4227573.80616667
66273,3693113.38566667
66274,4107706.94746667
66275,3762910.3202254
66276,3784236.48583334
66277,4163144.96012381
66278,4736107.91256667
66279,4877640.01236667
66280,4622155.204
66281,4455007.63403333
66282,4403608.1974
66283,4597418.18746667
66284,3343870.66179524
66285,5001078.10267778
66286,4137839.6899619
66287,5024269.97833333
66288,5000686.42193333
66289,4810335.03826666
66290,4461765.03256667
66291,3170312.02231111
66292,4361250.27166667
66293,4237488.54726667
66294,4958150.22349524
66295,4498765.4544
66296,4760627.09583334
66297,4438309.38
66298,5261680.55066666
66299,4833147.9549
66300,3572949.37705873
66301,3651934.26943333
66302,4927537.35273333
66303,3291733.8827
66304,4005912.7555
66305,4177386.7244619
66306,3719878.76656191
66307,4582996.72786667
66308,4989672.69166667
66309,4826077.70507777
66310,4760755.01213333
66311,3483468.53634286
66312,3903994.91256667
66313,4767590.71306666
66314,4133697.25585238
66315,4446847.70403333
66316,3794001.12867778
66317,4506686.72233333
66318,3331026.44270476
66319,5295335.39696667
66320,4677950.7216
66321,4095272.13295
66322,5779454.70016667
66323,4147339.13995397
66324,4334967.0177
66325,3534305.5769
66326,4317976.67284444
66327,5177160.8016
66328,4220220.352
66329,4578728.3901
66330,4330153.89556667
66331,5182740.58956667
66332,5400130.58836667
66333,4295900.2602
66334,3248637.74660476
66335,4244993.6776
66336,3768440.66216666
66337,4297412.09723333
66338,4402329.86776666
66339,3836448.63322857
66340,3802168.28243333
66341,4146328.53976667
66342,4847478.62453334
66343,4832215.33956666
66344,4587010.5001
66345,4700852.8415619
66346,4116692.72206667
66347,4102815.37999524
66348,6194510.41393333
66349,4020823.06549048
66350,5033873.3681
66351,3780366.48045397
66352,4369861.98146667
66353,4940484.88586666
66354,4248652.17066667
66355,4499292.60173333
66356,3782162.4211
66357,4229944.01893333
66358,3247926.1225
66359,4570044.43653333
66360,4677603.18546667
66361,5339380.71193333
66362,2984775.33399047
66363,4189354.3477381
66364,4536022.71153333
66365,3428261.16590635
66366,4799691.07379048
66367,4156761.18306667
66368,4299820.80276667
66369,4322324.63106667
66370,4199012.56746667
66371,3801694.54752857
66372,3518417.92738095
66373,4299012.05126667
66374,4581793.41816667
66375,4853146.9147
66376,3818974.8728
66377,4706026.65725238
66378,3980355.98627619
66379,3878006.09973334
66380,4416702.17346667
66381,3996312.4833
66382,4820747.3424
66383,3851589.16163333
66384,4016261.69823333
66385,4345252.0615
66386,3732462.8996619
66387,4271391.65660952
66388,3938238.5869
66389,5209049.75299999
66390,4239655.49595238
66391,4657719.77936667
66392,5130458.78462857
66393,3954390.72743333
66394,4615863.35245714
66395,4442691.25206667
66396,4476535.2268
66397,4317624.09566667
66398,4384370.19776667
66399,4695898.4861
66400,4097770.37673333
66401,3421882.54722381
66402,4517184.9535
66403,4435240.85182857
66404,4269725.62209524
66405,4223348.75
66406,4359010.64506667
66407,4465646.97813333
66408,4566645.6179
66409,3607969.15793334
66410,4752564.11803333
66411,4283662.54407778
66412,4917660.2608
66413,4679477.9396
66414,3662518.44833333
66415,4501638.67291905
66416,4357834.30776667
66417,3790611.88046667
66418,4932561.8044
66419,4715595.97313333
66420,4606173.03823334
66421,4473815.72127778
66422,3490180.84830476
66423,4746748.34653333
66424,3489749.79570953
66425,4931548.56463333
66426,3487234.05396667
66427,4324943.06636191
66428,4623445.48215714
66429,4560740.95966667
66430,4006081.56056191
66431,4079930.6152
66432,4437288.55073333
66433,4192770.8839
66434,4140711.84026667
66435,4095693.79913333
66436,3721369.20216667
66437,4670455.23906667
66438,5073762.18096666
66439,4733320.53126666
66440,5410523.06566667
66441,4190066.12915397
66442,4401799.73353968
66443,4011675.49819524
66444,3744780.01050953
66445,4729353.17233333
66446,3167516.64524921
66447,4552439.08133333
66448,4770129.4483
66449,5518040.94268571
66450,3238406.83172381
66451,4447866.2905
66452,4649259.95103333
66453,4893871.19393333
66454,4264169.68453333
66455,3690685.67787778
66456,4169837.32176667
66457,3181526.49163334
66458,5148667.01773333
66459,5635700.524
66460,4863397.36751111
66461,3278888.12613334
66462,4729178.30483333
66463,4180131.62596667
66464,4340077.84286667
66465,3962401.18366666
66466,3314867.19835873
66467,3228012.42454444
66468,3769755.67299048
66469,4489767.7621
66470,4693311.99646667
66471,4344151.3861
66472,4595549.50854762
66473,3702203.80220952
66474,3691628.37476191
66475,5113673.57146667
66476,4438240.19943333
66477,4523341.33773333
66478,4173788.59995238
66479,4371989.22087777
66480,4510517.94065238
66481,4048719.48956667
66482,4236671.26381429
66483,4042601.4011
66484,4506906.61633333
66485,4926045.89556667
66486,2748310.79573333
66487,4860782.46194762
66488,4868623.81901904
66489,5326944.88573333
66490,3763626.58696667
66491,4676865.1595
66492,4953110.25972857
66493,2696574.8462
66494,5199550.34256666
66495,4474456.83944286
66496,5147977.58349524
66497,4441316.03513333
66498,3021927.37194762
66499,5141577.9783
66500,4193745.57967778
66501,4692917.765
66502,4873801.0649
66503,4474066.82523333
66504,3891901.99946667
66505,4911323.01666667
66506,3921266.94766667
66507,3575407.67024921
66508,4488896.38413333
66509,4602197.3378
66510,4096057.49322064
66511,4326306.40513334
66512,4622296.64106666
66513,5326308.753
66514,4430808.59726666
66515,4411786.5821619
66516,4028834.42407778
66517,3283637.17463333
66518,3987438.99201111
66519,3949516.43812857
66520,4570633.21103333
66521,3828710.09957619
66522,3752762.11356191
66523,4412149.01328571
66524,5376103.55463334
66525,4353088.79963334
66526,4172306.37546667
66527,4754292.79593333
66528,4912898.24806666
66529,5242893.6475
66530,4885903.73334762
66531,4598617.47705952
66532,4883925.26886667
66533,4380831.05603333
66534,4198511.59606667
66535,4102440.84720952
66536,4418434.1746
66537,4687250.21814285
66538,3550519.73619524
66539,4681896.37783333
66540,4960115.8032
66541,4120005.15546667
66542,3974566.0279
66543,4080554.83182381
66544,4714197.76193333
66545,4305347.66046667
66546,3746635.04873334
66547,5414758.16246667
66548,4068695.71068572
66549,3177887.02513333
66550,4436037.55216667
66551,4010640.66673333
66552,4115650.33223333
66553,4916765.41516667
66554,3761554.88719524
66555,3208130.1915
66556,4802256.87205
66557,4169154.6269
66558,4779086.3946
66559,4281695.42396666
66560,4704596.64303333
66561,4983154.84066667
66562,3871058.45807143
66563,5179005.21726667
66564,3704440.4683
66565,5015010.80176667
66566,4589495.36196667
66567,4213132.3105
66568,4192520.5030381
66569,4315076.96636667
66570,4200264.52763334
66571,2646816.19116349
66572,4157573.2771
66573,4240640.66756667
66574,4163141.3405
66575,4922972.50983334
66576,5059345.39601587
66577,4237212.21964762
66578,4500419.60673333
66579,4217491.54543333
66580,5220708.52223333
66581,3005548.46177619
66582,4206792.09543334
66583,4440937.6235
66584,4771448.77513333
66585,3864463.31157778
66586,3954499.20269524
66587,3564797.25266667
66588,3802020.27303333
66589,4511403.03906666
66590,4529515.7288
66591,3696711.20594445
66592,3684914.97673333
66593,4224165.6053
66594,4905117.3356
66595,4508323.6929
66596,3998736.84261111
66597,4872638.4887
66598,4137686.01603333
66599,4945329.5517
66600,4568704.35537778
66601,3806233.24393333
66602,5132484.77763333
66603,3601807.69274286
66604,4256398.28433333
66605,3841406.31131587
66606,3846401.36996667
66607,3028728.28360952
66608,4651299.96173333
66609,4755962.9195
66610,4604190.8746
66611,3741000.88156667
66612,4283873.3179
66613,4157742.27753334
66614,4249857.05143333
66615,4527908.69036666
66616,4477541.9613
66617,4257654.17914445
66618,3861739.11999048
66619,4340733.16523333
66620,3467295.90093492
66621,5345646.39836666
66622,4748404.8699
66623,3443409.93983333
66624,4984890.98370476
66625,4565276.31936667
66626,5241537.70025238
66627,4528640.82633333
66628,4832701.21186667
66629,3769673.0547381
66630,4391510.55072857
66631,5163499.22426666
66632,4244892.94076667
66633,3899070.73823334
66634,3683611.04986667
66635,3652885.68736667
66636,4343512.54573333
66637,3950477.91206667
66638,4298592.17461111
66639,4486988.28
66640,4031695.8942
66641,4475061.46053333
66642,3900039.74955397
66643,4181278.70747778
66644,3899212.998
66645,4102974.09353333
66646,3301174.83140953
66647,4617932.022
66648,4305405.48826667
66649,4395881.26696667
66650,3734592.59996667
66651,3981637.65266667
66652,4393523.95003333
66653,4749043.14029524
66654,4326063.34936667
66655,4522787.37371111
66656,3927289.1928
66657,4074234.79880953
66658,4533614.26166667
66659,4596681.37283333
66660,4685386.435
66661,4342495.35239524
66662,4663669.09941905
66663,5014522.4764
66664,4597647.0635
66665,4570950.15486191
66666,4484156.37979444
66667,4779956.36236667
66668,4442897.11333333
66669,4065830.15474445
66670,4538403.32173333
66671,3459772.28319524
66672,4413560.73044762
66673,4698681.47749524
66674,4553697.8265
66675,3639752.32241667
66676,5162874.96638571
66677,4474338.4701
66678,4919370.75936666
66679,4277569.28034444
66680,3121971.7237381
66681,4372931.44206667
66682,4598034.50331111
66683,3104039.41117778
66684,3986902.58179524
66685,3482969.1702
66686,5480749.17483333
66687,4115808.47536667
66688,4358620.3941
66689,4240860.49262857
66690,3182221.72713333
66691,4738321.07317619
66692,3483859.12053334
66693,5103678.23416667
66694,2557498.85437143
66695,3488313.96826191
66696,3801133.6252
66697,3955888.78201587
66698,4669094.25931905
66699,3561743.5194
66700,4526648.42366667
66701,4516026.68113333
66702,3698564.14406667
66703,4898931.69773333
66704,4250744.39984286
66705,4480556.9244
66706,4252151.92703334
66707,4121782.86219048
66708,4459029.74467777
66709,3434296.73462857
66710,5179899.6731
66711,5041544.45423333
66712,5132167.115
66713,4661045.57823333
66714,3644466.16065238
66715,4326817.18598572
66716,4371804.06703333
66717,3063258.09644286
66718,4845444.56666667
66719,4854751.28196667
66720,3924824.82573333
66721,3617998.66040953
66722,4678980.26266667
66723,4623297.73217301
66724,4022003.94741111
66725,4266339.92101428
66726,4972483.1385
66727,4863527.61293333
66728,4475182.7648
66729,4163784.17404444
66730,4333431.676
66731,4688466.90016667
66732,2721605.56569683
66733,4420557.5926
66734,3879293.2847
66735,4351402.2786
66736,4719271.9042
66737,4238053.61246667
66738,3701074.60356667
66739,3792202.9192873
66740,4550236.13608333
66741,5031764.73173333
66742,4605503.19478571
66743,4119542.61993333
66744,4370550.9163
66745,4161138.408
66746,4384487.8372
66747,4665951.19536667
66748,3938535.95542857
66749,4211233.7949
66750,3127050.10603334
66751,4297370.1012
66752,3934890.44493333
66753,2560335.86134286
66754,4086419.76102857
66755,4549073.9506
66756,4508544.48303333
66757,4329711.41806667
66758,4640254.39946667
66759,5014703.13733333
66760,4046871.36779524
66761,4047315.539
66762,4199604.496
66763,4195429.00006667
66764,4229987.76802857
66765,3856213.87677619
66766,4261170.27333333
66767,4529699.81200952
66768,3725061.89787778
66769,4247481.55554445
66770,4281899.04853333
66771,4130047.36706667
66772,5297830.55272857
66773,5317771.62506667
66774,3696097.1610873
66775,4123479.99671111
66776,4511094.34426667
66777,4852051.09923333
66778,3587932.677
66779,5276535.59163334
66780,4030095.32183333
66781,4533960.75543333
66782,3778955.08503333
66783,4409952.70933333
66784,4351697.16424444
66785,4200588.69342381
66786,3956843.32622857
66787,4422109.1863
66788,3466693.90654286
66789,4234485.84166667
66790,3158165.45556667
66791,4679158.97568571
66792,4256008.59956667
66793,3972373.74773334
66794,4127944.0865
66795,4420392.20501905
66796,4400204.89736667
66797,4540926.49663333
66798,4234999.36146667
66799,3813470.7928
66800,5147644.23793333
66801,5171278.5112
66802,4328604.2456
66803,3869284.74020952
66804,4384355.15396667
66805,4562737.12971905
66806,5049433.58056667
66807,4799317.3334
66808,3593276.02631905
66809,4203675.33654286
66810,3758940.35497302
66811,4447559.71413333
66812,4986696.4046
66813,5086363.4659
66814,4366826.667
66815,3532669.28330953
66816,3345064.18640476
66817,4864394.01006667
66818,3765000.06920952
66819,3731786.04663333
66820,4112086.4127
66821,2715639.89707143
66822,5268118.19863333
66823,4680456.09231111
66824,3801687.30561111
66825,3507005.46826667
66826,3900616.08113333
66827,4381987.77633333
66828,4408899.88576667
66829,3911119.86592857
66830,4417086.36616667
66831,5231229.91636666
66832,3408460.85967619
66833,4336085.738
66834,4686353.2726
66835,4867773.0129
66836,3892789.82701111
66837,4474398.15914286
66838,3847736.79723333
66839,3934376.3201
66840,2760665.30203809
66841,5025140.87179524
66842,4312186.6649
66843,4578572.5390619
66844,4438790.11723333
66845,4527251.77386667
66846,4033318.93337778
66847,4240902.20136825
66848,3930824.61816667
66849,4365396.87574445
66850,3416922.51817619
66851,4266164.11597302
66852,4663667.22126667
66853,4186124.24157619
66854,4373941.03365714
66855,4428260.32463333
66856,5254368.39942857
66857,4182512.71259524
66858,4209253.14603334
66859,3874133.99697143
66860,3862380.06060952
66861,2807278.6309
66862,3405607.61473334
66863,2753512.50433333
66864,5760674.4362
66865,4428515.334
66866,4363952.9987
66867,3792288.24396667
66868,5197405.82946667
66869,3965544.57833333
66870,4182674.909
66871,4365007.85436667
66872,4232353.4038
66873,4622973.57446667
66874,4904920.59376666
66875,4735494.9755
66876,4332707.51731111
66877,4973568.75123333
66878,4945086.4213
66879,4181941.41073333
66880,5655023.71833333
66881,3724234.22393333
66882,4709217.30733968
66883,5131978.3147
66884,2425502.07146349
66885,5018562.17413333
66886,4209953.78337778
66887,4697131.24054444
66888,4021249.28313333
66889,3827325.63826667
66890,4303128.61091429
66891,4055637.93662381
66892,3382267.08407619
66893,4276426.14707778
66894,4422596.7222
66895,5100658.73723333
66896,4867233.24626666
66897,4104150.75596667
66898,3982210.28298095
66899,4126132.86069048
66900,4433949.2309
66901,4832065.06413334
66902,4770565.3498619
66903,4696996.63766666
66904,4239321.78783333
66905,2559550.28424286
66906,4068409.317
66907,3618260.49564445
66908,3090947.14874286
66909,3642692.37543968
66910,4537796.65302857
66911,3376922.05896667
66912,4838590.40673333
66913,3653273.92822381
66914,4968071.81733333
66915,3504916.01157619
66916,2832792.29506667
66917,3688978.46432064
66918,4146338.9741
66919,5297434.99886667
66920,2987447.7954619
66921,4793197.46686667
66922,4608981.71683333
66923,4768401.6044
66924,4243885.37056667
66925,5025744.59856666
66926,4475014.76784286
66927,5023482.84789524
66928,2950391.21284286
66929,4426845.1767
66930,3946710.96696667
66931,4247499.62823333
66932,4082485.6654
66933,4073488.20516667
66934,4084257.1816
66935,4086261.0103
66936,4598413.71956667
66937,4155830.76124445
66938,3444137.24116667
66939,4311720.3092
66940,4501267.95426666
66941,4581728.49896667
66942,4280177.58151111
66943,4404856.01563334
66944,3904884.07798572
66945,4936275.77716667
66946,3904830.56408571
66947,4692430.90343333
66948,3953965.09753809
66949,4693744.69597143
66950,4824006.68133334
66951,4760000.2675
66952,4554305.5087
66953,3191490.54927778
66954,4453745.90006667
66955,4245035.31913333
66956,4544168.51066666
66957,4168023.73786667
66958,3725230.3165
66959,3762029.48736667
66960,4127851.85603333
66961,4917075.44703333
66962,4508351.42076667
66963,4853781.64406667
66964,4332935.60093333
66965,4216438.54593334
66966,3886176.7367
66967,5016425.38323333
66968,4113642.41325714
66969,3691237.53574444
66970,4781307.69166667
66971,3785529.0581
66972,3209869.85543333
66973,4603655.45413333
66974,3988736.41736667
66975,4936196.55373333
66976,4966019.10333333
66977,4468567.39287778
66978,4360539.333
66979,4034404.18113333
66980,4068465.16373334
66981,4772697.9403
66982,3752977.28887143
66983,4275109.0506
66984,3802176.89073333
66985,4383021.7541
66986,4788394.63896666
66987,4306863.98917778
66988,3454147.09059206
66989,4179733.53433334
66990,4693571.2313
66991,4783926.49446667
66992,5421438.3442
66993,4273734.08176667
66994,3322768.91390476
66995,4860160.85236667
66996,4556721.21127778
66997,5088805.5347
66998,4894788.70246667
66999,4695047.5391
67000,3930766.86255715
67001,3653146.21437619
67002,4291729.61
67003,3808025.53322857
67004,4793900.97691905
67005,3744653.24324445
67006,4470784.60143333
67007,4290035.49192857
67008,4976763.0088
67009,4584855.89353333
67010,4404921.68366667
67011,3847591.77209524
67012,4696899.83166667
67013,5182305.23496667
67014,4535289.00919524
67015,4419872.05816667
67016,3584826.85901428
67017,4258955.23619047
67018,4162937.57620159
67019,3974367.95336349
67020,3981371.78228096
67021,4124819.65253334
67022,3444080.99975397
67023,4069663.57570952
67024,4341516.77356667
67025,4061167.30137778
67026,4110252.64100476
67027,3877981.66736667
67028,4938102.5661
67029,3818360.95753333
67030,3964585.26196667
67031,4697237.30082381
67032,4352129.30193333
67033,4799229.8671
67034,3867171.9068
67035,4571022.99841904
67036,3842558.08423334
67037,4754540.26502857
67038,3849013.14666667
67039,5044564.59619524
67040,5282413.86896667
67041,4775511.92546667
67042,4721570.15954444
67043,4376031.83809524
67044,3597233.36836191
67045,4974551.65463333
67046,4544894.71353333
67047,3041519.42057619
67048,5033839.65246667
67049,3781944.863
67050,4398326.94283334
67051,4923059.9423
67052,4850418.63583809
67053,4524225.23433333
67054,4095118.21116667
67055,4426703.24763333
67056,4354820.18311667
67057,4597479.7097
67058,3896804.5495
67059,4895924.21723333
67060,5136014.45216666
67061,5001298.88043333
67062,5456398.76851905
67063,5073940.74403333
67064,5332729.44945238
67065,3321188.87625714
67066,4136834.8416
67067,3900164.97203333
67068,5620106.54816667
67069,4122405.18306667
67070,4525980.7974
67071,4547751.14252381
67072,5169581.88096667
67073,4248437.79765238
67074,3924095.21139524
67075,4186667.5658
67076,4420539.52773333
67077,4126546.30386667
67078,4286226.10846667
67079,3678135.49559524
67080,4578170.153
67081,4179499.30126667
67082,4766730.31157302
67083,4131643.25437778
67084,3375681.00143334
67085,4427770.0119
67086,5054851.7531
67087,4591056.58071905
67088,4732840.01776667
67089,4432328.99536667
67090,4687778.95153333
67091,3496323.15372857
67092,4736695.62376667
67093,5019360.2097
67094,5006329.6338
67095,4015549.01014286
67096,4293204.98973333
67097,4114059.40043333
67098,4628781.63656667
67099,5400693.9252
67100,3507457.7014
67101,4407385.84266667
67102,6135551.2849
67103,4322678.19863968
67104,3798068.46899683
67105,4458727.19873333
67106,3431952.43216667
67107,4428775.88756667
67108,4646305.47497142
67109,4947197.31085
67110,4492503.30613333
67111,4610405.30839524
67112,3898858.50923334
67113,4294842.3324
67114,4019340.66516667
67115,4181764.46396667
67116,4541799.71846667
67117,5025133.75146667
67118,4226220.77604445
67119,3598293.43400953
67120,3031295.06483333
67121,4636106.4382
67122,4607187.95454444
67123,4929215.8641
67124,3221830.7187
67125,4862071.19103334
67126,4322071.00341111
67127,4372773.51095238
67128,5412441.10153333
67129,4413577.95416666
67130,4210490.93897302
67131,5114844.3758
67132,4136688.16946667
67133,4507332.83693968
67134,3802842.05239524
67135,4087123.10733333
67136,4810452.7362
67137,4394929.65296666
67138,4436519.12013333
67139,3682808.28360952
67140,4501693.11161111
67141,3709915.1824619
67142,4133384.64643334
67143,5035671.25906666
67144,3110740.23101429
67145,4680269.5106
67146,3238816.34106667
67147,3009709.03422064
67148,4584344.68655238
67149,3782970.23837143
67150,3556866.13957143
67151,4911815.59763333
67152,3566220.71631111
67153,3984739.85476667
67154,5377647.19163334
67155,4209233.13706667
67156,4353634.9307
67157,3883477.9749873
67158,3887182.45793333
67159,4576499.13326666
67160,4971321.2943
67161,4083156.6456
67162,4888551.0554
67163,3769576.87533334
67164,4693498.63203333
67165,4512182.84814444
67166,4980518.1026
67167,4232063.15296667
67168,4273037.90426349
67169,4562701.80986666
67170,4246596.50530476
67171,4031714.3592
67172,4066314.90806667
67173,5150979.6902
67174,3813543.07639048
67175,4193925.6555381
67176,2444714.63557619
67177,4473285.24606666
67178,3677443.4115
67179,4698844.5390381
67180,4624255.32742857
67181,4079663.90423333
67182,5003858.4462
67183,4509790.95546667
67184,4828473.8314
67185,4147329.17774286
67186,3726321.9975
67187,3900287.8147
67188,4451444.2394
67189,4244859.84626667
67190,4537523.66606666
67191,3504163.49006667
67192,3412256.27050953
67193,2925840.74514444
67194,4579760.44746666
67195,4912618.33176666
67196,4624065.76141905
67197,3997789.9904
67198,4266303.49724286
67199,3915202.02776349
67200,3228385.05643334
67201,4466499.00826667
67202,4491768.41226667
67203,4652317.1138619
67204,4745773.08886191
67205,3517545.12460953
67206,4594538.59594762
67207,4122834.16356667
67208,4320530.83904445
67209,4438085.4292
67210,3937688.11683334
67211,4676039.6055
67212,5034387.05656667
67213,3553291.75797778
67214,2874128.27980953
67215,4724700.12852857
67216,4264295.0127
67217,4102453.18716667
67218,4413222.60533333
67219,4623922.6345
67220,4968713.98935714
67221,3905805.09156667
67222,4510869.99956667
67223,4551316.2918
67224,5263063.32553333
67225,4524765.70656667
67226,4192745.24406667
67227,3638344.3611381
67228,5414157.30663333
67229,5984152.49696666
67230,4563324.2015
67231,5344221.44013333
67232,3671271.47323333
67233,4200731.56106667
67234,4063235.74606667
67235,4021269.69191111
67236,3773288.21019524
67237,4377604.07703333
67238,4227168.20643333
67239,2613899.13738095
67240,5474278.0452
67241,4888439.3485
67242,3373710.03410953
67243,4278133.2746
67244,4132191.6862
67245,4781219.27266667
67246,4196640.34930476
67247,4562272.26903333
67248,3817378.00167619
67249,4724694.34336667
67250,4243011.54886667
67251,4033569.10358333
67252,3096379.03585873
67253,5037721.44986666
67254,2935242.05412064
67255,4900795.716
67256,4989781.64693333
67257,4793585.3339
67258,5325617.85553333
67259,3889010.20723333
67260,5026703.8267619
67261,4553055.93811428
67262,4326210.0579
67263,5527756.20268571
67264,5054333.8907
67265,4339497.785
67266,3830100.56100953
67267,4662124.93266667
67268,4277751.96583334
67269,5135277.88156667
67270,4236098.54736667
67271,5066652.11326667
67272,4637713.59973333
67273,4387646.3526
67274,3035702.07670952
67275,4435563.3979
67276,4334189.9707
67277,4074496.89653334
67278,4799400.764
67279,4651136.70151905
67280,4119689.50683333
67281,4931955.7091
67282,4118875.79920952
67283,3478936.85146191
67284,3221040.88843333
67285,4111396.44783334
67286,3889253.74091429
67287,4276296.8462
67288,3867261.86646667
67289,4591012.08593333
67290,4785883.04013334
67291,4228476.88834286
67292,4217579.19433333
67293,4455723.1482
67294,5101992.02993333
67295,5419143.83763333
67296,4741333.25096667
67297,4202934.77266667
67298,4412311.83696667
67299,4753053.98811905
67300,4432997.72882857
67301,3930572.96221587
67302,3580434.8222
67303,4982132.32133333
67304,4454255.31186667
67305,4593896.85573333
67306,4644706.56556191
67307,4553954.17346667
67308,3784724.7457
67309,4806100.35871587
67310,4712596.94906667
67311,3787703.77206667
67312,2589180.91993333
67313,4652558.95336667
67314,4345678.8934
67315,4040682.36561111
67316,4392065.00086667
67317,3377770.21663492
67318,4339222.5116
67319,4365998.73553333
67320,3928362.2629
67321,4065274.52587619
67322,4441639.6301
67323,3861157.7007
67324,4886476.39263809
67325,5050154.86953333
67326,3425504.20833333
67327,5455219.80981904
67328,3951843.09056667
67329,3756103.41576667
67330,5284622.9219
67331,4198885.37574444
67332,4743937.62643333
67333,2520980.24364762
67334,4386860.43417619
67335,5404258.51603333
67336,5500625.14396667
67337,3333996.69090953
67338,3707549.867
67339,4347597.0279
67340,4353442.0733
67341,4458501.14293333
67342,4202787.02436667
67343,3815839.35790953
67344,4921500.7023
67345,5006225.1204
67346,4342104.98666191
67347,4654783.4686
67348,4206510.11586667
67349,3568934.6271381
67350,5124235.41793333
67351,3985271.96786667
67352,5199398.29158571
67353,4939623.28683333
67354,4467432.26514762
67355,3631419.4332
67356,3842824.79733334
67357,4244538.84356667
67358,3913440.56643333
67359,4434884.3782381
67360,3900177.0430381
67361,4601032.62366667
67362,3509471.55316667
67363,4274594.72263333
67364,3795515.03561111
67365,5125705.90763333
67366,3991465.4418
67367,5092245.04703333
67368,4706841.25086666
67369,5414653.68643333
67370,4663856.5998
67371,4432526.2726
67372,4628520.9640619
67373,3941745.08188095
67374,4042119.76093333
67375,4844125.3138
67376,4606053.16286667
67377,3827844.71016667
67378,5202193.241
67379,3741107.33737619
67380,4387577.5236
67381,5300068.50953334
67382,3952238.54923333
67383,4620406.1183
67384,4035286.6824
67385,4408068.28806667
67386,3189762.97995238
67387,4031691.0867
67388,4155384.29853333
67389,4136726.39263333
67390,4354925.9601
67391,4992194.39453333
67392,4546283.0162
67393,3950575.77656667
67394,3885171.57596667
67395,4184808.76125714
67396,5189549.4598
67397,4284413.41502857
67398,4345009.74043333
67399,4641682.8263
67400,4581716.1452
67401,3807292.99107778
67402,3831536.46023333
67403,4212993.15716667
67404,2989021.21785714
67405,4700412.47326667
67406,4825378.4474
67407,3581074.1573
67408,4943684.39776667
67409,4775495.15733333
67410,4163412.59466667
67411,5193799.851
67412,3880490.77805714
67413,4295634.3885
67414,4329103.16191111
67415,3691016.60736191
67416,3367530.82255714
67417,4834756.12263334
67418,4159540.03683333
67419,4153366.62336667
67420,4040379.25861111
67421,4119743.82577064
67422,4993904.29373333
67423,3974030.37631905
67424,4868438.91516667
67425,5057159.87043333
67426,3935873.43726667
67427,3998092.92337778
67428,4982412.77623333
67429,5013283.54823333
67430,3468073.41087619
67431,3755243.43486667
67432,4476323.8397
67433,4283285.7185
67434,3317488.3491619
67435,2985796.64452857
67436,4213653.38357619
67437,3732248.14689524
67438,4505433.32214444
67439,3645450.42617619
67440,4040373.52864444
67441,4271554.10796667
67442,4409624.3458
67443,4422054.71123333
67444,4654411.76826667
67445,4297215.5687
67446,3806124.67439048
67447,4095032.38716667
67448,4153892.7667
67449,4513193.37833333
67450,4964699.36502857
67451,4047735.84397777
67452,4327714.75875238
67453,4303270.94309524
67454,4490349.38673333
67455,3916086.8147
67456,4173518.7487
67457,3280165.10316667
67458,3466511.28612063
67459,4523644.731
67460,3534002.16656667
67461,3281065.49043492
67462,4858328.85593333
67463,4139470.8668
67464,4631882.06776667
67465,3700377.05192857
67466,4517975.40861905
67467,5063490.61963333
67468,4901832.06016667
67469,4172840.13076667
67470,3933582.37876667
67471,4628164.03962381
67472,3993327.16459524
67473,4838437.20984444
67474,4939847.57136667
67475,4421806.561
67476,4023088.50496667
67477,3901232.09514762
67478,4700975.27168571
67479,3368972.55076667
67480,4953754.5672
67481,4565213.41102857
67482,2803473.33393334
67483,4588277.01861904
67484,3992316.9524
67485,4197902.76612857
67486,4564548.24076666
67487,4876512.99586667
67488,4062474.8025
67489,3477239.07550952
67490,4091275.31689206
67491,4540796.55636667
67492,3958321.06203334
67493,3910113.55427619
67494,4385105.3573
67495,4813897.11616667
67496,4670647.3438
67497,4926484.31783333
67498,4402780.3942
67499,3107098.95950159
67500,4583380.79450476
67501,3786083.00106667
67502,4252369.66936667
67503,4786955.9896
67504,4349636.5324
67505,3643623.2285
67506,3178957.45284286
67507,4493558.95186667
67508,4198994.68983333
67509,5347149.4225
67510,4293929.33716667
67511,3497522.38941111
67512,3665719.30374286
67513,4560255.21593334
67514,2870907.47633334
67515,3794656.5128873
67516,4861449.52216666
67517,4792519.65913333
67518,4107670.85947619
67519,4212130.42288571
67520,4107886.5488
67521,4787548.64633333
67522,5298857.39665238
67523,4541215.39520635
67524,4103680.97596667
67525,3037996.00723333
67526,4081771.13193333
67527,4563279.90253333
67528,4767496.674
67529,3538572.81233809
67530,4311035.86911111
67531,5148217.9986
67532,3891414.09645714
67533,4310114.68456667
67534,5291866.66146667
67535,4368689.9846
67536,4568508.93943333
67537,4929167.2428
67538,3414737.7306873
67539,4317687.83606667
67540,4862241.40453333
67541,4534550.81056667
67542,5127278.4864
67543,4560330.45473334
67544,3879954.16276667
67545,3942742.52526667
67546,4470548.86373333
67547,4001243.1619
67548,4301914.25446667
67549,4385472.7639
67550,3637818.5243873
67551,3420141.72846667
67552,3171870.6211
67553,3859135.88877619
67554,4298048.31446667
67555,5179341.543
67556,3939415.96915238
67557,5056630.0935
67558,4443853.0018
67559,4793346.21776667
67560,4555874.61236666
67561,3968289.8936
67562,4224371.54277778
67563,4381862.40641905
67564,4410471.05206667
67565,3367470.46453333
67566,4058754.92627619
67567,4394550.13266667
67568,4209186.5623
67569,3830118.9485381
67570,4845195.5549619
67571,4679727.66717777
67572,4625691.6435
67573,3840184.81217778
67574,5150318.07376667
67575,5529880.41756667
67576,4543792.49483333
67577,4357723.92136667
67578,4245960.25463333
67579,3860389.30662857
67580,4325818.89466667
67581,3693013.6218254
67582,3988569.32850476
67583,3781373.16296667
67584,4121504.33624445
67585,3906405.37143334
67586,3669193.42367619
67587,4125100.9191
67588,4287711.79296666
67589,3871547.79326667
67590,5167879.3172
67591,5832608.81293333
67592,4250538.22726667
67593,4257138.59556667
67594,4093231.00480476
67595,3818109.06374444
67596,4323350.4253
67597,2444275.12280952
67598,3534042.05223334
67599,4978909.25168571
67600,4186957.2864
67601,4800190.67166667
67602,4015546.21336667
67603,3537191.43080476
67604,4803459.84733334
67605,5172608.69753333
67606,4639150.26063333
67607,5171516.3097
67608,3776818.92597619
67609,4315335.62453333
67610,4109610.64873334
67611,4205113.8345
67612,5256677.9221
67613,4586941.1711
67614,4768945.6506
67615,3746939.62363334
67616,4574200.49471111
67617,5023914.3419
67618,4339926.37093333
67619,4633811.22709048
67620,4148451.14626666
67621,3610855.86370952
67622,3315474.36641111
67623,3735924.14753334
67624,3883956.73000953
67625,3917918.21672381
67626,4240142.09336667
67627,3666252.58238095
67628,3942299.4447
67629,4161731.10363334
67630,3106010.90987619
67631,2943490.35515397
67632,3496885.12546667
67633,4304503.56063333
67634,4685829.97966667
67635,4054553.49996191
67636,3703108.19243334
67637,4210673.65339048
67638,3383369.86025397
67639,4271618.46223333
67640,3854743.57663334
67641,3945255.65723333
67642,4118599.60713333
67643,4528980.70496666
67644,3938691.54546349
67645,4209336.3765
67646,3576357.60926191
67647,4549042.8859
67648,4899503.87156191
67649,3708873.61656191
67650,4848150.88906667
67651,4373712.35993334
67652,3959083.5378
67653,5135196.17348333
67654,3947718.30193333
67655,4605806.0928
67656,4857385.9433
67657,4762255.68443333
67658,3674285.92693334
67659,4279279.19156667
67660,5443972.2426
67661,4608305.97192857
67662,4522662.0035
67663,4638905.5987
67664,5305440.94763333
67665,4037573.009
67666,3608058.71006667
67667,4924286.97483333
67668,4344070.10349524
67669,4605751.79063333
67670,4918108.19346666
67671,4110905.15636667
67672,5180826.20326667
67673,3322393.78758572
67674,3862121.84336667
67675,4670435.58466667
67676,3965192.21910159
67677,4311865.84933333
67678,4165930.09523333
67679,4740791.77049683
67680,5385420.42396667
67681,4863571.523
67682,4612896.79533333
67683,4904102.63433333
67684,4326950.23249524
67685,3664482.01306667
67686,4187781.05676667
67687,3872412.53343334
67688,4582251.8628
67689,4129645.79146667
67690,3958243.67293334
67691,4006480.63356667
67692,4016908.52064444
67693,3735511.52063333
67694,4079214.83563334
67695,4248825.4872
67696,3530313.69231111
67697,4834067.65793334
67698,5031311.5979
67699,3900707.9230381
67700,3864725.99743334
67701,3551236.28641429
67702,3848183.09821429
67703,4357440.92966667
67704,4663351.88397619
67705,4454290.22083333
67706,4257797.63426191
67707,3069094.82099524
67708,4238109.06706667
67709,3828743.15856667
67710,3618351.11546349
67711,3917950.2722
67712,4760306.93613333
67713,4219703.09906667
67714,4713521.06650476
67715,3344575.76181429
67716,4597296.76616666
67717,5372605.42313333
67718,3312016.02267778
67719,4376690.0229
67720,4056149.89627619
67721,3910416.59207302
67722,3524438.38447778
67723,3625593.74543333
67724,5228723.80043333
67725,3995759.0134
67726,4038539.69244444
67727,3322468.1520254
67728,3298772.91664444
67729,4486637.6313
67730,3945913.05586667
67731,4028004.41612857
67732,5465840.36473333
67733,4166380.52526667
67734,4206644.9644
67735,5061627.38253333
67736,3708709.55913333
67737,3888498.85815714
67738,5329716.29433333
67739,2986731.08956666
67740,4651733.32526191
67741,4410624.97616667
67742,4350468.84726667
67743,4570227.20236667
67744,4435913.05563333
67745,5023937.37329524
67746,4695678.8165
67747,3656688.647
67748,5087316.69863333
67749,4256967.1114
67750,4719419.12733333
67751,3992496.40643334
67752,4599870.43712857
67753,4732107.61746191
67754,5050117.5573
67755,3765130.62534286
67756,4426198.227
67757,4547937.57623333
67758,4291361.24626667
67759,4263940.0366619
67760,4629848.8306
67761,4933259.12883334
67762,4289666.86261905
67763,4131222.21127778
67764,4047302.67082857
67765,4265937.33803333
67766,3802431.08506667
67767,3685643.88586191
67768,4917997.33103333
67769,4598441.0036
67770,4428862.20223333
67771,4260481.4541
67772,4658608.51596666
67773,4732556.58703333
67774,3924308.53966667
67775,4175099.21526667
67776,3776072.9983
67777,3666009.33293333
67778,4104484.6205
67779,2961114.74716667
67780,4099083.302
67781,4039504.92034444
67782,3966866.0178
67783,4346566.96063333
67784,4346659.4034
67785,3373563.43565873
67786,5407008.1891
67787,4604746.0706
67788,2830169.51896349
67789,4273486.8389
67790,4419845.57124286
67791,4199409.46723333
67792,3152078.61617302
67793,4131880.58203333
67794,4208909.84356667
67795,4154369.91338571
67796,4268567.8037
67797,4612478.62843333
67798,4817269.22542381
67799,3833280.86106667
67800,3733861.2811381
67801,4475975.4927
67802,3984832.13126667
67803,4012491.38332857
67804,4872871.96423334
67805,3850292.19857143
67806,3834842.07126667
67807,4586360.4689
67808,4393771.61052857
67809,4327669.37773333
67810,4351839.3623
67811,4586471.5629
67812,3895703.80273333
67813,2744428.8579
67814,5193118.73398571
67815,4804583.61346667
67816,4970282.4844
67817,4927136.57763333
67818,4651136.57846666
67819,3984828.48823334
67820,4572897.64471111
67821,4474163.2331619
67822,4254565.58923334
67823,4315012.83706667
67824,4408968.78477778
67825,4367366.729
67826,3808660.08993333
67827,4200859.9714
67828,3536592.65446667
67829,4182831.48839524
67830,4411355.21753334
67831,4079854.9122
67832,4662742.77206666
67833,4180841.0898
67834,3460900.63836667
67835,4515346.95312857
67836,4557284.2035
67837,4640137.13543333
67838,4066289.1096
67839,4247429.1036
67840,5090004.25146666
67841,5176860.87623334
67842,4455084.2752
67843,4164437.8969
67844,4101393.16153333
67845,4911499.32081905
67846,3789031.09176667
67847,3728492.07291111
67848,3564115.69480476
67849,4135059.87215238
67850,3862116.46522857
67851,4560677.99592857
67852,4267147.86388254
67853,3511415.11638254
67854,3703036.71137778
67855,3799708.83814286
67856,3433347.74607302
67857,5113163.88209524
67858,4035924.58907619
67859,4507597.21021428
67860,4582803.2257
67861,3476536.61426667
67862,4674561.65296667
67863,4427310.81819524
67864,4536883.23693333
67865,4234816.72076667
67866,3414185.94625238
67867,3805856.94779524
67868,3771224.97259524
67869,4765649.4895
67870,4087722.8200619
67871,4717123.13632857
67872,4521468.33978572
67873,3956408.8846
67874,4808754.03481111
67875,4025047.1595381
67876,4369673.34863333
67877,4473196.82659524
67878,4235398.70474286
67879,3472752.31486667
67880,5088349.21653333
67881,4929144.54583333
67882,4148512.0523
67883,4097133.62176667
67884,4174664.85180953
67885,3595687.57713016
67886,4018486.42647619
67887,3610528.52683333
67888,4227693.48623809
67889,3957678.78363968
67890,3908739.84463333
67891,3821685.5917
67892,4014755.00861111
67893,4857797.8598
67894,5033434.40003333
67895,4673962.75496667
67896,4050035.83073333
67897,6199648.48561905
67898,4684713.31154444
67899,4302829.17743333
67900,4640454.98923333
67901,3794539.35861111
67902,3485169.53793333
67903,5301067.2008
67904,4396447.17764445
67905,3731055.33296667
67906,3869495.48915238
67907,4113330.59216667
67908,4391292.4101
67909,4103134.82653333
67910,4745235.6128
67911,3662327.69864921
67912,5327059.84076667
67913,2832792.29506667
67914,4019404.4111
67915,4031827.97943334
67916,4127754.85816667
67917,4320209.49246666
67918,3585207.6263381
67919,5151938.21996667
67920,5215245.23376667
67921,4667826.04018571
67922,4278333.4048
67923,5859096.78166667
67924,4377080.9234
67925,4111846.85787619
67926,4020903.72186667
67927,5055815.6194
67928,4637657.3276
67929,4360131.33023333
67930,4649523.65346667
67931,4278003.06283333
67932,4014877.284
67933,3795590.09001111
67934,5043709.37056191
67935,4393011.44976667
67936,4611403.64496667
67937,3842661.81127619
67938,5039549.56006667
67939,4908772.45343333
67940,4606366.53803333
67941,4606683.6071619
67942,5272086.56026667
67943,4742734.83836667
67944,4063007.55723333
67945,3938974.85673333
67946,4545516.11781904
67947,3982781.07834444
67948,3956154.46026667
67949,3931901.46429048
67950,4508912.9717
67951,5222066.55026667
67952,4685156.81043334
67953,3971945.34756667
67954,4236829.62229524
67955,3497446.27305714
67956,3950799.44574445
67957,4372038.00636667
67958,4932198.22093333
67959,4463962.98770952
67960,4790059.83616667
67961,4522627.08303333
67962,4023733.91022381
67963,3350936.13940476
67964,4627047.6786
67965,4653884.60086667
67966,4357585.30686667
67967,4681341.04938571
67968,2854178.11536191
67969,4806639.52043334
67970,4742204.57556667
67971,4730925.47652857
67972,3563772.0779
67973,4080305.18963334
67974,3775101.64766667
67975,3914559.871
67976,4322720.85446667
67977,4503875.53776667
67978,5355403.6225
67979,4245739.7712
67980,4151899.31167143
67981,4741107.27284285
67982,3361303.17713334
67983,4726449.19516667
67984,4997978.6553
67985,4243614.10247778
67986,4795985.33906667
67987,4443841.17536191
67988,4861306.75096666
67989,4145388.08923334
67990,4135047.67513334
67991,4739963.86298571
67992,4257090.22696667
67993,4380922.76036667
67994,4379620.94486667
67995,4743014.6743
67996,4997171.9836
67997,4334330.34666667
67998,5242256.49306666
67999,3481134.82726667
68000,4551441.1718619
68001,4665806.3368
68002,4349674.0201
68003,4754584.62473333
68004,4364375.52344286
68005,4742351.0013
68006,4369116.15253334
68007,4519617.0335
68008,4322361.70566667
68009,4086006.5451
68010,4502886.91356666
68011,4549746.21941111
68012,4423744.88016667
68013,4844587.89856666
68014,3991284.958
68015,4842029.25014444
68016,4776950.9321
68017,4440815.85270952
68018,4303859.52135714
68019,4970139.27643333
68020,4724579.27386667
68021,4475442.7367
68022,4558186.84693333
68023,4695631.73083334
68024,3487990.5871
68025,4647189.33143333
68026,3813659.33297143
68027,5135864.822
68028,4497320.34036667
68029,3357803.20896667
68030,3095097.51144444
68031,3427065.75405397
68032,4667852.47356667
68033,4483986.78574286
68034,4272930.7591
68035,4567722.26806666
68036,4370602.97407778
68037,4563673.8814
68038,4193662.39697619
68039,3668762.48294921
68040,4216087.33116667
68041,3871169.70615714
68042,3679552.3546
68043,4118719.97503333
68044,4413057.28433333
68045,3480337.75493333
68046,3979142.8662
68047,3738445.34896191
68048,4366272.1993
68049,3423837.18778095
68050,3645652.86322064
68051,4087005.73106667
68052,5448000.89971905
68053,4430185.35246667
68054,4042565.31733334
68055,3454578.94127778
68056,3777749.3610381
68057,4808323.51339524
68058,4668249.7058
68059,4622738.562
68060,4886252.07496667
68061,4010588.31207302
68062,4380436.63943333
68063,5223921.37801905
68064,3967391.7873
68065,5501494.56126667
68066,4306447.7955
68067,3878042.90773333
68068,4595215.05044286
68069,4403269.57111429
68070,4791651.28596667
68071,3950724.01092857
68072,4025674.90463334
68073,4369205.2236
68074,4067231.79476667
68075,4547740.9671
68076,4537156.36615238
68077,3233648.05811111
68078,4961279.7816
68079,4883660.54843333
68080,4282372.85775714
68081,4251980.16246667
68082,3579398.13933333
68083,4698679.69493333
68084,4446317.26273333
68085,4250196.56533333
68086,4204436.67496667
68087,4764891.75753333
68088,4532817.74616666
68089,4326149.85773333
68090,5290383.8155
68091,4713694.3947
68092,3622623.79041905
68093,4204743.81136667
68094,4624666.657
68095,4314630.74313333
68096,4227876.99287778
68097,4189666.93249524
68098,4835873.76612381
68099,4968584.70053333
68100,4371062.0832
68101,4023786.711
68102,4469234.4602
68103,3619079.14889524
68104,3069127.9336873
68105,4344087.4614
68106,3739461.84947302
68107,4459603.91094445
68108,4753626.6505
68109,4474321.69584444
68110,3925105.86923333
68111,4788592.40451111
68112,4708071.76116667
68113,4223957.25666667
68114,4604506.62113333
68115,3368749.11882381
68116,3481587.28644762
68117,4260378.3344
68118,4174964.38993333
68119,3655016.05912857
68120,4569958.58136666
68121,3700316.45416667
68122,4207827.84546666
68123,4983898.49560952
68124,5380816.2485
68125,4176569.83593334
68126,4167340.84216667
68127,4622259.90223334
68128,5523508.3472
68129,3781790.1545
68130,6033239.9247
68131,4873051.22093333
68132,4166042.87
68133,5174345.5797
68134,4578798.69116667
68135,3160722.49456667
68136,2753764.63234286
68137,3421882.54722381
68138,4738724.3306
68139,4009981.92697778
68140,5154124.94433333
68141,5617706.4118
68142,4109175.82923333
68143,4015623.0249381
68144,4047124.66177778
68145,4906885.42163333
68146,4765822.61657301
68147,5560853.82548571
68148,4737709.46353492
68149,4493330.59656667
68150,3678918.30482857
68151,4856752.42123333
68152,3992814.9629
68153,3258448.51513333
68154,4898819.53
68155,5259899.92213334
68156,4021237.62977619
68157,4486220.2325
68158,4635294.37663333
68159,4619814.72273333
68160,3502936.05460159
68161,3427303.86640952
68162,2351821.31620952
68163,5309580.80493333
68164,4867461.17992857
68165,6152243.54553333
68166,4535528.0962
68167,4353786.67591111
68168,4196491.9657
68169,4493380.47246667
68170,4440349.91694445
68171,4390520.53766667
68172,5465869.31136667
68173,4670498.66066667
68174,4239626.37300476
68175,4466233.26006666
68176,4383393.8392
68177,4447736.79016666
68178,4979119.68463333
68179,4108134.12456667
68180,2578585.98206667
68181,3522900.29203333
68182,4315762.35016666
68183,3630219.78666667
68184,4449283.26974286
68185,4899525.10446667
68186,3351714.9522381
68187,4624621.73526666
68188,3296452.33042063
68189,4276250.79113333
68190,4933078.77965238
68191,3876938.46563016
68192,3974300.63001111
68193,4885655.94396667
68194,4750076.857
68195,4509246.70265238
68196,3223997.66539048
68197,3669894.24559524
68198,3878631.4981
68199,4944244.3259
68200,3897958.61257619
68201,4028221.0323619
68202,4243303.6848
68203,4660103.56666191
68204,4435095.14576667
68205,3167423.10876667
68206,3343923.80551429
68207,4263999.62526191
68208,4969229.28476666
68209,4833395.73553333
68210,4325986.41266191
68211,5088488.89656667
68212,4595598.77871905
68213,4270113.2117381
68214,3855174.4683
68215,4580613.2765
68216,4318825.75643333
68217,4859020.64683333
68218,4351334.3656
68219,3933288.61563333
68220,3909724.84416667
68221,4386157.41830952
68222,3903391.61309206
68223,4852112.87923333
68224,4323758.14303333
68225,4624129.9709
68226,3569208.51562381
68227,4746540.08136667
68228,4161107.00093333
68229,4771565.1983
68230,4516031.5756
68231,4833824.6872
68232,4758329.95736667
68233,3701225.9801
68234,3904830.56408571
68235,4578833.57811905
68236,2569587.3104381
68237,4859232.58144445
68238,4154024.11114206
68239,4200344.9367
68240,4627105.03256667
68241,4659091.06528572
68242,4430247.99763334
68243,5529947.90178572
68244,4878109.81054444
68245,4412291.53573334
68246,4435964.38136667
68247,4691096.75766667
68248,4270501.1308
68249,4194237.28293968
68250,4102346.62803809
68251,4852676.81743333
68252,4487378.64323333
68253,4135987.302
68254,4521867.64713333
68255,4875868.8107
68256,5046400.20753333
68257,4515926.16396666
68258,3128272.24693333
68259,5396949.65613333
68260,4017266.16046667
68261,4419615.1847
68262,3938476.99680635
68263,4774231.98683333
68264,4031594.0678
68265,3993401.67073333
68266,4463905.77023334
68267,4279913.83743333
68268,3917802.73131667
68269,4466896.90649524
68270,4395688.32401667
68271,4443853.0018
68272,3308273.07523334
68273,5094476.15936667
68274,4290525.4702
68275,4651279.40481905
68276,5519903.0187
68277,4130626.51009682
68278,4777158.80478571
68279,4410269.03951666
68280,4335211.45616667
68281,4208782.3534
68282,4433759.85536667
68283,4753136.29835715
68284,4352647.45693334
68285,4270178.03496191
68286,3680812.93667778
68287,4068803.42254445
68288,3469748.47280953
68289,4847939.64163333
68290,4187922.70623333
68291,3876659.60927619
68292,4880194.42883333
68293,4636970.68406667
68294,4161958.27146666
68295,3776873.9937
68296,3777714.4431
68297,4379565.1033
68298,4356365.2972
68299,4417027.12663333
68300,4765016.44734921
68301,5187128.849
68302,4173912.72802064
68303,4380994.33426667
68304,3748376.92676191
68305,4555287.19886667
68306,4820969.45753333
68307,4254978.6207
68308,4728659.00076191
68309,3766539.14834921
68310,4561781.6847
68311,4768427.91636666
68312,4431855.35273333
68313,4373282.86376191
68314,4759339.8739
68315,4155048.29535238
68316,4225645.45595238
68317,3885720.69733333
68318,3516802.4316873
68319,4180520.80353333
68320,3766648.2901381
68321,3822968.38364286
68322,3925432.516
68323,3571576.16066667
68324,3912012.7087
68325,3741093.51024444
68326,3806201.67631905
68327,4347844.38172857
68328,3981407.31256667
68329,4487229.60357778
68330,3874614.88972857
68331,4828953.51819048
68332,3999224.28673333
68333,3892750.83447301
68334,5534236.06643333
68335,3416862.18286191
68336,4331444.44261429
68337,4331326.2097
68338,4077736.86326667
68339,4119322.89186667
68340,5624072.99693334
68341,3170387.71636667
68342,4762929.65599524
68343,5027966.18983333
68344,4630731.99956667
68345,5020271.82566667
68346,4048036.00156191
68347,4192348.5684
68348,5103380.42703333
68349,5091235.20616667
68350,4147527.2876619
68351,4679647.7766
68352,4075033.7162
68353,5741741.21606667
68354,4936897.87631905
68355,4537062.25125238
68356,5346013.18673334
68357,3796734.64553334
68358,3744152.74164286
68359,4690846.1634
68360,5261217.6999
68361,3187310.77194444
68362,4013256.70015238
68363,5424032.51883333
68364,3871138.66595714
68365,4285372.91406667
68366,3409631.63299048
68367,4647969.95916667
68368,4103289.13926667
68369,4319682.11296667
68370,4463095.9988
68371,4260149.20141429
68372,4328978.68723333
68373,4225229.81223333
68374,3955309.04784286
68375,4882183.1599
68376,4238416.31565397
68377,3766631.52147619
68378,2961125.2696
68379,4070505.6109
68380,4142234.78183333
68381,3793004.50436667
68382,4385770.29843333
68383,4776483.61205238
68384,3530002.98063334
68385,5050026.35096666
68386,4250205.61173333
68387,3502948.9005
68388,3978459.83771111
68389,4083016.65543333
68390,5132607.95676667
68391,3925771.20480952
68392,4248714.24237619
68393,4805795.22216667
68394,4951319.6459
68395,3511261.67861111
68396,3129810.30551905
68397,3736069.7733
68398,4808196.6392
68399,3249421.59813334
68400,3916823.9349
68401,4443911.06449524
68402,4099542.56106667
68403,3855365.51090952
68404,5306750.48653333
68405,5247665.246
68406,4790431.61576667
68407,5559578.15203334
68408,3981376.9688
68409,4485048.4442
68410,3431716.69661111
68411,4661043.09166666
68412,3938783.73663333
68413,4188478.71776667
68414,4851304.95626666
68415,4584305.12601111
68416,4256586.42492857
68417,4338271.85033333
68418,4709702.94293333
68419,4631124.60363333
68420,4882722.59363334
68421,4469690.11459048
68422,3945526.08133333
68423,4443853.0018
68424,4306037.45817619
68425,3965623.5445873
68426,3933986.8452
68427,4605154.11900476
68428,4624479.54623333
68429,3699928.0505
68430,4451321.9485
68431,4215661.22843334
68432,3616829.42523334
68433,3885425.49296667
68434,4216711.31836667
68435,4230960.70126667
68436,4766751.122
68437,4346390.9205
68438,3840555.13980476
68439,4408254.10103333
68440,3557896.50174286
68441,3782731.0615
68442,4678250.85996667
68443,4035190.76
68444,5003343.107
68445,4180954.70596666
68446,4104073.30026667
68447,4055757.26154445
68448,5052960.94133333
68449,4134825.61226667
68450,4245659.03497619
68451,3520570.12924286
68452,4856318.67621905
68453,4404854.44870953
68454,5152431.8982
68455,4280157.4424
68456,4795322.7684
68457,4590540.02903334
68458,4476131.28965238
68459,4727753.1608
68460,4854361.5545
68461,4536255.1991
68462,4845567.81536667
68463,3659365.92207619
68464,2868895.63784286
68465,4420753.03836667
68466,4692776.37566667
68467,4421507.53283333
68468,3782933.665
68469,4773233.66093333
68470,4782611.95136666
68471,4674212.34953333
68472,4775574.76724444
68473,3878963.98903333
68474,4515532.5938
68475,3884057.87846667
68476,4406652.8136
68477,4273093.01939048
68478,4810400.25616667
68479,2808102.12449682
68480,4540555.6508
68481,3682902.793
68482,2784652.20816667
68483,5071486.14176667
68484,3916029.48083333
68485,4092836.5122
68486,4383394.805
68487,4409616.3554
68488,4575889.42306666
68489,4609742.45435714
68490,4503733.61393334
68491,5171602.78936666
68492,5254155.18376667
68493,4446937.74236667
68494,4914576.3675
68495,3972764.44114286
68496,4700920.3877
68497,4608723.06336666
68498,4654513.7826
68499,4892963.93019047
68500,4881675.9062
68501,4576081.06946666
68502,4583724.39483333
68503,4271425.49947778
68504,3940181.88036667
68505,4659294.05516667
68506,4901352.67483333
68507,3066812.5482619
68508,4621360.1935619
68509,4128077.1539
68510,3087479.25671111
68511,4814129.60503333
68512,4584504.31233333
68513,4632853.4554
68514,3566624.52089048
68515,4291308.99213333
68516,3883876.50713334
68517,2501110.94759683
68518,4745316.84216667
68519,4563735.7876
68520,4648526.69086666
68521,5117578.8524
68522,3301037.65513333
68523,5424825.55266667
68524,4114601.61500635
68525,4902493.8929
68526,3973913.9403
68527,4323761.81239524
68528,4561608.64724445
68529,3151984.56953334
68530,4846956.56413333
68531,4770465.40526667
68532,4243836.71215873
68533,5363590.52583572
68534,5093714.05593333
68535,3654865.63007143
68536,4381567.0327
68537,4569502.89536666
68538,4895085.49428571
68539,4742138.17343809
68540,4164104.63063333
68541,3649249.95216667
68542,4468922.74861428
68543,4234795.05750476
68544,4943688.59516667
68545,3996520.65402857
68546,3111593.17007619
68547,4114045.55178572
68548,4460259.44666667
68549,3925755.55876825
68550,4682886.5794
68551,4158110.7723
68552,4447600.34054444
68553,2925630.39086667
68554,4075334.1495
68555,3385866.32753333
68556,4054717.96183333
68557,4320582.97337778
68558,3985578.88411111
68559,5259334.16528095
68560,3335293.04206667
68561,4231086.94653333
68562,3981283.21211587
68563,4650840.16335953
68564,4480479.06281429
68565,4183126.40866667
68566,3840928.86182857
68567,4164605.36233968
68568,3914249.67286349
68569,4752789.72376667
68570,4386460.95056667
68571,4802194.59313333
68572,3010282.44096191
68573,4382703.90846667
68574,3983093.24173333
68575,4777431.21393333
68576,4228596.10873333
68577,4965239.67316667
68578,4232237.65841905
68579,4623353.86677143
68580,3706241.99344921
68581,4352108.72283334
68582,4064903.4848
68583,4939357.41653333
68584,5242512.45655238
68585,5253906.6734
68586,5350677.44563333
68587,3655272.5043
68588,4541490.43246666
68589,5183299.05036667
68590,4806156.30713333
68591,3599662.56321111
68592,3745887.52478254
68593,4001875.47676667
68594,3696013.42281111
68595,4028193.13213333
68596,4470141.9409
68597,3724423.9976
68598,3855654.8339381
68599,5373977.57903333
68600,3442865.0584873
68601,4519966.2804
68602,4274727.79386667
68603,4017960.77846667
68604,4260985.2883
68605,4300677.63223334
68606,5000769.76113333
68607,4523272.75136667
68608,4773270.07743333
68609,3583192.30410953
68610,4205047.08303333
68611,3651749.00672857
68612,4012612.07865715
68613,4109500.06186667
68614,3577756.11372857
68615,2429726.54505397
68616,4496800.23976667
68617,3899087.40494444
68618,3811166.73521111
68619,3517403.21946667
68620,3431799.80813334
68621,4440840.25566667
68622,4555598.75523333
68623,4963609.07261905
68624,5632433.78966666
68625,2548908.79714286
68626,4802266.57124762
68627,5019437.24746667
68628,4095576.68706667
68629,4621385.32686666
68630,3403609.30445714
68631,4102635.45253809
68632,5237286.49996666
68633,4844494.5414
68634,4648478.67966667
68635,4341379.28755952
68636,4525968.46019524
68637,3929543.6858381
68638,5047815.1863
68639,4256087.89793333
68640,3571151.16712381
68641,3648557.10286667
68642,4019183.7751
68643,3853628.6287
68644,4424368.82013333
68645,5641559.67553333
68646,4921320.66828571
68647,4122015.98653333
68648,4574878.19804286
68649,4234981.47983334
68650,4630187.13713333
68651,3527345.46470476
68652,4694595.7532
68653,4501620.10846667
68654,4616979.16461111
68655,4276072.29223334
68656,3755042.72506667
68657,4670163.82456667
68658,4029044.54763333
68659,4066121.33333334
68660,4595134.65916667
68661,3749013.04634445
68662,3419004.62733333
68663,4878780.25483333
68664,4369240.38225714
68665,5048534.08
68666,3952421.33286667
68667,4791329.1803
68668,4551058.2456619
68669,4559365.19456667
68670,3879022.79450476
68671,4519972.57383333
68672,3653986.52906667
68673,3519538.67203334
68674,5477918.6442
68675,4666876.42023333
68676,5173688.5992
68677,3151732.5520254
68678,5005704.08936667
68679,4485302.73827778
68680,4132712.20243333
68681,4633831.79901429
68682,4469102.7455
68683,4256623.5287
68684,4643043.5432
68685,3944711.04693334
68686,5343801.67663333
68687,4925710.1333
68688,4109622.29019524
68689,4893652.37681666
68690,4780482.06616667
68691,3796052.58512858
68692,3192484.43594762
68693,3804244.28416666
68694,4353917.74116667
68695,4621990.33698333
68696,4470432.1124
68697,4161894.6757
68698,2829207.50194762
68699,4007931.42582857
68700,5291918.58966667
68701,5153954.8949
68702,3373424.36199048
68703,4446366.03783333
68704,4448188.4726
68705,5464164.66849999
68706,4718032.30213334
68707,3668275.04695397
68708,4203390.99688571
68709,4111174.28376667
68710,3501746.79380953
68711,4786209.91556667
68712,3219437.38033333
68713,3767078.45946667
68714,3989443.50016667
68715,4342382.81903333
68716,4038857.77513334
68717,3197696.8313
68718,3568894.28286667
68719,4666598.23646667
68720,4453060.0432
68721,4617607.6506
68722,4590797.67146666
68723,4224667.61047778
68724,3771818.3429
68725,4881778.77586666
68726,3990605.36246191
68727,4591508.32983333
68728,4772315.7813
68729,4485708.04796667
68730,4373149.18795873
68731,4577933.3807
68732,3100126.85653334
68733,4412583.11191111
68734,5086312.56316667
68735,4616400.4586
68736,3965309.15853334
68737,4997265.7711
68738,5178112.47363333
68739,5226064.23363333
68740,4993494.61496666
68741,4321380.23526667
68742,4564488.08353333
68743,5031173.40618809
68744,4648295.20620476
68745,4987439.84291905
68746,3800374.1593619
68747,4382996.28916667
68748,4223210.33316667
68749,4996312.87346667
68750,4978233.17853333
68751,3393930.31136667
68752,4426655.59563334
68753,4973225.97286667
68754,3901545.34242857
68755,2604699.30387143
68756,4666545.4266619
68757,3676265.05560476
68758,4602740.3735
68759,4554774.29053333
68760,3475392.07474762
68761,4373145.53423334
68762,4510321.71583333
68763,4620854.1762
68764,4124984.3421
68765,4088447.62223334
68766,4532042.82053333
68767,3310505.6604
68768,5368553.38026667
68769,4774629.39952857
68770,3333596.88244762
68771,4837697.11083333
68772,4383296.89076667
68773,4470030.81349524
68774,5228541.5941
68775,4050607.8382
68776,4606023.35791111
68777,4809417.2122
68778,5798348.35273333
68779,4228079.40156667
68780,4297419.65556666
68781,3828951.9857
68782,4264996.70389048
68783,5559611.51216666
68784,4498183.12910476
68785,5885188.5585
68786,4323424.77810953
68787,5000485.62006667
68788,4461033.6941
68789,4920550.31316667
68790,4334690.601
68791,3679429.27636825
68792,3673101.53613333
68793,4413205.28223333
68794,5012678.34556667
68795,4487040.74210952
68796,4205885.02126667
68797,4156071.7477
68798,4616789.38074286
68799,4880930.87573333
68800,4637557.3630619
68801,3780389.3567619
68802,4597939.17376667
68803,4665754.9284
68804,3553812.85823334
68805,4634880.5201
68806,4153630.06033333
68807,4392671.72843333
68808,4664121.55089524
68809,4823026.9533
68810,4882084.15956667
68811,4080333.03794444
68812,3139946.52668572
68813,4350255.88896667
68814,4670694.57603809
68815,4448653.47223333
68816,5367301.34333333
68817,4764356.97366191
68818,4562383.53026667
68819,3876659.60927619
68820,4957906.12336667
68821,5411228.11716667
68822,4112388.3034
68823,4640292.0559
68824,4121216.9111
68825,4431530.6267
68826,5093372.13863334
68827,4488114.77436667
68828,3867393.45593333
68829,4055640.74653333
68830,3466060.52247778
68831,3469493.44812381
68832,3499867.63544762
68833,2282209.56432381
68834,4516594.3366
68835,4650431.0767
68836,4403128.1851
68837,4890703.08193333
68838,4704722.8835
68839,4519496.12849524
68840,4102697.86786666
68841,5071574.5248
68842,4552692.09256667
68843,4727743.91647778
68844,4286391.16573334
68845,3414081.7149619
68846,4299233.44746667
68847,3877764.02663333
68848,4231971.98073334
68849,4084946.1777
68850,4658616.59643333
68851,4073680.29313334
68852,4465653.8962619
68853,5572174.24733333
68854,4788942.25216667
68855,4770060.55382857
68856,3488603.6197
68857,4722039.69996667
68858,4191569.82183333
68859,4012300.9871
68860,4477486.4667
68861,4107931.7581
68862,3253138.5886
68863,4040534.4300619
68864,4304489.39326667
68865,5017393.08976667
68866,4241152.94981111
68867,3588670.31335714
68868,3951269.61397778
68869,3836632.35796667
68870,5016272.58623333
68871,4683539.6846
68872,4026099.9524
68873,4465755.0069
68874,4411430.9244
68875,5304976.50296667
68876,3837965.49524445
68877,4940223.64863334
68878,3848842.84063333
68879,3996347.9309
68880,4685797.67316667
68881,4037900.7694
68882,4538039.7158
68883,4822350.97856667
68884,4132034.68586667
68885,4755139.17996666
68886,3692483.67742857
68887,4362498.4772
68888,4677182.73916666
68889,4500824.5438
68890,4946059.8669
68891,5260203.26623333
68892,4327408.71386667
68893,4847012.50192857
68894,4818893.21783333
68895,4283524.3582
68896,4645699.75046667
68897,5352751.53833333
68898,5417339.56516667
68899,5326814.70309682
68900,4392145.93733334
68901,4277788.94313016
68902,2729310.86854762
68903,4589913.0036
68904,5193673.06636667
68905,3933089.1122873
68906,4170878.20852857
68907,4997031.8464
68908,4808553.46003333
68909,5296103.34883333
68910,5000485.62006667
68911,3143041.22824286
68912,5163429.34563334
68913,4160873.9994
68914,3963114.22616667
68915,5599517.26436667
68916,3870886.909
68917,3896590.04563334
68918,3596263.8359619
68919,3386747.5602873
68920,5147898.36333333
68921,5793278.29863333
68922,5527083.25493333
68923,4856042.31201429
68924,5459544.78723333
68925,4609581.42596667
68926,4715071.29063333
68927,3574770.50173334
68928,2974716.47411111
68929,3063099.08403016
68930,3752774.0447
68931,4023222.02516667
68932,5401779.86633333
68933,5029671.2995
68934,3685539.11719524
68935,5501635.9953
68936,4054732.73638095
68937,4431285.11106191
68938,4983064.02219524
68939,3742703.24915238
68940,4707150.60085714
68941,3403473.47783809
68942,4790195.33856667
68943,4787942.82864444
68944,4314191.54443333
68945,4474070.33246667
68946,4084019.88106667
68947,3288345.99375397
68948,4704688.1905
68949,4546104.28063333
68950,4455029.02897143
68951,4332859.05658572
68952,4830240.329
68953,4198021.5582
68954,4349909.638
68955,3235980.00272857
68956,4795252.6524
68957,4869720.75573333
68958,4556367.1035619
68959,4329839.65523333
68960,3236958.79235715
68961,4448770.14913333
68962,5065068.22206667
68963,5451910.80933333
68964,3243864.63704286
68965,4126177.0355
68966,3902333.4473
68967,4271713.86871111
68968,3961072.4873
68969,4662861.31696666
68970,3680630.12312857
68971,4411359.68451428
68972,3469493.44812381
68973,2924321.37337619
68974,4012985.09473334
68975,4728110.332
68976,4993414.89556667
68977,4686566.35703333
68978,4416928.6166
68979,3832018.91092381
68980,4269511.88366666
68981,4693433.18543333
68982,3647002.63731111
68983,4923643.2993
68984,3751411.0273
68985,4235411.34506666
68986,4294905.71001429
68987,4051355.72596667
68988,3707780.08443333
68989,5086179.92853333
68990,3954199.9158
68991,3996436.02164444
68992,3523628.73794445
68993,3936114.21886667
68994,4512853.25433333
68995,4466405.87583333
68996,4872959.85857619
68997,4272688.93446191
68998,3376313.29357143
68999,3180841.75302063
69000,3459631.1562
69001,3880628.66026667
69002,3176557.79653016
69003,3741870.73073334
69004,3816766.84674286
69005,4867799.1116
69006,3897826.7753
69007,4583508.855
69008,3915165.0388
69009,4357499.33239524
69010,4273093.01939048
69011,3050738.65987619
69012,3903721.45397619
69013,4023557.49436667
69014,4516053.61979524
69015,3995574.32252857
69016,4172477.23373333
69017,4240316.14808095
69018,4530950.19403333
69019,4525106.16804444
69020,4129868.2037
69021,4246627.53039524
69022,4493132.34531111
69023,4719567.22753333
69024,3384196.36633333
69025,3206587.5714
69026,4377251.94507778
69027,4616650.1031
69028,4162293.04409048
69029,3851977.01805714
69030,3893117.94623333
69031,3636929.51574445
69032,3538648.79814762
69033,4374741.5864
69034,3494397.2508
69035,4056820.98871111
69036,3376823.92222857
69037,3922938.96729524
69038,4594668.08459524
69039,5733330.52626667
69040,4555026.9835
69041,4239240.32250952
69042,4407653.73446667
69043,4737929.52636666
69044,5287386.4608
69045,4049969.45466667
69046,4705874.07488571
69047,4197047.71036667
69048,3842411.6795
69049,4351485.18171111
69050,3649828.86126667
69051,4428432.24323333
69052,5873135.30756667
69053,4517122.49216667
69054,4104621.66503333
69055,3996736.83053334
69056,3985050.3969
69057,5185214.82949047
69058,4662958.99743333
69059,3574601.06526667
69060,5144191.7395
69061,3345367.046
69062,3041238.40105238
69063,3489212.1885
69064,3898372.51896667
69065,4763937.5908
69066,3211251.78104286
69067,3973208.45643333
69068,5003313.37036667
69069,5505069.7315
69070,3836177.78943333
69071,3736394.13043333
69072,3933011.40264921
69073,3963338.2444
69074,4935336.33955
69075,4694050.37623333
69076,3909984.9068
69077,4493485.93573333
69078,3994013.655
69079,4749337.10013333
69080,3988769.3135
69081,5424254.6873
69082,4443343.3374
69083,3490013.04984445
69084,4912070.34273333
69085,4614730.91076666
69086,2600512.78847619
69087,3727626.90326667
69088,4738711.00026666
69089,4452123.7009
69090,4051355.72596667
69091,4053751.02769048
69092,4887684.90216667
69093,4328073.1538
69094,3899485.53403492
69095,4078920.17791111
69096,3706153.13110635
69097,5166254.49462857
69098,4153406.19701905
69099,4483697.89363333
69100,3739280.39653333
69101,3758219.08256667
69102,3760170.00803333
69103,5130154.74276667
69104,3852714.04994921
69105,3015622.73676667
69106,4643343.49166667
69107,4776995.26353333
69108,3865166.47544286
69109,4671755.00699524
69110,4123693.46627619
69111,4015259.82406667
69112,4694829.70573333
69113,4890022.56462857
69114,3876659.60927619
69115,3919138.12696667
69116,4548322.44095714
69117,4431507.03043333
69118,2968098.69865397
69119,5127376.7338
69120,2724209.19547143
69121,2718188.11137143
69122,4392882.31072857
69123,4495413.184
69124,4810951.71586666
69125,4194586.33586667
69126,3567765.675
69127,4852741.4544
69128,4315425.92293333
69129,3058397.4407381
69130,3921578.41756667
69131,4909200.30253334
69132,5615583.0101
69133,4967716.99103333
69134,4675740.15336667
69135,3751368.94086667
69136,4586995.46746667
69137,4350622.16606667
69138,4292015.45840476
69139,5204165.69843333
69140,3748723.1297
69141,4917418.60266666
69142,4119935.18023333
69143,4067117.3748
69144,3780283.102
69145,4345296.86136667
69146,4508333.38666666
69147,4161282.83326667
69148,3221737.68497778
69149,4626608.57644762
69150,3613873.62023334
69151,3613873.62023334
69152,4769713.2649
69153,4361616.35626667
69154,4472868.22086191
69155,4806013.9937
69156,4347740.26023333
69157,4643687.52856667
69158,4656955.9485
69159,2953193.51150953
69160,3609155.55383333
69161,4093156.36879524
69162,4627601.69573333
69163,3479469.28722857
69164,3973481.75783334
69165,4262640.67386667
69166,4503906.96486667
69167,4284847.8878
69168,4066289.1096
69169,3853052.09812857
69170,4238138.04889286
69171,4445579.4833
69172,3638234.12818254
69173,4976671.32673333
69174,4358780.70112381
69175,4759953.81253333
69176,4259474.78853333
69177,5198426.4479
69178,4076730.3205
69179,4989141.17023334
69180,2916689.85376667
69181,3982808.3538
69182,4327545.07683333
69183,4563798.8015
69184,4287205.8206
69185,4135405.49593333
69186,4627666.5188
69187,4498849.78176667
69188,4154270.83483333
69189,4132760.43363333
69190,3891954.44467778
69191,3614493.89293333
69192,3311068.66045397
69193,3280375.27891905
69194,4759491.01513333
69195,4794245.12883333
69196,4516857.11114286
69197,4544892.35787302
69198,3616918.10860952
69199,3808877.6307873
69200,4471093.30143333
69201,3597535.84161905
69202,4276747.18873333
69203,3711594.6481
69204,4715968.04865
69205,4656330.52353333
69206,5414325.03823333
69207,3548123.69663334
69208,3631385.01876667
69209,4741625.48189524
69210,4794530.8588
69211,3626495.56709524
69212,4249960.9707
69213,4536316.49076349
69214,5157689.65686667
69215,4609176.81732857
69216,3536955.7337
69217,4486713.7899
69218,4993853.44816666
69219,3994008.0919
69220,3922456.20583333
69221,5048534.78453333
69222,3736159.14693333
69223,3151187.75116667
69224,5087509.00378572
69225,4329977.76808572
69226,3630526.36054286
69227,3038285.75308254
69228,3809630.2593
69229,4145896.36683333
69230,4132476.54436667
69231,4684124.08016667
69232,4160255.17065238
69233,4969438.3063
69234,4391907.8207
69235,4661469.6047
69236,4065285.22763334
69237,3956619.03187143
69238,4885240.1782
69239,4535242.34416666
69240,5226394.23983333
69241,4155062.71388571
69242,3226903.75932063
69243,4798611.55833333
69244,3893627.23386191
69245,4621867.16462857
69246,3534953.97323334
69247,4534757.75966667
69248,3822014.1935
69249,4274069.23628572
69250,2912220.84221429
69251,4729403.1061
69252,4270262.5032
69253,4501475.19513333
69254,4253755.0707
69255,3909537.14732857
69256,3873676.8493873
69257,5404239.16203333
69258,4661087.49781111
69259,4921926.33566667
69260,4248600.81116666
69261,4692087.0598
69262,3935802.20732381
69263,3974948.109
69264,5202364.53693334
69265,4523279.63706667
69266,3520605.96019048
69267,3875117.56246667
69268,4385708.01652857
69269,4894495.8304619
69270,4397574.84467619
69271,4242053.98142381
69272,4657399.22533333
69273,3575023.99502064
69274,2688161.97246667
69275,5244547.9445
69276,4000975.27324762
69277,4208759.53243334
69278,3173975.69425397
69279,4292301.4183
69280,4347186.7756
69281,4144003.97723334
69282,2928473.93200953
69283,5080036.46263333
69284,4759125.22956667
69285,4050850.72486667
69286,5244712.39056667
69287,4294759.38573333
69288,4765364.61706667
69289,3542430.94164762
69290,4321281.97903333
69291,4823053.5009
69292,3707853.68657619
69293,4518422.07746667
69294,5286208.2019
69295,4641050.34517619
69296,4943516.78356666
69297,4315959.72007143
69298,5101102.85743333
69299,3593276.02631905
69300,4277207.90636666
69301,4396285.4794
69302,4238486.52922857
69303,2940992.08355714
69304,4730654.87404286
69305,4162644.8273619
69306,4419370.0231
69307,4178612.49776667
69308,5332309.48703333
69309,3507384.11623334
69310,4963353.10653333
69311,3984333.64036667
69312,4125436.45680952
69313,4140096.83653333
69314,3176655.59246667
69315,4805692.8159619
69316,3940606.2115
69317,4149683.9208
69318,4051899.01606667
69319,4115331.91926667
69320,4189929.02444286
69321,4261488.4488
69322,4329384.63055
69323,4324468.54376667
69324,3020028.88730476
69325,4341405.62743333
69326,4340398.64844762
69327,4713962.21494285
69328,4743276.24533333
69329,3640339.12563334
69330,4710816.95966667
69331,3710880.876
69332,4166042.87
69333,4650458.3904
69334,3376383.71123333
69335,4824879.74046667
69336,3803432.13729048
69337,4383455.16378333
69338,3963215.33376667
69339,3700128.6878
69340,4159655.11276667
69341,4028618.49813333
69342,3083797.55866349
69343,3408699.94014444
69344,4484153.06823333
69345,4465336.11131905
69346,4184763.11690476
69347,4351444.22716666
69348,5358724.2277
69349,4982686.82176667
69350,3786667.87747778
69351,5245255.31403333
69352,4507124.0038
69353,4243257.37279048
69354,3844398.81503334
69355,4380831.05603333
69356,4247377.57666667
69357,4446711.57988095
69358,4111106.20013333
69359,4303043.43257778
69360,5689695.83928334
69361,4560763.59925714
69362,4632664.26943334
69363,4707044.08293333
69364,4511342.99786667
69365,2953156.24160476
69366,3102019.30956667
69367,3376962.1651
69368,3527615.03704445
69369,4094199.17373333
69370,4020089.32790159
69371,4229247.44507619
69372,4899894.32816666
69373,4881003.31683333
69374,3745254.9705
69375,2325572.6013381
69376,4179607.64423334
69377,3992735.4988873
69378,4119044.37333333
69379,5532969.3607
69380,3436312.33032064
69381,4057871.7809
69382,5053548.98066667
69383,3074378.91601905
69384,4365433.70017619
69385,4088227.52891111
69386,4374649.66883333
69387,5326302.1439
69388,5214421.65443333
69389,4337315.10176667
69390,3001648.79403016
69391,4539588.12093334
69392,3689766.79336667
69393,5170668.34975953
69394,4102128.55934286
69395,4454925.57446667
69396,4246287.7173
69397,5061060.20856667
69398,3847759.77136667
69399,4093975.34183968
69400,4191637.28083333
69401,4258403.55723334
69402,4410962.2926
69403,4098205.212
69404,5241327.03432857
69405,4619356.8776
69406,4824866.2156
69407,4216882.2186
69408,4353662.27276667
69409,4262711.6941
69410,3538157.66056667
69411,3801884.15447143
69412,4214999.05407143
69413,4679426.62123333
69414,4598021.83923333
69415,4428934.58
69416,4257061.72993333
69417,4568998.2339
69418,3978434.88833334
69419,4204492.64276667
69420,5143354.35743333
69421,4484248.60431111
69422,4572575.72636667
69423,3948289.85664445
69424,4099589.2002
69425,4947832.6878
69426,5101865.6128
69427,4651251.49019524
69428,5046621.081
69429,4276996.23903333
69430,3949710.06355714
69431,4183580.12216667
69432,4221634.30412381
69433,5056340.6995
69434,5088557.90686667
69435,3958800.64997619
69436,5314661.2884
69437,5067333.62791904
69438,4079465.55189524
69439,4595185.73
69440,4419755.30516667
69441,4452757.85463333
69442,3170972.56870476
69443,3978770.98943333
69444,4216029.40233333
69445,4648109.4211619
69446,3307168.82966667
69447,4752268.08843333
69448,4281697.42877778
69449,3011301.13992064
69450,3757739.21666667
69451,3761397.49491111
69452,3686571.72281111
69453,4073946.38733333
69454,4605626.96343333
69455,4324058.4212254
69456,4258295.27523333
69457,5373954.57576667
69458,5006967.70053333
69459,4785753.54361428
69460,4807249.54163333
69461,3780793.42293333
69462,4167464.27706667
69463,4661886.33306667
69464,3837047.96978572
69465,3094206.81926667
69466,4017853.528
69467,3872879.3691
69468,4459799.0841
69469,4651105.97456666
69470,4855626.79223333
69471,4417846.66843333
69472,3116545.92203968
69473,5334916.36626667
69474,4715930.83803333
69475,3676170.62973334
69476,4370616.1118
69477,4287244.8243
69478,4592760.6612
69479,4535860.0918
69480,4898818.45246191
69481,4833011.92756667
69482,3971798.1396
69483,4213939.15776667
69484,4127832.62601429
69485,4003378.41394445
69486,3964585.26196667
69487,4595966.07196667
69488,4563636.54173333
69489,4740727.86476667
69490,4198768.14219524
69491,4706890.01572857
69492,4199460.94502063
69493,4935484.89201429
69494,4024221.6127
69495,3758522.92577778
69496,4534878.62026667
69497,4485501.54932857
69498,2844290.74616667
69499,4609848.05763333
69500,4731087.38646667
69501,3587534.78930476
69502,3501690.01115714
69503,3523166.6251254
69504,5174579.28933334
69505,4865140.26573333
69506,4065157.65203334
69507,4008939.87963334
69508,4860320.91096667
69509,3448472.41756667
69510,4606824.72483333
69511,3969142.27286667
69512,4822569.87186667
69513,5290627.12263334
69514,3979827.03723333
69515,3350936.13940476
69516,4945770.882
69517,4025961.05926667
69518,5083005.22583333
69519,3673785.01692064
69520,3501369.0168
69521,3253136.2674
69522,4274978.31046667
69523,4118543.9858
69524,3752482.2656
69525,4263573.8857
69526,4610638.8587
69527,3951936.7165
69528,4073822.64843333
69529,4968896.52943333
69530,3697258.0182
69531,4040527.3611
69532,4450491.16163333
69533,3904110.71163334
69534,4617266.48556666
69535,4703161.41053334
69536,4137821.0106
69537,3752157.80516667
69538,4261325.45993333
69539,4826379.09093333
69540,4981237.0235
69541,3045716.78879047
69542,4667619.45403333
69543,4301527.34706667
69544,4162449.02416667
69545,4331906.8734
69546,4145331.1383
69547,4602217.45653333
69548,3870729.57826191
69549,4567616.56497619
69550,5043718.9152
69551,4111294.731
69552,4082070.10183334
69553,5161474.56766666
69554,3808197.81373333
69555,4449225.22616666
69556,3836995.57977619
69557,4591969.27
69558,4237609.8274
69559,3996405.1521619
69560,4471561.5609
69561,4577837.14741905
69562,4129128.62443333
69563,5241869.68826667
69564,4427712.5683
69565,4318868.295
69566,4874838.35183333
69567,4203674.0233
69568,4957432.50678333
69569,4535523.107
69570,5218649.4177
69571,4238127.24876666
69572,4759125.26243333
69573,4719616.675
69574,4167194.1562
69575,5111273.9118
69576,3888134.4269873
69577,3825531.06222064
69578,3838937.6492
69579,3132239.61487619
69580,3978308.64444921
69581,3317593.92767619
69582,4030676.96176667
69583,3924564.9273
69584,4273101.5565
69585,3216131.60914444
69586,4286159.31406667
69587,4298897.32063333
69588,4411749.32076667
69589,3966293.2232
69590,4778255.78425238
69591,4308751.28476667
69592,4327345.31266667
69593,4610306.3401
69594,4613768.71373333
69595,4674142.97933333
69596,3177764.8947
69597,4987436.08676667
69598,2629876.54513809
69599,4358400.9032
69600,4111018.87513333
69601,5430472.63286667
69602,4986208.01313333
69603,4434284.31389524
69604,4023912.87823334
69605,4157890.74616667
69606,4075083.3358
69607,4384627.6596
69608,5053724.29776666
69609,4548945.25266667
69610,4890921.48866666
69611,3830932.99743334
69612,4912822.8808
69613,3000861.36077143
69614,3676452.66815238
69615,4127671.10366667
69616,5032271.7891
69617,4227403.20384921
69618,3939606.24609524
69619,4950075.06183333
69620,4744200.34059524
69621,4499370.25883333
69622,4226724.28017143
69623,5004487.15636667
69624,4592548.57443334
69625,4764469.47983333
69626,3620364.05069206
69627,4551197.37896666
69628,4899364.56886667
69629,4057688.17403333
69630,4506442.3319
69631,4496799.5172
69632,3013268.43186667
69633,4470671.026
69634,5147278.90593809
69635,4400490.19883333
69636,3969852.4820619
69637,3485597.3324
69638,4772188.40733333
69639,4028444.16183333
69640,4343729.1924
69641,3794155.91263333
69642,4377272.82722857
69643,4979156.95933333
69644,4426643.37843333
69645,4460979.9205
69646,4055741.43016667
69647,3490798.0207619
69648,3271184.63444444
69649,4007399.02433333
69650,5388258.5651
69651,3757059.1766
69652,4702206.4053
69653,4185887.8728
69654,4544661.2643619
69655,4244577.0981
69656,4974147.741
69657,4180120.47046667
69658,4248275.38930952
69659,4030054.81483334
69660,3540308.71289048
69661,4817706.71193333
69662,3206466.37682063
69663,4503770.64274762
69664,4986630.0378
69665,4079335.1730873
69666,4702762.1347
69667,4316208.56876667
69668,4752268.08843333
69669,3818995.33141905
69670,3531633.74183334
69671,4267174.90436667
69672,5315891.0999
69673,3394127.0461
69674,4078838.32894445
69675,4245371.95550635
69676,4708095.05673333
69677,4386028.23604444
69678,4658682.81322857
69679,4944902.5758
69680,4171365.43550952
69681,5360395.79256667
69682,4841402.1886
69683,5332096.1719
69684,4042195.76043333
69685,2963857.4222873
69686,4508290.88741111
69687,4295045.00086667
69688,4634038.81521666
69689,4163697.2249
69690,3496727.1365
69691,4198784.3572
69692,4214556.92743333
69693,4355426.04476667
69694,4059939.38364762
69695,4311534.95526667
69696,4026871.20066667
69697,4432414.95266667
69698,5177290.41686667
69699,3942754.33096667
69700,4490910.38451111
69701,4359933.78363333
69702,4510961.13171111
69703,4620021.05776667
69704,4977091.23527619
69705,4643343.49166667
69706,4042356.67633333
69707,4184664.8522
69708,4638307.7758
69709,4194119.4716
69710,4532524.95581905
69711,4839665.73352381
69712,3835271.38166667
69713,4466928.18463334
69714,4253555.40563333
69715,3964466.77216667
69716,5043826.50653333
69717,4991897.5136
69718,3562634.6387
69719,4892574.14276666
69720,5033734.73633333
69721,2948740.92846826
69722,4690846.1634
69723,4902890.83266191
69724,4773400.0875
69725,4168245.49736667
69726,4387841.48913333
69727,5507712.67956667
69728,4746249.8878
69729,4820480.85198572
69730,4081680.17421111
69731,4206164.62960476
69732,4500921.6336
69733,3608399.76353809
69734,4165491.78069524
69735,4169717.66349524
69736,3715769.58291111
69737,4601207.6232
69738,5357836.01566667
69739,5242167.60893334
69740,4462824.5325
69741,4148021.16224445
69742,4141976.36017619
69743,5236158.73426666
69744,3952614.05
69745,4699781.91053016
69746,4791200.5122
69747,4627470.7065
69748,3483147.8199
69749,4463956.80073333
69750,4055290.66336667
69751,4616429.66213333
69752,3860477.89695714
69753,4819604.57636667
69754,4089824.72714445
69755,3364143.64892381
69756,3872755.7047
69757,5042712.26236666
69758,5722046.66585238
69759,4228588.9152
69760,4190823.9403
69761,5844104.35686666
69762,5301718.0969
69763,4184021.88483333
69764,4733710.4826
69765,4066327.28146349
69766,3576407.90233968
69767,4499069.66396667
69768,3847591.51185714
69769,4462905.07070476
69770,3593151.10956667
69771,4070859.68776667
69772,3272839.91596667
69773,4116150.7528
69774,5001730.0466
69775,4571020.67493333
69776,4245886.5472
69777,3634269.9886
69778,4518250.1309
69779,4760496.4048
69780,5051147.67697619
69781,4774153.6925
69782,5152658.65340476
69783,4921481.7447619
69784,5006078.34701111
69785,4049795.38259524
69786,2553854.29373333
69787,4340609.25943333
69788,3923161.58556667
69789,4505101.7055
69790,4153073.41906667
69791,4533897.53833333
69792,3668669.58039524
69793,3812087.48326667
69794,5097373.50686667
69795,3697317.34283334
69796,4320625.46413333
69797,4086512.28172857
69798,4451618.8712
69799,3853639.99996667
69800,5231037.49913334
69801,5200285.3009
69802,3817107.1835
69803,5105341.05992857
69804,4149728.53496667
69805,4366055.5103
69806,3828359.623
69807,4379126.59761111
69808,4114615.00499524
69809,4520328.1175
69810,3791163.86193333
69811,3660889.90266667
69812,3820747.41106667
69813,2512418.37322381
69814,4495309.9864
69815,4522052.9624873
69816,3677721.64616667
69817,4123954.45052381
69818,4014098.80480952
69819,4829918.72633333
69820,4374722.20906667
69821,4027934.7997
69822,4227433.84568571
69823,4235200.11796667
69824,3807959.92033333
69825,5018411.6831
69826,4149683.05446667
69827,4327192.45836667
69828,4761808.30703333
69829,4585997.40756666
69830,3703048.10609524
69831,4660076.00031111
69832,4420808.5387
69833,4989136.07763333
69834,3332854.14537143
69835,4485361.0166
69836,3986462.6304
69837,3884282.2452
69838,4326297.4745
69839,4563776.69223333
69840,4607385.45746666
69841,4371102.61353333
69842,3489442.02518571
69843,3995472.28023333
69844,4089924.2979
69845,6081202.24253333
69846,4546320.36811111
69847,4677993.5536
69848,4292480.65531905
69849,4515397.11049047
69850,4820805.44864762
69851,5126880.30363333
69852,4478735.5162
69853,4115575.09194286
69854,4333158.94241111
69855,2261222.88832381
69856,4998273.69819999
69857,4543784.36083333
69858,4557256.75589524
69859,3879356.51116667
69860,5065070.3554
69861,4685010.82299524
69862,4978909.25168571
69863,4772962.74726667
69864,3601262.89570476
69865,5259510.79086667
69866,3427625.3929619
69867,4145191.41197143
69868,4002583.2118
69869,3227079.67534445
69870,3985036.3508
69871,3723949.43582857
69872,4184473.44466667
69873,4318304.28676667
69874,4090056.1089
69875,4227551.75666667
69876,4167423.80106667
69877,4339419.76786667
69878,4334129.05730635
69879,3962360.1878
69880,4682484.8061
69881,4435760.9521
69882,4507756.38443333
69883,4863137.103
69884,5230002.1206
69885,4713084.80833333
69886,3883772.9142
69887,4571805.45643333
69888,3746724.24548095
69889,4661010.9794
69890,2678528.45097619
69891,3611166.95372381
69892,5208373.26806191
69893,5475018.86896666
69894,5534829.55656666
69895,4277166.73176667
69896,4613659.55984762
69897,4277651.61066667
69898,4530573.304
69899,3706396.03106667
69900,3981620.55274762
69901,4348085.96733334
69902,4469819.40363333
69903,4413088.27573333
69904,4574508.87623333
69905,4375189.98073333
69906,4191977.18574445
69907,2422943.16836667
69908,3981191.07679524
69909,4248442.98736667
69910,3538961.53772381
69911,4772584.79613333
69912,3517728.35403333
69913,4369121.62763334
69914,4519494.15302857
69915,4300348.6676
69916,3802596.27499524
69917,4745914.3846
69918,5261356.98363333
69919,4278405.72431111
69920,4425699.19153334
69921,3896587.62347619
69922,3916075.30603333
69923,3772672.36757778
69924,4911333.3961
69925,3642779.1851
69926,4696505.7324
69927,3502371.86200952
69928,4273219.59013333
69929,4345301.6316
69930,2925840.74514444
69931,5105660.79592857
69932,4514740.75166667
69933,4698385.81233333
69934,4592655.4205
69935,4525280.92256667
69936,4945264.89736667
69937,4579264.31326667
69938,4179542.05583334
69939,4835322.79028333
69940,3740452.35739524
69941,4892532.32178571
69942,4517696.08756667
69943,3149796.4108381
69944,4095513.90463334
69945,3265121.315
69946,5089324.03546667
69947,4641349.18763333
69948,4203349.98911905
69949,4438123.24391111
69950,4458518.31541111
69951,5252437.1865
69952,4773722.80493333
69953,4560838.69609047
69954,4584043.71903333
69955,5090122.56286666
69956,4828495.28773333
69957,4375790.70146667
69958,4509377.00016667
69959,4393700.75753334
69960,3296153.7189
69961,4448256.82056667
69962,4541422.75596667
69963,5553600.26453333
69964,4719442.18101904
69965,4584201.90189048
69966,4942233.4541
69967,3595029.3887
69968,5052171.59556191
69969,3854166.97966667
69970,4412703.42364762
69971,3996491.2196
69972,4382192.29096667
69973,5610403.3654
69974,3591280.02204286
69975,3835473.23716667
69976,4698897.83476667
69977,5429614.53576666
69978,4126049.76733334
69979,3572331.70753333
69980,4329660.27026667
69981,3815200.99053333
69982,4559685.3211
69983,3913207.3755
69984,4271059.54363809
69985,4920274.33042857
69986,3809551.70304286
69987,5088576.59226667
69988,4737901.69433333
69989,3685815.63953809
69990,4755532.6188
69991,4174584.22791587
69992,3529085.7505
69993,4327030.5218
69994,4125952.89314444
69995,4997509.7106
69996,3688804.64466667
69997,4246232.2414
69998,4319719.91076667
69999,4192409.93766667
70000,3886068.09277778
70001,3730529.64676667
70002,4001382.68867143
70003,4458273.0524
70004,3550720.19754445
70005,4638012.02366191
70006,4492503.30613333
70007,3902345.82400952
70008,4903624.3721
70009,4392238.73786667
70010,3175345.92153333
70011,4333052.82673333
70012,3300618.41969206
70013,4316641.18491111
70014,3554545.38833334
70015,3919667.52893333
70016,4361547.02426666
70017,5282382.65163334
70018,4200745.9038
70019,3838712.32915714
70020,4052682.45934445
70021,4141850.37753333
70022,3791737.14803333
70023,4309285.17722857
70024,5299135.83950476
70025,4830896.86199524
70026,4417887.92566667
70027,4384556.37533333
70028,4916017.54783333
70029,4058165.85249206
70030,4420866.29356667
70031,4732421.82803334
70032,3998145.97510476
70033,3877071.38766667
70034,4146189.10621666
70035,5263772.56182857
70036,3742127.40783333
70037,5126864.3029
70038,3800868.13822857
70039,3450985.56140635
70040,4207355.95190953
70041,4272147.19816667
70042,4196084.33096667
70043,4434884.8332
70044,3602077.29040953
70045,4556734.40973334
70046,3623305.46921111
70047,4684377.58016667
70048,3733709.27035397
70049,4796845.00947777
70050,4508145.00343333
70051,4275044.9687
70052,4759627.07546667
70053,3696518.82176667
70054,4159533.67906349
70055,5062055.88786666
70056,4140124.86086667
70057,3600435.02784444
70058,3644537.43536667
70059,4336191.65947778
70060,4182126.67489286
70061,4066660.37828571
70062,4242535.39719524
70063,4313504.28147778
70064,4333788.16606667
70065,3961079.98296667
70066,4056877.42546667
70067,4522467.76818571
70068,5079744.07113333
70069,3944026.14376667
70070,3448887.94059048
70071,3495386.55470953
70072,3732846.9856
70073,3846064.23603333
70074,4426854.03316191
70075,3796478.47293334
70076,3841171.87656667
70077,4261592.79543333
70078,3872506.73523333
70079,4456150.2359
70080,3543091.8607
70081,4541715.11356667
70082,3845665.54673334
70083,4897412.815
70084,4778816.41653334
70085,3597080.19153334
70086,4117886.36856667
70087,3615818.57497778
70088,4016178.2481873
70089,3409813.11443334
70090,5157763.28493333
70091,4583197.8469
70092,4656940.83403333
70093,4556636.6309
70094,3808378.64743333
70095,3606079.10836667
70096,4525923.43351429
70097,3563742.09157619
70098,4316212.21213333
70099,4983559.99006666
70100,4761605.51146666
70101,4200445.32173334
70102,4472181.9755
70103,4275760.25366667
70104,4151239.46263333
70105,5815832.1118
70106,4785321.79066667
70107,4469820.1916
70108,4812648.728
70109,3695958.60806667
70110,4652322.0081
70111,4868312.36576667
70112,4986800.07399524
70113,4087756.22236667
70114,4233665.16061111
70115,3959391.5430381
70116,4427097.14399048
70117,3518737.61761111
70118,4333505.6162
70119,4896615.66476667
70120,4780656.66053333
70121,3266040.15962857
70122,4366301.56653333
70123,3926158.36009524
70124,4257530.09626667
70125,3422051.72473333
70126,4275068.97316667
70127,3887228.14982857
70128,3511403.68012857
70129,3791163.86193333
70130,4286030.38763333
70131,5859924.6523
70132,4656593.34663333
70133,4643125.29553334
70134,5054713.85496666
70135,4206146.94387619
70136,4752334.73913333
70137,4749964.40493333
70138,4394970.0906
70139,5069329.5907
70140,4282432.8967
70141,3427374.00926667
70142,4422618.1476619
70143,3666957.72076667
70144,3295607.3153
70145,5498657.14858571
70146,4439032.57936667
70147,4347234.08276667
70148,3506955.42883333
70149,4693332.27239524
70150,4577743.47266667
70151,4460823.27225238
70152,3970353.1895
70153,5168784.63899999
70154,4227398.60224444
70155,4465465.33636667
70156,4158301.64184286
70157,4782209.44224762
70158,4107060.32695238
70159,5201909.87582857
70160,4130216.22029524
70161,4989065.60370952
70162,3734120.95383334
70163,4248196.6828
70164,3737808.62936667
70165,3757246.65843334
70166,4963617.02906667
70167,3975464.48483333
70168,4324061.17046667
70169,4832244.4908
70170,5078852.02863333
70171,3842810.3321
70172,3462644.94234762
70173,4200624.31623333
70174,3543091.44882381
70175,4736190.81223333
70176,4281426.6496
70177,4695253.38207143
70178,4373825.40891429
70179,5538942.73053333
70180,3964991.3749
70181,3994437.26214444
70182,4044981.09913333
70183,4089341.0808
70184,4839438.1018
70185,3726613.9076619
70186,3577801.53394286
70187,4660382.60583333
70188,5199529.49743333
70189,3839400.57806667
70190,3971735.87181428
70191,4538656.6121
70192,4637816.86526667
70193,4702786.60706667
70194,4255127.07203333
70195,4897230.89516667
70196,3941366.5949
70197,4011946.38586667
70198,4198558.12483334
70199,4768288.12876667
70200,4892495.31353333
70201,3728531.24126667
70202,3682704.65569683
70203,4088744.30403334
70204,4177292.4921619
70205,3925648.07976667
70206,4529086.96326666
70207,4452518.1781
70208,5050865.8001
70209,4665763.4142
70210,4699656.9879
70211,5122823.26183333
70212,4018564.1051381
70213,4209298.1886
70214,4578509.41556667
70215,5505907.69396666
70216,4277013.69006667
70217,4019868.5069
70218,3391542.68187143
70219,3951612.965
70220,3957366.48026667
70221,4073436.77783333
70222,4408941.06073334
70223,4801924.29645238
70224,4353385.08353334
70225,4990894.78576667
70226,4922214.63426667
70227,3991155.64590952
70228,4687595.07266667
70229,4568738.45166667
70230,4639506.1815
70231,3888896.5663
70232,3410311.71006667
70233,4625177.24944285
70234,4421893.95874286
70235,4207662.4821
70236,2853976.98501429
70237,4066673.9896
70238,5270472.4671
70239,5317348.7382
70240,3635633.13853333
70241,4588577.03733333
70242,4467331.02973333
70243,4389934.0766492
70244,4012196.09106667
70245,4729126.59275238
70246,4590805.9239
70247,5053654.93283333
70248,4066261.29776667
70249,4032431.98507619
70250,4163113.07535714
70251,4922579.898
70252,4006583.24794286
70253,4812788.9618
70254,4400854.88716667
70255,4894711.59153334
70256,3763666.12686667
70257,4770074.55493333
70258,4614942.09546667
70259,4632042.18376667
70260,3787249.8478
70261,4071328.37946667
70262,4341080.73046667
70263,3798718.17716667
70264,3981926.96046667
70265,4776312.13736666
70266,3919195.31153334
70267,4858576.15783333
70268,3527270.51413333
70269,3679914.48033333
70270,4266705.11219524
70271,4202511.95246667
70272,4168733.7199
70273,4949500.30326666
70274,4653819.92765715
70275,3790633.12266667
70276,3792920.57967619
70277,4747139.1539
70278,4434565.41026667
70279,4604307.4217
70280,4239263.73346667
70281,3876021.65433333
70282,3696457.84736667
70283,3899226.5802
70284,4203120.96456667
70285,4897716.41014444
70286,4177212.41913333
70287,5418316.41046667
70288,3347850.37152064
70289,4915223.5819
70290,4337791.09286667
70291,3757402.69596191
70292,4162114.29464286
70293,4189562.09103333
70294,4189566.5554
70295,4096776.90730952
70296,4568958.14103333
70297,4260508.7582
70298,4550936.13336667
70299,4624702.8321
70300,4764148.10033333
70301,4209602.05269524
70302,3920406.60176667
70303,4547716.34166667
70304,5349485.95415238
70305,5273998.72086666
70306,4818052.87906667
70307,4890022.56462857
70308,3963343.2794
70309,4592918.42526667
70310,5171569.22033333
70311,3612971.25697143
70312,4462055.09368572
70313,4927495.02483333
70314,4469028.14923333
70315,3052011.39737619
70316,4826335.09043333
70317,4058052.16563333
70318,3826356.67446667
70319,4141016.46406667
70320,4666889.7206
70321,3583290.61958571
70322,5095150.3855
70323,4317903.6587
70324,4360394.41673333
70325,4499721.0169
70326,4326854.7421
70327,4084496.6836
70328,3881161.93686667
70329,4412160.35753333
70330,5524534.63863333
70331,4850749.394
70332,4502084.39177619
70333,4504567.36356667
70334,3632221.90157778
70335,4561384.08803333
70336,5225819.48013334
70337,4405520.52614444
70338,3830561.21749524
70339,4226005.51696667
70340,4019179.45926667
70341,4602895.97337619
70342,4710033.58101111
70343,5389133.91136666
70344,5030975.56443333
70345,3970303.2803
70346,4266111.65416667
70347,3052725.89192857
70348,4742691.47603333
70349,4031015.42204445
70350,4113790.69644445
70351,5245227.41353333
70352,4753845.97515238
70353,3884069.92720952
70354,4838303.92646667
70355,4708029.54481905
70356,4891644.0081
70357,3987590.40673334
70358,4960127.77403333
70359,5339783.1654
70360,4090202.15553333
70361,5073367.83134444
70362,4143577.708
70363,4347278.33280476
70364,3944876.84543333
70365,4134433.89346667
70366,4708611.10203333
70367,4095144.43056667
70368,4918650.60193333
70369,5051038.61333333
70370,3959083.5378
70371,3874780.85725715
70372,4002907.54915714
70373,5365084.75046667
70374,5005741.33456191
70375,5497763.05726667
70376,5333142.34423333
70377,3469493.44812381
70378,3812369.41147143
70379,4586773.17882857
70380,4589744.47141111
70381,4186465.0035
70382,4653331.7334
70383,4545116.17256667
70384,5113346.94666666
70385,5253978.79596667
70386,4596084.6955
70387,4887971.32493333
70388,4347778.24916666
70389,5136673.1093
70390,4369266.75299524
70391,4146215.38616666
70392,5505714.18813333
70393,4692308.14903334
70394,4337792.6818
70395,4941303.35376666
70396,4303567.31156667
70397,4852720.42377619
70398,4082185.47513333
70399,3728269.03151429
70400,4226210.61586667
70401,4433275.4106
70402,3922562.58880952
70403,4920634.8938
70404,3904953.59911111
70405,3754288.10341905
70406,4249114.21053333
70407,4787223.76233333
70408,5641663.5849
70409,4819800.81266667
70410,4218697.0762
70411,4491681.05166667
70412,4230620.0956
70413,4881074.9391
70414,4536710.81953333
70415,4379573.9187
70416,4891643.39476667
70417,3874003.45526667
70418,4244649.01103333
70419,3982866.65244445
70420,4706329.58733333
70421,3790488.8216
70422,4111189.74416667
70423,3457687.4235
70424,4973458.93033333
70425,4373519.55099524
70426,4243069.16013333
70427,4216478.94582857
70428,5022814.82513333
70429,4724837.7241
70430,4611388.28373333
70431,4954677.18093333
70432,4046704.99027302
70433,4548900.9454
70434,3852752.44627778
70435,3869111.91163333
70436,3849465.18174921
70437,2955826.59459524
70438,4284055.24692857
70439,4205198.2029
70440,4720440.47293333
70441,3406238.04876667
70442,4870590.99613333
70443,4284609.25766667
70444,4782801.34463333
70445,4689820.47486667
70446,4186359.82436667
70447,4140287.91553333
70448,4623023.45283333
70449,4908139.155
70450,3679989.00323016
70451,4980639.01836667
70452,4005216.95324445
70453,3708670.64928095
70454,2559550.28424286
70455,3070600.6892873
70456,5418563.00496667
70457,4998781.4056
70458,4414341.49843333
70459,3832105.88972857
70460,5008989.72613333
70461,4509134.49633333
70462,5056371.20643334
70463,4473169.68676667
70464,6334096.9807
70465,3777178.98527619
70466,4261428.25153333
70467,5198192.80943333
70468,4943555.9254
70469,3981007.24446667
70470,6381632.53736666
70471,3760177.99054444
70472,3780014.52083334
70473,4527357.4479
70474,4930938.66386667
70475,4688235.81656667
70476,4399299.88376666
70477,4064924.44022381
70478,4021379.47633333
70479,4508229.4728
70480,4932943.3782
70481,4837879.35266666
70482,4916300.30702857
70483,2830865.35393809
70484,4865888.35296667
70485,3725903.88809524
70486,4792237.55973333
70487,4549421.6689
70488,5166932.62863333
70489,4769199.24996667
70490,3295542.16756667
70491,5597618.84463333
70492,3784572.49282857
70493,3976221.94496667
70494,4656169.0698
70495,4381910.23882381
70496,4530410.6198
70497,4157622.98506666
70498,4761411.71933333
70499,4142716.77897778
70500,4086019.61493334
70501,4284693.56063334
70502,3900898.19579524
70503,5005697.77236667
70504,5216612.0894
70505,3482586.92190953
70506,4492579.34853333
70507,3597883.05296667
70508,4773387.9248
70509,3896551.51923333
70510,4485267.0496
70511,4011319.01604445
70512,4383562.98763333
70513,4424672.759
70514,3799874.0044619
70515,3973466.87416667
70516,4162749.09624762
70517,4543763.35823333
70518,3649812.23434286
70519,5056126.1405
70520,5317769.28693334
70521,4628197.85256667
70522,4640947.72113333
70523,3621602.36463334
70524,3488384.96876191
70525,4018602.898
70526,3891354.8226
70527,4403115.0962
70528,3972010.938
70529,4450191.2572
70530,4367094.66943333
70531,4180462.17936667
70532,4311341.40382381
70533,4520175.21560952
70534,3971891.94993016
70535,3713578.76193334
70536,4375544.1261
70537,4550500.72866666
70538,3658423.77623333
70539,3016766.51233334
70540,4959689.81685238
70541,4828750.40666667
70542,4809057.38133333
70543,3755262.03194445
70544,4407164.11196667
70545,5107814.4669
70546,4506048.07363333
70547,4507498.94597778
70548,4938393.75441905
70549,2854570.33756667
70550,3506329.02990952
70551,4395299.72506667
70552,3966489.25376667
70553,3366000.83937619
70554,5110206.9684
70555,4427146.7889
70556,3965369.92413333
70557,5109049.68366667
70558,4246541.2076
70559,4998803.03363333
70560,4669683.67016666
70561,4664751.8392619
70562,4920487.67391905
70563,3973151.5868
70564,4610427.70803333
70565,4929783.6824
70566,4238036.47033333
70567,4846787.52904444
70568,4311072.03350476
70569,4460731.8264
70570,4698200.18782857
70571,3756166.64683334
70572,4548834.16726666
70573,3215491.27888095
70574,4439988.76748571
70575,4228614.1513
70576,5080725.942
70577,3270188.44174286
70578,5080839.0894
70579,4160255.17065238
70580,5446957.85053333
70581,4193234.42150476
70582,4134225.7208
70583,4431950.50153333
70584,5145852.0906
70585,3566218.10020953
70586,4678499.22235238
70587,4471399.28215238
70588,4468487.82058572
70589,4149272.27247143
70590,4848051.19286349
70591,4607264.40845714
70592,4716225.03546667
70593,4651992.83006667
70594,4249784.4629
70595,3904018.44173333
70596,4065959.5536
70597,3558807.16444445
70598,4312696.5843
70599,3799659.36584286
70600,3867151.27893333
70601,4669043.19409524
70602,4371665.26446667
70603,4809462.55733333
70604,3501618.87125714
70605,4922425.3963
70606,4907524.94753333
70607,5469615.48666191
70608,3988569.32850476
70609,3961724.65632381
70610,3837032.96426667
70611,3915179.40182857
70612,3918621.5957
70613,4281166.25917778
70614,4782631.92586667
70615,6394358.53196666
70616,4368942.00083333
70617,4246912.6332
70618,4367440.6701619
70619,3295129.05516667
70620,4363964.35944444
70621,3909027.94609048
70622,3038081.11199206
70623,3833133.90294762
70624,4346939.06453334
70625,4116491.5781
70626,5008935.28866666
70627,4467413.69763333
70628,4331336.56077778
70629,3679695.99226825
70630,4513408.11164444
70631,3921319.17047143
70632,4172820.89266666
70633,4737766.2006
70634,3820740.57035715
70635,4491416.9743
70636,4913745.96676667
70637,4175834.89046191
70638,4737833.8871
70639,4722379.94433333
70640,4784146.99223333
70641,4893408.4088
70642,3677975.23097619
70643,4397335.15143333
70644,3891981.13241111
70645,3605467.30746667
70646,5379718.23463333
70647,3270351.99143333
70648,3258578.79702064
70649,3632971.99920477
70650,4219886.72676667
70651,3844744.54781429
70652,4289843.12373333
70653,4419362.63641111
70654,3552572.9263
70655,4404184.49635714
70656,4713853.14183333
70657,4354806.1066
70658,4890677.62016667
70659,4579691.4581
70660,4256333.08116666
70661,3557232.3777
70662,4957342.47806666
70663,4224489.02163333
70664,4984660.12093333
70665,3877232.5194
70666,4252554.9787
70667,5364419.60185238
70668,2529744.91408095
70669,4687028.4405
70670,4273487.6386
70671,4795029.34296666
70672,5562108.39246667
70673,3968448.4872
70674,5527756.20268571
70675,4408494.90296667
70676,4260620.86349524
70677,4155238.44303334
70678,4555042.1296
70679,2926475.33830159
70680,5267040.075
70681,3916708.41746666
70682,5070855.98196667
70683,4114066.2211
70684,3696739.61720476
70685,3954468.1096
70686,3819826.08234444
70687,3351766.7548
70688,4005902.98390476
70689,3802036.81943333
70690,3986183.1938
70691,4199526.63529047
70692,4899913.80731111
70693,4753053.03904444
70694,5082820.541
70695,4099707.2432
70696,4328966.20889048
70697,4533471.09783333
70698,4959279.95018571
70699,3686718.14839048
70700,4443203.39282381
70701,5052753.88796667
70702,5115757.97115238
70703,4147696.33716667
70704,4590542.74974921
70705,5303722.89183333
70706,4169093.4764
70707,4719913.696
70708,5153134.48123333
70709,3280592.0770381
70710,4688748.53096667
70711,4909807.8437
70712,5326401.9185
70713,4260605.70764445
70714,3979666.79066667
70715,4436110.53776667
70716,3595792.08266667
70717,4034822.0965
70718,4211315.27006667
70719,4071401.3023
70720,4850417.28166667
70721,4816019.53676667
70722,4006571.54156667
70723,4657393.38296667
70724,3860068.34285238
70725,4728895.29707778
70726,4112648.01066667
70727,4411267.2334
70728,4184148.09136667
70729,4573570.9593
70730,4583010.25588571
70731,4399254.34033333
70732,4266111.65416667
70733,4968483.84372857
70734,4204145.769
70735,4624743.98013334
70736,4668742.53926667
70737,3847822.53137778
70738,3922993.359
70739,3552566.30459524
70740,3986755.47423333
70741,5093766.94303333
70742,3770270.983
70743,4302244.5327
70744,5363836.53523333
70745,3125686.26624762
70746,4556327.6764
70747,3881830.2392
70748,3832596.37206667
70749,2889735.26390476
70750,4354398.78363333
70751,4602204.22706667
70752,3624281.1131873
70753,4074338.7449619
70754,4837689.7177
70755,2478085.22664286
70756,4616980.62091111
70757,5168820.32216667
70758,4725355.57763333
70759,4313335.0102
70760,4140514.71949206
70761,3276952.28347778
70762,4462637.46273333
70763,4453779.44493333
70764,5050307.6364492
70765,4187860.22343334
70766,4316274.28566667
70767,4030981.479
70768,4020247.9432
70769,4763157.61196666
70770,4008009.39157778
70771,4027295.96832857
70772,4497846.32353333
70773,3802657.4368
70774,4152285.72125238
70775,4958224.22903333
70776,3506789.96673334
70777,4607738.74833333
70778,4527277.91946667
70779,3980369.60996667
70780,3400320.75860953
70781,3669916.80786667
70782,5084229.00983333
70783,4939029.62086666
70784,3657703.52831111
70785,4107457.42127778
70786,4945861.23873333
70787,4535358.9183
70788,3452868.36888095
70789,4510197.06746666
70790,4430831.33946667
70791,3738292.355
70792,4254613.99617143
70793,4062855.38316667
70794,4969230.34906667
70795,3529202.67923334
70796,4548549.18056667
70797,4639347.65113333
70798,4471749.85296667
70799,4794321.34926667
70800,4034439.5341
70801,4777948.50135238
70802,2951364.34380952
70803,4979561.2653
70804,4395120.80862857
70805,3408977.18736667
70806,4949387.88303333
70807,4058502.9075
70808,3955091.51409524
70809,4130843.90296667
70810,4965596.71196667
70811,4838470.06403333
70812,4125956.9615
70813,4096680.00111111
70814,4006583.38077778
70815,4387691.84317619
70816,4488299.1911
70817,3928887.29823333
70818,5147278.72393333
70819,3974466.66603333
70820,4044051.89576667
70821,4259904.2246
70822,3969841.26204444
70823,5066899.0174
70824,4229099.966
70825,4155261.5247
70826,4025116.20285714
70827,3681885.92746667
70828,3522159.14733333
70829,4576655.27843334
70830,4839921.25316667
70831,3675909.72710953
70832,3805546.99582857
70833,4605724.21523333
70834,5186372.7688
70835,3400085.7804873
70836,4093471.47952857
70837,4299149.77191667
70838,5197904.042
70839,3898433.13913334
70840,3866219.12493333
70841,3953079.79473333
70842,4358520.2748
70843,4408612.4755
70844,4542837.24816666
70845,4026475.7469619
70846,3587593.87277302
70847,3245289.28697778
70848,5409275.285
70849,4452466.5115
70850,4704023.141
70851,4495781.61586667
70852,4902421.40063333
70853,4135464.12034286
70854,4141111.90091111
70855,5299567.57196666
70856,4205064.21967778
70857,3448994.52579524
70858,4238431.10370952
70859,4431662.29856667
70860,5019486.95806666
70861,5325708.87266667
70862,4320771.40984286
70863,4049509.4558
70864,4589516.3024
70865,3718227.41343333
70866,4789592.82586667
70867,4961375.64326667
70868,3960711.26973333
70869,4238506.11613333
70870,4770573.69026666
70871,4619675.2656
70872,4737101.42164444
70873,5033882.1226
70874,4653690.73073333
70875,4055096.06279524
70876,3883380.31586667
70877,5308518.32203333
70878,3730660.16342857
70879,4664922.70353333
70880,3358060.34944444
70881,5186717.26136667
70882,3860108.01896667
70883,5470965.16156667
70884,4475036.27516667
70885,5069639.77885238
70886,4249583.0499619
70887,3546283.39930952
70888,3796694.25336667
70889,4259724.74226667
70890,4956733.17575238
70891,5263840.65911905
70892,4598634.79966667
70893,3672234.29192857
70894,3724749.28096667
70895,4882086.38763333
70896,4571410.52793333
70897,5557813.49208571
70898,4621289.91233333
70899,3825419.82655397
70900,4856518.4502
70901,5171768.05816667
70902,4336007.85677143
70903,4298533.6308
70904,4937399.45286666
70905,3184023.84929682
70906,4491576.96886667
70907,4717307.79576667
70908,2946688.92683333
70909,4114883.65583333
70910,4614695.2587
70911,4164727.05099524
70912,3373042.85421429
70913,4516392.54933333
70914,3978300.2398381
70915,5240202.87523334
70916,5077112.34983333
70917,4864088.04542381
70918,4766580.5273
70919,3963343.2794
70920,3241336.94063333
70921,3903932.84852857
70922,3694258.63573333
70923,3799823.94633333
70924,4739842.24836667
70925,3708892.80009524
70926,4725910.24833333
70927,4332505.42650952
70928,4226206.1412
70929,4254596.53661667
70930,4302959.7193
70931,4787441.1284
70932,4315659.37937143
70933,3928321.161
70934,4208477.56621587
70935,4049650.20527619
70936,4930850.25633333
70937,4241265.15806667
70938,4670490.3913
70939,4510928.00249524
70940,4086366.564
70941,4835112.48836667
70942,4666319.9006
70943,3738474.19812857
70944,4018450.0071
70945,3068630.99134286
70946,5202291.9895
70947,4803584.81033333
70948,4899182.36713333
70949,3585975.84802857
70950,3930127.28336667
70951,4122943.71942857
70952,3636830.22024286
70953,4475414.473
70954,4333362.13669524
70955,3900949.36683333
70956,4640865.66853333
70957,3530860.1296
70958,3791079.30226667
70959,4400860.62236191
70960,3996043.29362857
70961,4695753.29253333
70962,3683589.35276667
70963,3822772.63031111
70964,4589908.7658
70965,4292548.03113333
70966,4520662.85129524
70967,5701901.33476667
70968,4202737.20990635
70969,3678579.2608
70970,4476256.64032857
70971,4420240.15296667
70972,5066190.39686667
70973,4369397.3617
70974,4405145.87783333
70975,4783072.002
70976,4749390.02573333
70977,4088418.88557778
70978,3349783.0835381
70979,4768137.022
70980,4290807.00197778
70981,4470251.7303619
70982,4546392.73026667
70983,4238117.5023492
70984,4583319.35073333
70985,4363998.43024444
70986,4673681.95627778
70987,4259961.70642063
70988,4332720.28316667
70989,3314760.10332381
70990,2569295.81760952
70991,5380647.25523333
70992,4164106.14193334
70993,4590101.74346666
70994,4782885.47906191
70995,4512182.84814444
70996,4328174.9254
70997,3875759.93338095
70998,3593020.25141111
70999,3928799.5407
71000,4349905.79916667
71001,4047190.3858381
71002,5320239.67033334
71003,4070055.61353333
71004,3720921.63087778
71005,3277926.8071619
71006,4002517.4071
71007,4567463.19012857
71008,4346150.12683333
71009,4525911.03753333
71010,4838258.53454444
71011,3457451.72245397
71012,3214611.56357302
71013,5311647.68236667
71014,4892282.9487619
71015,5329769.49466667
71016,3363013.88303333
71017,4795783.93883333
71018,3177275.08466191
71019,4993825.53163333
71020,4855742.75253334
71021,4777151.24825714
71022,4038077.14034762
71023,4832978.56038571
71024,3951257.59723333
71025,5145654.45371904
71026,3592672.35820952
71027,4745675.21669524
71028,4498650.2406
71029,4269876.53294286
71030,4462279.9131
71031,3800815.00065238
71032,3200501.66782857
71033,4262785.7458
71034,4829918.72633333
71035,3881001.42564286
71036,5338448.9529
71037,3295149.46276667
71038,4614387.6014
71039,4253675.77292857
71040,4236721.48186667
71041,4696599.04924444
71042,4929887.73255238
71043,4348848.74592857
71044,4034494.9411
71045,5647598.32963333
71046,4031150.96301429
71047,4503426.7354
71048,4431583.09596667
71049,4123687.58752857
71050,4928158.58206667
71051,4025576.78667143
71052,3927051.766
71053,4317511.60526667
71054,4723061.66502857
71055,4027752.11933333
71056,4520033.41829047
71057,4633676.74086667
71058,4474146.13860476
71059,4746839.88963333
71060,4293932.36643809
71061,5009109.90743334
71062,4524302.21533333
71063,4739743.5233
71064,4728578.95867778
71065,4412765.7286
71066,4511481.62653333
71067,5841281.33736666
71068,3840806.3282
71069,4111280.98906191
71070,5248575.98853333
71071,4843099.96356666
71072,3912232.90383333
71073,5171374.5086
71074,5543829.0346
71075,4215156.8044
71076,5636029.6398
71077,4656876.936
71078,5441949.60116666
71079,4893958.83146667
71080,3917775.90526667
71081,3926433.71666667
71082,4382930.70039048
71083,3941686.18336191
71084,3351034.92144285
71085,4486994.80680952
71086,3630260.01151905
71087,2889225.09130476
71088,3986432.2821
71089,3889074.31454286
71090,4496982.27316666
71091,3694245.55923334
71092,4748642.1059
71093,4416389.99243334
71094,3303585.23644445
71095,4300810.09294445
71096,4885127.5482
71097,2469937.83163333
71098,4279601.04406667
71099,4701583.84013333
71100,4309528.67163333
71101,4577786.36376666
71102,4886416.92996667
71103,5078265.2463
71104,4699205.35263333
71105,5645358.0828
71106,4329079.80014286
71107,3790694.42623333
71108,4919454.8613
71109,4651880.7769
71110,4595600.46206191
71111,4323020.877
71112,4134897.1318
71113,4617500.80126667
71114,3143781.24616667
71115,4769458.35743333
71116,3485597.0970873
71117,4374171.77933333
71118,4695070.8721
71119,3814945.34757143
71120,4818553.36276667
71121,5237461.39966667
71122,3914140.70644286
71123,4561191.36966666
71124,4314155.3381
71125,3389988.88455397
71126,4908037.22526667
71127,3841599.6796
71128,3744377.94355873
71129,3871869.39553334
71130,3576461.27574286
71131,3598398.62095397
71132,3925755.55876825
71133,3482015.09468572
71134,3866082.7899
71135,4115930.68263333
71136,4802162.49763333
71137,4926751.89863333
71138,4137513.53771111
71139,3342832.04760953
71140,3987055.57216667
71141,3964285.99346667
71142,5084725.1677
71143,4961564.56132857
71144,3939525.93122857
71145,4680539.3177
71146,3045391.08668095
71147,5066188.56936666
71148,3759627.92270953
71149,4247352.2535
71150,4823491.95716667
71151,3644959.06632381
71152,4386267.66693334
71153,3971856.275
71154,5452341.3169
71155,4978870.1791
71156,3892644.01633334
71157,3749774.67793333
71158,4263799.756
71159,4242196.67093334
71160,4099308.3527
71161,4440791.93066667
71162,4517172.7664619
71163,5111094.6604
71164,4026860.15366667
71165,4054950.2035
71166,4715024.75169524
71167,4697887.26096667
71168,2501043.44324286
71169,4746839.88963333
71170,5245305.06983334
71171,3924022.15536667
71172,3404411.73334762
71173,4800953.79163333
71174,4835390.75143333
71175,3715343.88556667
71176,4826846.60703333
71177,4166456.8978
71178,3688350.72963333
71179,4750459.23264286
71180,4194361.37583333
71181,4861117.46018571
71182,3737768.75256667
71183,4418458.66706667
71184,3079535.55654286
71185,3848368.73866191
71186,3425427.85739524
71187,3502348.00819524
71188,4152838.4072
71189,4418054.507
71190,3949332.73809683
71191,4695373.62306667
71192,3017935.12472857
71193,5121381.53413333
71194,4478173.13336666
71195,4901727.08073333
71196,4099110.65792857
71197,4204849.27101429
71198,3348616.20307143
71199,2945752.45294286
71200,4678007.80563333
71201,4794392.69526667
71202,4877533.63746667
71203,4519998.8222
71204,4467413.69763333
71205,3936301.56183334
71206,4111969.71343333
71207,4137617.2729381
71208,3304756.18560476
71209,4598347.11833333
71210,4247243.9017
71211,4250929.04416667
71212,4743078.84674445
71213,4552391.8441
71214,4354546.44403333
71215,4315431.04966667
71216,4292458.6832
71217,4587061.78726667
71218,4602559.46842619
71219,2960962.2887
71220,5118944.82636666
71221,4769524.67031905
71222,3818214.10153333
71223,5059184.75193333
71224,3948516.74816667
71225,5500438.80983333
71226,3854668.84363333
71227,3983174.05277778
71228,4609674.0958
71229,4591372.05593333
71230,4920851.29293334
71231,4473092.02333333
71232,4685542.4229
71233,3483693.42296667
71234,5510994.2556
71235,3560387.86470952
71236,3726946.73113334
71237,4385848.659
71238,3618374.38357619
71239,4339201.2879
71240,4887099.09586667
71241,4136403.98086667
71242,4570468.12533333
71243,4287016.46392381
71244,3190945.18596191
71245,4429289.98856667
71246,5618456.8639
71247,4829730.11856667
71248,4473683.8217
71249,4433173.91255714
71250,4270916.29746826
71251,4281983.56283333
71252,3614156.20806667
71253,3848737.2035
71254,5055202.51406191
71255,4023726.3294
71256,3280127.57569048
71257,5534816.3916
71258,5166428.51806667
71259,4313309.88603333
71260,3685854.42533334
71261,3647628.16500953
71262,5610526.7225
71263,3964225.8652
71264,4450312.95226667
71265,3773702.87236667
71266,3482269.43853333
71267,5012897.61791904
71268,5035030.29403333
71269,5952985.7743
71270,4044589.40163333
71271,4240227.52166667
71272,4477378.04537143
71273,4480734.43546666
71274,3963072.4734
71275,4490350.9036
71276,4428739.12133333
71277,4579424.13434286
71278,3921095.91334286
71279,5447148.42743333
71280,3673185.04244286
71281,6291141.7166
71282,5501419.5791
71283,3844737.25959048
71284,3886062.16917778
71285,4720728.68813334
71286,4887322.01006667
71287,3937146.46384444
71288,4323712.90596667
71289,4027909.5042873
71290,3937790.39050952
71291,3574478.78517778
71292,4006942.86932063
71293,4395375.77520952
71294,4148248.0062
71295,3618907.31039524
71296,4351969.811
71297,5120258.6467
71298,4347198.61086666
71299,4208643.32624445
71300,4472221.1397
71301,5807630.36976667
71302,3873844.95302381
71303,4825802.1163
71304,4356497.9164
71305,4765209.52063333
71306,4867664.74193333
71307,3775697.4348
71308,3331905.99240159
71309,4869812.48637777
71310,4031403.93016667
71311,4093789.5601381
71312,4732214.33443334
71313,5391200.56913333
71314,4047887.32759524
71315,4820598.88166666
71316,4109572.99266667
71317,4275787.7005
71318,4373046.79329524
71319,2404193.29339048
71320,4317560.1442
71321,4348885.1907873
71322,4241325.94386667
71323,4105920.18617619
71324,4889318.27313333
71325,5063924.73713333
71326,4119208.06797778
71327,2640192.4661254
71328,4328130.97482857
71329,4684984.1161
71330,4744225.9517619
71331,4313167.06466191
71332,3869054.20256667
71333,4606553.5456
71334,3810503.68603334
71335,4743442.65386666
71336,5168769.22593333
71337,4216421.78519524
71338,3335107.92491111
71339,4147813.25336667
71340,3645542.6998
71341,3675244.45821111
71342,4532287.49688571
71343,3585919.02644444
71344,2871319.93839524
71345,3850549.95766667
71346,4393300.48494762
71347,4418401.02296667
71348,4512286.91103334
71349,4486332.6859
71350,4121120.37156667
71351,4402214.98306666
71352,4618155.80606667
71353,5266156.73136667
71354,4663452.62146667
71355,4329186.00636667
71356,4243671.78566667
71357,5215351.45533333
71358,4161915.56728572
71359,3882912.63106191
71360,4257940.93446667
71361,4187385.61143809
71362,3321219.21976667
71363,4443956.71563333
71364,4296682.87783333
71365,4831850.02383333
71366,5009604.21716666
71367,4639172.94746667
71368,4463027.32441428
71369,4328249.4998
71370,4000959.15596667
71371,5748062.61313333
71372,4551295.27183334
71373,4467461.132
71374,4483707.85597619
71375,4699383.75736667
71376,4496950.3441
71377,5391268.44366666
71378,4415863.69176667
71379,4168619.2599
71380,4757382.9222
71381,3442072.67566667
71382,4108802.15175397
71383,4184323.5493
71384,4827945.85336667
71385,4954188.96996667
71386,3575662.02
71387,5147378.48283333
71388,4458677.00933333
71389,3754797.86680953
71390,4602954.95582857
71391,3127492.09189207
71392,4153275.2392
71393,4793581.68373333
71394,4458371.08542857
71395,5113485.13774444
71396,4082851.96817619
71397,4705071.5712
71398,5380958.916
71399,4531695.22683333
71400,4456245.37383333
71401,3487459.70733333
71402,5070402.6444381
71403,3973922.14083333
71404,4500396.2304
71405,4656801.85553333
71406,4429994.25798571
71407,4465231.25796666
71408,5067336.8243
71409,3956130.44276667
71410,4581691.2773
71411,5559274.11015238
71412,3899038.035
71413,4014685.96866667
71414,4677912.43281905
71415,3570394.67962857
71416,4241444.94521667
71417,4150029.52106667
71418,5044223.74063333
71419,4627086.05539048
71420,4257057.42044762
71421,3767526.70756667
71422,4653744.86806667
71423,4370029.01012857
71424,4769354.19566667
71425,4819572.56676667
71426,4834531.3238
71427,4037311.8133
71428,4444125.3520381
71429,4403364.65126667
71430,3424054.01731905
71431,4636811.78556666
71432,2804332.46933333
71433,3919666.6157
71434,4628675.5004
71435,4251666.5593
71436,4367941.8313
71437,4442594.3156
71438,4710789.24363333
71439,3246104.75981428
71440,5295778.54751905
71441,5034726.75903333
71442,5096551.1629
71443,4751397.39523333
71444,3731757.2698
71445,4958819.32413334
71446,4224222.35273333
71447,4736146.31266667
71448,4360487.46613333
71449,4733527.12844286
71450,4525273.93417778
71451,3541308.4782381
71452,4546585.09916667
71453,5138889.002
71454,5000982.38583333
71455,4794674.92536667
71456,3602388.5318
71457,4934867.83985238
71458,4754536.7021
71459,3327324.81875397
71460,4023822.2296
71461,3617631.35344286
71462,4413346.7111
71463,3631689.01214762
71464,5053738.01956667
71465,3866248.29072857
71466,4761015.02626666
71467,5726964.68973333
71468,5169474.18943333
71469,4337129.64734286
71470,4204534.9474
71471,3694564.63976667
71472,3804515.71703334
71473,4171439.50513333
71474,3997629.85113333
71475,4811582.00233333
71476,4658494.4249
71477,4921986.89773333
71478,5535842.30356667
71479,4186374.32066667
71480,4136978.16286667
71481,4001671.83553333
71482,5809685.92473334
71483,4702595.21906667
71484,4158633.91324444
71485,4305909.4189
71486,4679973.3083
71487,4569193.57121905
71488,5401030.5802
71489,3799412.62935714
71490,3074642.73454286
71491,5062781.8403619
71492,4531450.7098
71493,4539891.5265
71494,4151759.52893333
71495,4803853.77999524
71496,3321530.51281587
71497,4820530.89950001
71498,3884092.02603333
71499,4769506.6143
71500,4845171.93549524
71501,5126417.47793333
71502,4885189.3481
71503,3683819.99313333
71504,3997415.71876191
71505,4992925.25643333
71506,4231306.57733333
71507,5052960.94133333
71508,4232237.65841905
71509,4268135.08293334
71510,3327710.93171429
71511,4339693.7283
71512,3925472.6527
71513,4291038.54003333
71514,4839167.60926191
71515,3471399.46531111
71516,3893513.63651111
71517,5407557.24686667
71518,5194392.17466666
71519,4555129.9667
71520,4616601.33914444
71521,3823270.29580953
71522,2740929.69014286
71523,3909274.55492381
71524,4765722.74666667
71525,4454380.7752
71526,4766881.4067
71527,4446234.90323333
71528,4316879.16766667
71529,4973613.09856666
71530,2897122.91430952
71531,4562802.53923333
71532,4858073.3136
71533,4660085.71391111
71534,4979356.3112
71535,4589874.00360953
71536,3637572.80367302
71537,5093592.11076666
71538,4779845.60137301
71539,4020552.63156667
71540,4304262.75622381
71541,4280950.35506667
71542,4418883.20683333
71543,3008119.76516667
71544,4367008.8039254
71545,4536042.02735238
71546,5084256.71063334
71547,3877232.5194
71548,3547414.59433333
71549,4316804.74336667
71550,4285485.77266667
71551,4720083.74843333
71552,4083543.27186667
71553,4212271.07083333
71554,4167922.82943333
71555,3754294.80944444
71556,4385905.5394
71557,4078743.62738571
71558,5131284.09036667
71559,3110549.24819206
71560,5027199.97873333
71561,4481905.30243333
71562,4177376.51478333
71563,4176064.74243334
71564,4149146.106
71565,4654782.65801111
71566,4536405.6564
71567,4158522.6009
71568,3511475.13846667
71569,4124288.14267778
71570,4255093.49191429
71571,3336858.52820476
71572,5627406.39963333
71573,3676218.8214
71574,4562405.12527143
71575,3927674.41005714
71576,2822875.47630476
71577,3553344.73668254
71578,5105327.34063333
71579,4938108.08023333
71580,4638842.79466667
71581,4649132.86156666
71582,4219466.30554444
71583,4844587.89856666
71584,4113295.34706825
71585,4161095.59535238
71586,4786351.75913333
71587,5385346.9074
71588,4598019.80996667
71589,4669147.27876667
71590,4517377.17533492
71591,4078452.27506667
71592,4125942.31386667
71593,4569571.09137778
71594,4643696.86427778
71595,4970972.64034444
71596,5376074.2737
71597,3798835.77291111
71598,4041277.4669
71599,3208968.63706191
71600,5265955.96996667
71601,4679193.48463333
71602,3693277.17401111
71603,4861278.6063
71604,3760959.85734921
71605,4647658.8176
71606,4768993.4512
71607,3552949.98791429
71608,5399316.52783333
71609,4939381.0996
71610,4096871.54560952
71611,3636703.05236191
71612,4337512.5262
71613,4000391.52448095
71614,4203583.6692
71615,4390079.22603333
71616,3611046.0219
71617,5228786.4059
71618,4025158.53325714
71619,4258329.69156667
71620,3570198.04169048
71621,3754291.71776667
71622,3504193.01793333
71623,4534025.79736667
71624,4398553.03893333
71625,3469819.42452381
71626,4750355.0804
71627,5008360.60036667
71628,5861331.5407
71629,4481321.3856
71630,4005022.66807143
71631,3655557.65526667
71632,3140039.17060952
71633,4338781.80954286
71634,4153690.2363
71635,4425747.23532857
71636,3922117.52811111
71637,4370555.70017143
71638,2830865.35393809
71639,4602231.98856667
71640,3569680.74603333
71641,4105197.2783
71642,3647596.56873333
71643,3451585.58396667
71644,4382444.9986619
71645,4423410.19712857
71646,4321292.17226667
71647,4818976.81466667
71648,3082281.54720476
71649,4386056.08396667
71650,4214804.05602857
71651,3359745.18266191
71652,5500324.9308
71653,4178707.06733333
71654,4511820.23546667
71655,3857902.98558572
71656,4648282.48926666
71657,6187642.7112
71658,3827705.24453334
71659,5482557.1936
71660,4137792.4693
71661,4224273.4162
71662,4452990.32982857
71663,4748768.23814762
71664,4967396.45966666
71665,5225677.64032857
71666,4242933.43643333
71667,3559461.09282857
71668,4409525.5496
71669,3877146.05991111
71670,4781838.28166667
71671,4228279.2943
71672,4332932.73256667
71673,4500150.14713333
71674,4204730.1924
71675,3707970.39171429
71676,5064521.52216666
71677,5015426.46623333
71678,4241521.54834286
71679,3225071.25424445
71680,4193640.024
71681,3651577.7711
71682,2742478.90028095
71683,4534416.08876666
71684,4685440.75693333
71685,3160532.49557778
71686,4500243.00634762
71687,4767538.0711
71688,4386396.26343333
71689,4554775.38190953
71690,4836702.9754
71691,4782741.771
71692,4585478.42006667
71693,4940974.9715619
71694,3418898.24263334
71695,4272636.84485714
71696,4061655.50176666
71697,4847215.20266667
71698,4534893.0884
71699,3604621.77383333
71700,4374127.76833333
71701,4168581.3101
71702,3881316.61760953
71703,4147276.62413333
71704,3652090.61533334
71705,4781694.42113333
71706,5301663.20003333
71707,4926614.80806667
71708,5095853.5886
71709,3466877.81737143
71710,3554046.77886667
71711,4795611.56472064
71712,3167229.32886667
71713,4140484.04923333
71714,4275972.99036667
71715,4738860.46433334
71716,2972770.28717143
71717,4979077.08376666
71718,4419683.254
71719,5017198.7195
71720,3681691.59753333
71721,4227452.24003334
71722,4074911.11563333
71723,4509272.9933
71724,3908078.37833492
71725,4235639.19957619
71726,4406973.28746666
71727,4058112.9406
71728,4602957.934
71729,4743143.45
71730,4186861.11423333
71731,3663951.41497619
71732,3930812.66033333
71733,4321292.17226667
71734,3811754.18066191
71735,3773339.29672063
71736,4490832.35416667
71737,4622413.73995714
71738,4487718.68043333
71739,4250123.34706667
71740,3985970.96830159
71741,4705743.99663333
71742,4973123.80363333
71743,4249505.24607302
71744,3281236.6174
71745,3778529.4509
71746,4357340.2034
71747,4173477.56595238
71748,4861554.40163333
71749,4967074.59729047
71750,4150854.3324
71751,4335197.72747619
71752,4140788.31636667
71753,4067572.06693333
71754,4669981.44191428
71755,5149865.57001904
71756,3710640.40720952
71757,4437103.25973334
71758,4599414.95853333
71759,4458977.83256667
71760,4266608.8666
71761,5353173.17405238
71762,3904294.0418
71763,3815535.88527619
71764,3937486.70863333
71765,4856420.2129
71766,3893608.12593333
71767,4857220.63139048
71768,4525153.27016667
71769,4206098.1614
71770,3538489.47753334
71771,4639806.8231
71772,4466994.77986666
71773,3585741.313
71774,3638234.12818254
71775,4787970.78612857
71776,4984467.09186666
71777,4288304.50089524
71778,3852158.93284286
71779,3646658.51130159
71780,4635625.09213333
71781,3976733.20593333
71782,4534821.8798
71783,4419161.73454286
71784,4141631.4521
71785,4458430.53436667
71786,4841925.68733333
71787,4402600.34792857
71788,4617545.75743333
71789,3042215.88037143
71790,4753310.42993334
71791,4278386.46813334
71792,4840156.25863333
71793,3600260.28406666
71794,5105793.0375
71795,4413465.7509
71796,3818741.9585
71797,4634451.0929
71798,4557409.4553
71799,4614514.47763333
71800,4793679.56863333
71801,3838018.94351111
71802,4434638.03704444
71803,4547238.87716667
71804,3706618.30376667
71805,5116785.385
71806,2974621.75930476
71807,3904233.43635714
71808,4080968.78893333
71809,3569256.6041381
71810,5481360.46766667
71811,4849556.34623333
71812,3809085.04261905
71813,3412252.32709524
71814,2594822.97134286
71815,4591983.73986666
71816,4758380.8434
71817,4193314.91884762
71818,4301729.0947
71819,4787486.13194444
71820,4569457.11973333
71821,4856576.64186667
71822,4486999.81008571
71823,4029357.26383333
71824,5698040.85893334
71825,5086452.61349047
71826,4088097.91126667
71827,4214612.09626667
71828,4513601.28529286
71829,3186920.60747778
71830,3506768.00813334
71831,4901619.71
71832,4282732.6138
71833,4180329.3022
71834,4534421.12653333
71835,4130206.90876191
71836,3840764.37058731
71837,3199487.40204286
71838,4820250.40643333
71839,3693260.00906667
71840,4830776.6311
71841,4762032.06026666
71842,4518907.8705
71843,4740530.94721111
71844,4641378.82536667
71845,4758830.64556667
71846,3020535.0909381
71847,3735094.02216667
71848,3992270.04397302
71849,4182054.71273333
71850,3069534.64598571
71851,3746312.03753333
71852,4823855.3582
71853,4238778.48013333
71854,3673578.60034921
71855,2805797.04540953
71856,4518933.9486
71857,3328366.67525397
71858,3414223.22786667
71859,4156644.55296667
71860,4336411.63367619
71861,5233628.61566667
71862,4242259.1281
71863,4509448.2229
71864,4721775.1617
71865,4358713.05086667
71866,5078158.8002
71867,4425661.1256
71868,5720472.6526
71869,5146336.41526666
71870,3658633.96823333
71871,4060403.86311905
71872,4170701.95144286
71873,5211917.69466667
71874,3988816.90007619
71875,4993942.24636667
71876,3912770.21356667
71877,3720043.95156667
71878,3357872.76451587
71879,4457855.33858571
71880,5567809.85786667
71881,4225518.17026667
71882,3766490.80995715
71883,4207701.31090953
71884,3076385.45501111
71885,4682684.9293
71886,3219439.16202857
71887,4156712.9176
71888,4350768.69816667
71889,4689667.86076666
71890,4475363.64943333
71891,5190061.8618
71892,5165751.83343334
71893,4039331.70857619
71894,4169679.11846667
71895,4124705.12035238
71896,4780389.0549
71897,4388952.24710635
71898,4358409.96733809
71899,4021782.93123333
71900,4624156.96846667
71901,3656563.04106667
71902,4105031.61381905
71903,4254309.99923333
71904,5011380.3909
71905,4894468.5989
71906,4285749.03616667
71907,4544259.93321111
71908,4609683.99554286
71909,4212454.92243333
71910,3607227.5414
71911,4894904.7706
71912,4569821.76341111
71913,4141770.40680953
71914,4447057.1409
71915,5517154.56503333
71916,4322532.46566666
71917,3284620.27215714
71918,5054885.65543334
71919,3768318.50924762
71920,3796448.17729524
71921,4343568.221
71922,4327147.41898333
71923,3377939.4577381
71924,4863969.81346667
71925,4892148.08416667
71926,4232628.21155238
71927,3828657.0816
71928,4645167.76526191
71929,4217047.07206667
71930,4355584.7855
71931,3962716.32563333
71932,3817025.65
71933,3264297.2256
71934,4297296.51066667
71935,4598981.14154286
71936,2933179.02257778
71937,3866637.64293333
71938,5150929.87033333
71939,5255512.4473
71940,3752870.31494445
71941,4175087.6669
71942,4486508.0816
71943,4040290.49383333
71944,3917829.59550953
71945,5188761.0925
71946,5271388.5306
71947,4393150.79403333
71948,5205549.00736667
71949,4401188.21663333
71950,3973825.3322
71951,3004188.36400476
71952,3893606.14816667
71953,4203675.33654286
71954,4081406.53101111
71955,4339717.93773333
71956,3917829.23216667
71957,4667157.0219
71958,4548876.48293333
71959,3885753.70128095
71960,4134128.90153333
71961,4075649.45286667
71962,4012880.94486667
71963,4038074.4116
71964,4111538.75137619
71965,2929298.89214286
71966,3947541.62762857
71967,5513485.88836666
71968,4294915.80296666
71969,3840327.1433
71970,4156193.04186667
71971,4532070.73793333
71972,4971013.48113333
71973,5161395.91043333
71974,4405356.40466667
71975,4336888.3399
71976,4573689.82346667
71977,3896046.12273334
71978,4150700.3245
71979,3967791.9526
71980,2685332.96109048
71981,4196008.9874
71982,4238616.45632381
71983,4145159.60244286
71984,3565838.7014
71985,3893587.49513333
71986,4525355.2203
71987,4464155.05403333
71988,3168193.17852857
71989,4948189.79
71990,4596154.01916667
71991,4124118.7363
71992,5301958.64471905
71993,5526710.6114619
71994,5560439.16555238
71995,4619222.89766666
71996,4215541.06313334
71997,3082867.8914873
71998,3960990.68431905
71999,4343874.01183333
72000,5421582.74373333
72001,4527714.94773333
72002,4106803.248
72003,2788934.33182064
72004,4685843.35193333
72005,3671467.82056667
72006,4106180.87711111
72007,4129715.27029524
72008,3748913.65814286
72009,4351225.14566667
72010,4182023.86216667
72011,4750084.31443333
72012,4308506.27683334
72013,3871037.1528
72014,4386952.31806667
72015,4420069.03083333
72016,5184269.94043333
72017,4518923.18083333
72018,4228350.39004445
72019,4024886.5995
72020,4507717.51319524
72021,4708439.24076667
72022,4105460.22643334
72023,4091348.5065
72024,4949126.35251904
72025,4172953.8038619
72026,4266111.65416667
72027,4601762.41402857
72028,4249593.25596667
72029,4503771.73615873
72030,4554115.85183333
72031,4746156.82413333
72032,5015603.02903333
72033,4481956.05015238
72034,3619976.21396191
72035,3999701.67672857
72036,4549915.8166
72037,4241784.09801905
72038,4256979.2887
72039,4758432.9382619
72040,3537944.836
72041,3692615.36368254
72042,3118422.23735397
72043,2772707.59620476
72044,4924628.98289524
72045,4821640.21543333
72046,3415845.21097619
72047,4277205.75143333
72048,4310785.46323333
72049,4882463.66601111
72050,4488989.4281
72051,4254032.25506667
72052,5318705.11063333
72053,3815008.9221
72054,4315531.00308095
72055,3681870.17267619
72056,3673777.23344444
72057,5223832.6552
72058,5102738.61986191
72059,4325830.54903333
72060,4359944.9241
72061,4342501.03146667
72062,3406887.85713333
72063,5571806.77406667
72064,4300890.02016667
72065,4001201.67328254
72066,4001906.9614
72067,5236287.2202
72068,4712708.77567619
72069,4506066.89633333
72070,4182107.77316667
72071,4809309.74523333
72072,4640128.36963333
72073,4363612.31513333
72074,4448745.92594444
72075,4379127.61366667
72076,4181916.45196667
72077,4221265.72694444
72078,4544171.0959
72079,4312801.2208
72080,4479053.86263333
72081,4989337.99846666
72082,3665836.64223333
72083,3505985.55691111
72084,4559554.68675
72085,3504754.49289524
72086,4852402.4559
72087,4916603.81275238
72088,4048612.72707619
72089,4344126.50349524
72090,3723473.1409381
72091,4715625.67256667
72092,4011169.02362381
72093,5413133.00416667
72094,4523441.9268
72095,3771552.14775714
72096,5079184.79213333
72097,4311168.27413333
72098,4133530.3181
72099,4123843.3478
72100,4885330.75748571
72101,4944483.8664619
72102,4470378.20527778
72103,4100272.7248
72104,4138356.43983333
72105,4558918.46556667
72106,3421916.3852
72107,4718210.2825
72108,4689717.96836666
72109,4298336.20003333
72110,4272215.8847
72111,4449961.46472381
72112,5763799.81546667
72113,5034991.6746
72114,4351890.0449
72115,4486389.9866
72116,3893107.7484
72117,3953495.92924286
72118,4896205.7471
72119,4658485.94213334
72120,4056137.6511
72121,3883779.9076
72122,5646699.46903333
72123,3718439.69463333
72124,3298824.92132381
72125,4871856.9173
72126,4696319.77606666
72127,3464465.30226667
72128,4369618.12666667
72129,3471076.58959524
72130,3743602.3586
72131,4539143.08551111
72132,5015136.57006667
72133,5274346.3823
72134,4166476.84718095
72135,4029096.03783333
72136,4302896.45903333
72137,3156876.2492254
72138,4691300.32426667
72139,5290936.96806667
72140,4102295.73280635
72141,4663447.82905
72142,5286865.33483333
72143,4663420.75973333
72144,4066627.55463333
72145,4264743.51782857
72146,5320534.65713334
72147,4277354.1506
72148,3279142.89091111
72149,4179093.67423333
72150,3928333.2185
72151,4681185.4348
72152,4566110.78913334
72153,3533050.0091
72154,4029105.96365238
72155,4245021.47827778
72156,4447792.37133333
72157,4263727.96223333
72158,4204465.5326
72159,4402272.3633
72160,3975084.58187619
72161,4298290.66685714
72162,4816512.5867
72163,4105432.67399524
72164,3674892.77496667
72165,4529950.06709999
72166,4128254.73563334
72167,4080969.3141
72168,3383013.21630952
72169,4528324.39973333
72170,3387303.98384921
72171,4546214.77996666
72172,4921528.33863333
72173,4256827.73537778
72174,4012118.34159048
72175,5004975.45356667
72176,4163930.0882
72177,4528381.0802
72178,3581876.22269524
72179,3223738.46634286
72180,3606224.35384762
72181,4862852.07964762
72182,4244458.18860952
72183,2551469.59110476
72184,3573614.93201111
72185,4139723.7135
72186,4596980.86855238
72187,4516467.52699524
72188,4496040.20463334
72189,4701019.00308333
72190,3789022.99796191
72191,3971399.1369
72192,5481013.83666667
72193,4485051.2735
72194,3800357.3361
72195,4689913.506
72196,4256983.86053333
72197,4646137.24172857
72198,4240232.6226
72199,2582520.0546
72200,3891454.79141111
72201,3848777.31067619
72202,4920135.50033333
72203,3963984.62196666
72204,3703597.84741111
72205,4603379.61926667
72206,3990853.67624286
72207,4924643.18863333
72208,4595780.83543333
72209,4385780.51817301
72210,3410051.60900476
72211,4881076.94433333
72212,4056906.6876
72213,4347245.52882857
72214,4447737.01013333
72215,4152201.01083333
72216,4500742.13243333
72217,4605980.65476666
72218,4370438.90322381
72219,3778366.91312857
72220,3940154.16593334
72221,3926182.79569048
72222,3722429.17842857
72223,4628364.64926666
72224,4057495.33773334
72225,4749674.7341
72226,3679989.00323016
72227,4924997.3534254
72228,5494384.75306667
72229,4551376.91126667
72230,4845511.8623
72231,4519392.43137143
72232,4620180.19771905
72233,4557894.5115
72234,4455657.59226667
72235,5047272.65896667
72236,3935069.90276667
72237,3476588.77966667
72238,4632100.96556191
72239,4639644.64143333
72240,5034310.62213333
72241,3177731.99530476
72242,4133717.70229524
72243,4905596.57086667
72244,4311841.55074286
72245,4569180.50263334
72246,4262113.32606667
72247,4639562.9128
72248,4775424.05956667
72249,3938640.3416
72250,5103474.9533
72251,3534953.97323334
72252,4067091.2121
72253,4485669.5709
72254,3213533.67060476
72255,3631009.83800952
72256,4573835.4756
72257,4218824.34245714
72258,4314850.02581111
72259,4926356.41603333
72260,4567849.0994619
72261,3937119.61087778
72262,4663014.33810952
72263,4235476.6787
72264,3655249.14673016
72265,3393990.45509683
72266,5194504.04516667
72267,4016467.98856667
72268,4421194.74957778
72269,2379688.43093333
72270,4655096.38043016
72271,3473909.2616381
72272,4634401.23896667
72273,4246092.95936667
72274,4807528.87935238
72275,5001268.12546667
72276,4215208.46592857
72277,4578396.8669
72278,4059428.0673873
72279,4850037.28033333
72280,4304738.66293334
72281,4235988.8264
72282,5632877.16263333
72283,6247671.8051
72284,4900387.1893
72285,4860227.23553333
72286,4385298.69956667
72287,4929032.8202
72288,4091655.9925
72289,4607515.82933333
72290,4850844.6025
72291,3937228.59754445
72292,5221751.46203333
72293,3469472.85039524
72294,4362853.2817
72295,4511601.8786873
72296,2654356.26056349
72297,5160429.87586667
72298,2870165.10440159
72299,4910781.38244445
72300,4274586.43976667
72301,4447409.8959
72302,3691718.3869
72303,4146279.91613333
72304,4752564.32716667
72305,3444047.36591429
72306,5051347.21713333
72307,5072292.41026667
72308,2950429.86360953
72309,4170736.3018381
72310,5127303.23996667
72311,4707350.5787
72312,3374398.54564762
72313,3863740.63686191
72314,4221586.49906667
72315,4058035.57913334
72316,4136364.10127302
72317,4500517.9228
72318,3951517.41893333
72319,5090143.3316
72320,4581299.78654444
72321,4591376.35987143
72322,3079054.65866667
72323,4375517.6501
72324,4199523.5211619
72325,4305769.80346666
72326,4528669.45542857
72327,2710616.0207
72328,3985464.05206667
72329,4190898.4774
72330,4354770.70803334
72331,4302980.50906667
72332,4242466.13257143
72333,4161036.11393333
72334,4221262.75950952
72335,4929050.09313333
72336,3465534.82268095
72337,4097962.25349048
72338,4510573.43206666
72339,4117847.59747778
72340,3974833.35019524
72341,4032176.24086667
72342,4313620.71256667
72343,4151471.156
72344,3570193.58103334
72345,4116268.12083333
72346,4614499.8652
72347,4159729.0414381
72348,4352574.1665
72349,4440635.17466667
72350,3202681.11203333
72351,3030369.9777619
72352,5307573.8781
72353,4502299.04880476
72354,3436624.06275714
72355,4560462.10216666
72356,4070874.16853333
72357,4572520.15736667
72358,4534108.59566667
72359,2948524.11170476
72360,4158807.28556667
72361,2986491.55796667
72362,4595531.25236667
72363,5184359.62593333
72364,4512794.76023333
72365,4080182.7299
72366,5043356.8105
72367,4513987.3737
72368,4791321.46283333
72369,3117679.63619683
72370,4741357.2426
72371,4680634.8697
72372,4092802.64316667
72373,3982517.88121905
72374,4506555.709
72375,4276588.79899524
72376,4628774.22696667
72377,4474619.75346666
72378,4090192.15656667
72379,4362851.5343
72380,4592375.00401905
72381,4413176.6357
72382,4443099.81756666
72383,5229901.17782857
72384,2851521.3391
72385,4539435.82241428
72386,4196575.69363333
72387,3875213.83626667
72388,4740461.06383333
72389,4856038.8732619
72390,4059110.72486667
72391,5121814.72793333
72392,3950947.40961428
72393,2789167.50298095
72394,3424609.97816667
72395,5557757.17913333
72396,4659792.50393334
72397,4253984.73673333
72398,4065499.49553333
72399,3818641.43443333
72400,3662159.93963333
72401,5030803.84397778
72402,3876564.92471429
72403,4824634.2336
72404,4714086.29333333
72405,4699577.192
72406,4359079.6814
72407,4486215.891
72408,5023290.48388095
72409,3947205.7002
72410,4241664.86741111
72411,4845379.97989047
72412,4887608.28703333
72413,4657329.79063333
72414,4107116.66403334
72415,5036770.63493334
72416,4196711.4444
72417,3231524.72384286
72418,3974566.0279
72419,4250951.39096666
72420,4286696.42343333
72421,4419430.01886667
72422,3170357.02526667
72423,4731280.75893333
72424,4154479.90766191
72425,4677730.71956667
72426,4688416.07767778
72427,5243857.67816667
72428,4575474.8401
72429,4515113.31606667
72430,4660193.46541905
72431,4382108.68854444
72432,4852113.91163333
72433,5275414.78638095
72434,4778012.86496667
72435,4787958.26726667
72436,4121412.24462381
72437,5099915.36263333
72438,4285944.72173334
72439,3857511.5066
72440,4674948.24833333
72441,4205342.3862
72442,4066918.16249524
72443,4455801.13536666
72444,4616782.6824
72445,4388751.28893333
72446,4596857.391
72447,4756336.84776667
72448,4823678.91546667
72449,3536730.21527778
72450,4529678.92709048
72451,4297249.94156667
72452,4585526.44103333
72453,4691242.36796666
72454,4416547.9172
72455,3930636.71826349
72456,4786991.35686667
72457,4385084.4866
72458,4721797.79707143
72459,3052060.17856667
72460,5071546.68394444
72461,3532044.08866667
72462,4203668.99596667
72463,5010941.39711667
72464,4651786.96482857
72465,4102587.93353333
72466,4033500.76179048
72467,4300294.17193333
72468,4110180.6647
72469,4295775.37321111
72470,4524132.5175
72471,4630170.89603334
72472,3989014.60031111
72473,3936932.99669524
72474,5611191.20113333
72475,4471019.61613333
72476,3807938.48567619
72477,5080221.74433333
72478,4892773.25113333
72479,4901727.08073333
72480,3754397.16295397
72481,3974413.00746667
72482,5381577.58186667
72483,3885616.52533334
72484,5031591.24796666
72485,2457894.97868095
72486,4937639.13913333
72487,4628045.58316191
72488,5653049.60776666
72489,5054956.85227619
72490,4791505.92916667
72491,2724485.03553333
72492,4107653.10383333
72493,4782372.25917778
72494,3963144.4238
72495,5230798.4636
72496,4178848.81282857
72497,4738348.37183333
72498,4495380.69553333
72499,4504533.3983
72500,2917280.1482
72501,4637553.81129682
72502,3985074.98146667
72503,4270571.28129524
72504,3804713.95012381
72505,4315523.6455
72506,5078656.41023334
72507,4126412.01006667
72508,4640904.65383333
72509,4288765.43440476
72510,4049964.11684444
72511,3640326.46198095
72512,4923108.22426666
72513,5156975.40316667
72514,4660361.62243333
72515,4426332.30196666
72516,4525416.90906667
72517,3822603.37513333
72518,4598702.99753333
72519,3595872.66809524
72520,2868641.41106825
72521,4420475.19244286
72522,5010853.84578095
72523,3601776.41060159
72524,4124211.62506667
72525,4258527.1624
72526,4249746.9664
72527,5083531.28506667
72528,3604192.97845714
72529,2956387.77517619
72530,3080031.48676667
72531,4575834.83036667
72532,4283505.05113333
72533,3886691.66428095
72534,4834520.27446666
72535,4952424.29083333
72536,4712723.69303334
72537,5279322.7498
72538,4050164.81786667
72539,4227925.6841
72540,4211215.1673
72541,4183274.31746666
72542,4677892.24323333
72543,4889347.21166667
72544,4712225.5848
72545,4103988.61392857
72546,4331643.13016667
72547,4762007.5318
72548,4414267.12166666
72549,4254547.46236667
72550,4239942.14658095
72551,3966903.06346667
72552,3983529.38283333
72553,4634025.47006667
72554,3506384.7211
72555,4600240.94536666
72556,4233377.56793333
72557,4463500.92633334
72558,4949090.1463
72559,3712253.46554286
72560,4590643.8362
72561,3944804.47733334
72562,4896204.11693333
72563,4626384.83016666
72564,3827585.83187778
72565,4193305.11946667
72566,5475269.27436667
72567,4376262.61856667
72568,5005256.5062
72569,4868431.41446666
72570,5163570.9191
72571,5037379.67723333
72572,4183272.8942
72573,4727985.2806
72574,4757516.84322857
72575,2918189.73263333
72576,4210891.30356667
72577,4079680.40686667
72578,4554151.25228571
72579,4489875.91673333
72580,3797816.73234286
72581,5357346.6935
72582,4240120.48933334
72583,3815501.86391429
72584,4511384.90023809
72585,4952360.62806666
72586,4832925.73727778
72587,3362070.67947143
72588,3344887.99696667
72589,4956412.76453333
72590,4749973.2777
72591,4537847.94966667
72592,5544762.30406667
72593,3918721.91381111
72594,2960840.79205238
72595,4841491.5572
72596,5103188.12466666
72597,4088807.14839047
72598,4971074.4974
72599,4333193.657
72600,4523462.68403333
72601,4036923.12113334
72602,3941973.10472381
72603,4123256.81803333
72604,3933356.42517778
72605,4594003.14316667
72606,3152523.89923333
72607,5121597.6323
72608,4711947.91353334
72609,4075264.27646667
72610,4901611.29319524
72611,4499904.94087143
72612,2874128.27980953
72613,4548804.25973333
72614,4176902.24461111
72615,3428249.12551429
72616,4403629.03033333
72617,4134781.65643333
72618,4734286.72750952
72619,4521526.9211
72620,4563228.74012381
72621,5013603.31226666
72622,4926679.86336667
72623,4717130.2013
72624,3342102.96233333
72625,4169504.12963809
72626,4020399.71341111
72627,4533097.4421
72628,4805315.4431
72629,4606409.74306666
72630,4113231.54156667
72631,3916301.5024
72632,4536897.1508
72633,4235265.7473
72634,3639505.44757619
72635,5350197.06793333
72636,4328485.47246191
72637,2848395.67320952
72638,4054577.50933333
72639,3782674.83086667
72640,4582241.00663333
72641,3613234.96128095
72642,4466132.37986667
72643,3706914.6808
72644,4711833.98733333
72645,4395789.54943333
72646,3231420.25541111
72647,4123080.89306667
72648,4232449.527
72649,4755573.98983333
72650,4266500.47039524
72651,4765863.71233333
72652,3162882.5016
72653,4800385.92113333
72654,4326747.6906
72655,4544966.16573333
72656,4924771.61543333
72657,4453812.7798
72658,4764091.02707778
72659,4614168.4978
72660,2559550.28424286
72661,4749958.94466667
72662,3402744.91509524
72663,3747501.37471429
72664,3824343.85380476
72665,4053427.4203
72666,4317593.79557301
72667,4290129.7534
72668,4320027.09416667
72669,4438942.61822857
72670,4718858.91156666
72671,5102001.2034619
72672,2747705.37050476
72673,4469619.54455238
72674,4427555.07191111
72675,4776344.08243334
72676,5136222.74496666
72677,5019129.58673333
72678,3913494.18893809
72679,3480500.52001111
72680,4090432.33723333
72681,5636542.63246667
72682,4572980.91823333
72683,3793536.1662
72684,4289207.03306667
72685,4029521.2334
72686,5021341.1622
72687,4224186.8411
72688,4693689.28236667
72689,3944927.96693334
72690,4829636.38091587
72691,4585928.2698
72692,4719006.98269524
72693,3924979.04372857
72694,3618200.375
72695,3958579.30196667
72696,4360834.1611
72697,4573278.58324762
72698,3618729.47402064
72699,4106512.10456667
72700,4465199.55283333
72701,4480960.10773334
72702,4427473.43596667
72703,4449669.59576667
72704,4612701.4443
72705,4773060.64398095
72706,4604102.74833333
72707,4093952.29323334
72708,4453109.85376666
72709,4204873.57581429
72710,3850977.7391
72711,4276090.12982857
72712,4533089.5037
72713,2479013.61766825
72714,3920937.03343333
72715,4940704.89782857
72716,4191693.272
72717,4127636.36083333
72718,5244279.38833333
72719,3845734.1991
72720,3357173.93447143
72721,5095710.27983333
72722,4390816.89360476
72723,4371551.1865
72724,3600342.57996667
72725,2990668.47817619
72726,4543941.29026666
72727,4672058.94793333
72728,4012339.52103333
72729,3393990.45509683
72730,5082434.4357
72731,3699359.4475
72732,4542330.0652
72733,3986705.6881
72734,3778945.36384286
72735,5209602.47146667
72736,4439117.80896667
72737,4487278.4947
72738,3538348.55756667
72739,3988569.32850476
72740,4683224.03773333
72741,5158366.21654921
72742,3576821.31536667
72743,4541085.79958571
72744,4432462.9781
72745,4452576.5294
72746,3575491.00926667
72747,3026325.59691111
72748,4143493.90680952
72749,2611475.9478
72750,4770549.3441
72751,3997193.11099048
72752,4354744.80096667
72753,4248694.03782857
72754,4263643.70046667
72755,4991225.31881111
72756,4289738.23779524
72757,4599746.77143333
72758,4625586.58841905
72759,5108455.2626
72760,4414932.61583333
72761,4528264.62306666
72762,3781517.43586667
72763,4358957.49666667
72764,4579294.72341429
72765,3873770.33003333
72766,4819672.37996191
72767,5163246.69886667
72768,4412815.7301
72769,4789789.5125
72770,4228411.54066667
72771,4296284.9863
72772,4381109.73276666
72773,4227860.589
72774,4108385.76816667
72775,4605543.098
72776,3877542.05537778
72777,4504070.59746667
72778,4231696.766
72779,4172250.57373333
72780,5012111.34883333
72781,4213310.8372
72782,3133858.23730952
72783,4095275.7373
72784,4256161.92016666
72785,4413213.7861
72786,3152931.11335397
72787,4202967.12553334
72788,4283474.13516667
72789,4240132.40786111
72790,3848242.73347301
72791,4286974.96876667
72792,3912409.56066667
72793,4078021.45906667
72794,4046690.125
72795,3660702.77046667
72796,4779042.49373333
72797,3882951.5181
72798,3153852.75787619
72799,3852253.08923334
72800,4167008.61746666
72801,3935954.10695397
72802,4068505.00747857
72803,3503470.09843334
72804,3212423.3248619
72805,3198427.0206492
72806,4929765.45716667
72807,4118104.19291429
72808,4876633.75916667
72809,4458174.84266666
72810,4691158.1711619
72811,3625784.5215
72812,3391184.19299524
72813,4367241.41588095
72814,4955491.81976666
72815,3877854.97439048
72816,5037753.66043334
72817,5219324.56503333
72818,4026910.35036667
72819,4342765.58427778
72820,3943639.9614
72821,3710546.54061111
72822,4768630.5514
72823,3070158.54262381
72824,3773967.93626666
72825,4720864.69316666
72826,4281376.49206667
72827,4739896.2809
72828,3524560.87664286
72829,4623191.58002381
72830,4592119.95024445
72831,5394527.76201429
72832,4912822.8808
72833,5100284.1886
72834,4167125.3605
72835,4469094.8609
72836,5368723.78813334
72837,4523130.34953333
72838,4745572.16533333
72839,4770373.36741666
72840,4580052.29663333
72841,4972080.02766667
72842,3866642.99216667
72843,4062428.11342857
72844,3410044.2188
72845,4680808.26442857
72846,3794113.20414286
72847,3904382.8200873
72848,4261491.73606667
72849,5244944.01126667
72850,4523692.06327619
72851,4793735.83126667
72852,4415507.3964
72853,3145410.50557778
72854,3908104.18584444
72855,4379530.1816
72856,3670139.03674445
72857,4993594.08932857
72858,4417901.8434
72859,5531743.6631
72860,2924580.20309524
72861,4827394.66316667
72862,4225070.76596667
72863,4334310.8657
72864,5108145.36333333
72865,5224908.84433333
72866,4418839.73086667
72867,3727800.27427619
72868,4171678.3002
72869,4233277.80204285
72870,5195979.25806666
72871,4595715.68673334
72872,4416800.40593333
72873,4045852.3259
72874,5037344.28816667
72875,4787942.82864444
72876,4494549.83681429
72877,4701909.6243
72878,4021783.90217619
72879,3865951.36516191
72880,2795185.67070953
72881,3154520.75175397
72882,4493998.13706667
72883,5325467.77966667
72884,4447229.84373334
72885,4776364.1735
72886,4472267.27952063
72887,4504820.78891111
72888,4851750.0706
72889,4894218.68913333
72890,4742689.98008572
72891,3792747.26946667
72892,4951254.32073333
72893,3076651.40476667
72894,4914519.5125
72895,4862790.4473619
72896,5094325.39936667
72897,5126371.91258095
72898,3745415.23049524
72899,4014544.1912
72900,3467573.00922064
72901,3648104.4454
72902,4144140.46601111
72903,3611559.32943016
72904,4531443.30815238
72905,4048089.08306667
72906,4357882.70273333
72907,4290717.81476667
72908,4443468.25156666
72909,3643530.36106667
72910,4195319.30393333
72911,5073185.75826666
72912,3606069.64304286
72913,4423616.53266667
72914,4995568.0365
72915,4010091.60863333
72916,4577587.62086666
72917,4837917.1583
72918,3792866.78598254
72919,3070600.6892873
72920,3945579.99756667
72921,4164107.4073
72922,4368412.2283
72923,4358462.67045952
72924,4361158.4729
72925,3930485.0072
72926,4775474.1477
72927,4347366.5254
72928,2970964.16650476
72929,4637953.9525
72930,2827706.06710953
72931,4109386.62633334
72932,4743888.31673333
72933,4823487.2437
72934,4797995.20016667
72935,4725484.0183
72936,3718847.5204
72937,4377681.85093333
72938,5480733.18123333
72939,4145060.81185714
72940,3240151.23659524
72941,5008199.6811619
72942,4633648.04696667
72943,3588091.45254286
72944,4665744.84663333
72945,4050450.27353333
72946,3224624.70168572
72947,3133419.22000476
72948,4565610.89817619
72949,4780048.9921
72950,4797618.64993333
72951,3578023.2173381
72952,3870336.1157
72953,5015122.59473333
72954,4917048.39226667
72955,4477888.129
72956,4889685.7835
72957,4767145.382
72958,4221931.52833333
72959,4002842.74455397
72960,4640794.61193333
72961,4422625.8527
72962,4357843.0758
72963,4352914.2489
72964,4102144.06893333
72965,4504289.3953
72966,4672172.0763
72967,4122515.49773333
72968,5149930.4663
72969,3262550.20195715
72970,4190580.98872857
72971,2971833.29022857
72972,4483533.95923333
72973,4854439.21473333
72974,3644326.02556667
72975,4396366.835
72976,3560848.52313333
72977,3718970.7481
72978,4274676.84922857
72979,4417834.98526667
72980,3912115.10124444
72981,3125817.85932064
72982,4351128.03663333
72983,5118886.4338
72984,4537788.4335
72985,3618845.40683334
72986,4174796.18516667
72987,4206608.6036
72988,5913417.3579
72989,4466314.91744286
72990,4193960.28986666
72991,4747531.0801
72992,4320004.17913333
72993,4498842.93943333
72994,4578955.45033333
72995,3977909.99153334
72996,4595716.48786667
72997,4489030.30146666
72998,4387499.5222
72999,4002932.43106667
73000,4608731.52755238
73001,4012337.68056191
73002,4758334.99806667
73003,4547561.23429524
73004,4521969.5871
73005,3099731.54749524
73006,4517975.40861905
73007,4877025.37043333
73008,4113253.00427778
73009,3367562.2199
73010,3467381.21644921
73011,4233386.4364
73012,4549125.03146667
73013,4302146.64307778
73014,4638954.95261111
73015,4484064.75616667
73016,4536613.34361905
73017,4832290.7946
73018,4618680.35671111
73019,4601510.77507778
73020,3606593.51113333
73021,4526412.7048
73022,4257113.54536826
73023,4381012.57906667
73024,4608796.6937
73025,4786451.12583333
73026,4463522.35236667
73027,4197048.5032
73028,4786851.0464
73029,4420771.9504
73030,4784958.58883333
73031,4443251.1228
73032,3293635.20831429
73033,4659012.98973333
73034,3692384.92793333
73035,3310876.80935873
73036,4615169.64959524
73037,3509869.71233334
73038,4106030.46496667
73039,3927270.6973
73040,4811827.8975
73041,4389855.06276667
73042,4764726.34456667
73043,3941819.7284
73044,4480373.44760952
73045,4690231.32966667
73046,4237154.2255
73047,4677021.65547778
73048,5059973.63926667
73049,3796635.17546191
73050,4159315.20362857
73051,4876255.88556667
73052,4557039.10433333
73053,4749099.5419
73054,3991146.63332381
73055,4304815.04397778
73056,3840356.94756667
73057,4456150.2359
73058,4564653.4724
73059,4416061.73181905
73060,4106471.16023333
73061,5441858.1227
73062,4249054.98737619
73063,4591218.12859524
73064,3531488.19526667
73065,4824354.54743333
73066,4692799.17646667
73067,4829895.74296666
73068,4834478.1868
73069,4078377.53916667
73070,3850416.27936667
73071,3735361.52996667
73072,2557377.7859
73073,4381275.43531111
73074,3919468.0582
73075,4494399.7005619
73076,4273159.49167143
73077,4028370.26702857
73078,3836191.32819524
73079,4962218.36920952
73080,4309108.1034
73081,4926908.22308571
73082,4821108.46486667
73083,4064991.10103333
73084,4309536.98661111
73085,3842159.04516667
73086,4260028.6747
73087,3143442.06703333
73088,4499583.9794619
73089,4032903.65223333
73090,3709723.38516667
73091,4837401.55243333
73092,4131841.24223333
73093,4647808.67329683
73094,4046375.83623333
73095,4693831.73406666
73096,4604447.70421111
73097,4551351.34126666
73098,4328550.70073333
73099,4338965.66736667
73100,5091043.33206667
73101,4777489.22733333
73102,3821645.22966667
73103,4264672.95813333
73104,4847116.19466667
73105,4365717.21907778
73106,4826280.19993333
73107,5224888.37716667
73108,4948554.5692
73109,4313602.11170952
73110,4788443.15443333
73111,3956111.6221
73112,3952580.32629524
73113,4289983.23766667
73114,3750186.26970635
73115,4135983.98483333
73116,3933963.867
73117,4183232.5022
73118,4920595.12403333
73119,4147989.00616667
73120,3101870.08610952
73121,4769769.61988572
73122,4573941.41981111
73123,3976150.5243
73124,4819142.8842619
73125,3703252.25616667
73126,4420875.19439524
73127,4358397.9914
73128,4736566.17923334
73129,5076403.41283333
73130,4825504.34721667
73131,4060643.25183333
73132,4368659.65433333
73133,4148557.65647778
73134,4670130.28107778
73135,3955625.27206667
73136,2840043.54439524
73137,3733739.23747778
73138,3683059.534
73139,3520059.93096667
73140,4348908.77404445
73141,2457483.07665873
73142,4601407.3865
73143,4687729.5071
73144,3986176.55102857
73145,4172266.26315714
73146,4654570.30186667
73147,4853252.04453333
73148,4582204.30136667
73149,4850244.41486667
73150,3678496.12832381
73151,4136219.91536667
73152,3879325.44727619
73153,5124116.51086667
73154,4528081.84814444
73155,3228448.61857778
73156,3459101.49965397
73157,4750162.8246
73158,3036466.83335397
73159,5094689.76973333
73160,3947718.78603334
73161,5508391.98343334
73162,4013200.0396
73163,4198313.46896667
73164,4278941.2568
73165,4306919.61436667
73166,4050994.79545238
73167,4339341.90463333
73168,4492530.77353333
73169,4829527.46253333
73170,4553782.83932857
73171,4315765.9218
73172,4011771.62583334
73173,4505412.85340476
73174,4758334.99806667
73175,4155897.20656667
73176,4954220.155
73177,4628521.6224
73178,5096855.78856667
73179,4121092.74803333
73180,4633017.22393333
73181,4850016.56173333
73182,4648670.41573333
73183,4538194.7936
73184,4087866.19556667
73185,5038330.99013333
73186,4380508.42996667
73187,3517149.50825714
73188,5129043.7011
73189,3845189.54296667
73190,4097306.9029
73191,4072542.40019048
73192,3166973.31793334
73193,4311841.55074286
73194,4852581.07786667
73195,4162994.82011905
73196,3769399.33046667
73197,4415014.9941
73198,4408923.0726
73199,4294849.00783333
73200,4525355.2203
73201,4261564.57481111
73202,4008075.60513333
73203,4926886.36656905
73204,3858899.86102381
73205,4735464.8463
73206,4431779.0125
73207,3152434.87691429
73208,4067521.3692381
73209,4218233.7536
73210,4061966.66614445
73211,4925495.7377
73212,4193935.15639524
73213,3215039.49402381
73214,3826446.7345
73215,4892173.78726667
73216,4226689.7664
73217,3941588.26480952
73218,3421642.19837619
73219,4403105.82286667
73220,5290942.57942857
73221,4962262.1189
73222,4258701.61227619
73223,5392949.91056666
73224,3893790.1859
73225,3884231.46886667
73226,3726024.01486667
73227,4032649.9907
73228,3565963.33106667
73229,3858683.95763334
73230,3831324.53733334
73231,4312825.95243333
73232,4666910.29224444
73233,4015564.97856667
73234,4264360.4165
73235,4366833.6256
73236,3363644.90619048
73237,4039547.59153333
73238,3835569.11626667
73239,3213779.6747
73240,5007286.04583333
73241,3370486.8996619
73242,4872345.308
73243,3275397.73617301
73244,3453528.07233334
73245,4548785.68569524
73246,4349327.30292857
73247,3574330.48195397
73248,3881950.57823333
73249,5011983.4998
73250,3994993.16289524
73251,5149769.26643333
73252,5076306.5463
73253,5051225.23473333
73254,4314702.3329
73255,4058791.68819524
73256,4257746.72896667
73257,4229589.3859
73258,4714428.84966667
73259,4531565.9542
73260,4342654.50032857
73261,3676163.57196667
73262,3719482.57506191
73263,4216540.24081905
73264,3884640.16660476
73265,3334389.66280476
73266,4678269.69593334
73267,5136345.80803333
73268,4235154.66456667
73269,4031447.10393333
73270,5277983.52323333
73271,3235674.80968095
73272,4430414.68171111
73273,4676962.77266191
73274,4722265.13092857
73275,4481111.74096667
73276,3349038.41383333
73277,2646063.1679
73278,4184548.18873333
73279,4047874.14473333
73280,4514692.59265714
73281,4921724.7129
73282,4718210.2825
73283,3955094.13389524
73284,3802981.4594
73285,4580741.9484
73286,4384415.2612
73287,3192018.5743
73288,3965258.05516667
73289,4607840.21433333
73290,4953986.09993333
73291,4641429.72253333
73292,4314690.19153809
73293,3040322.5978381
73294,4841231.26066667
73295,4798161.20233333
73296,5356321.4185
73297,2588690.97560952
73298,3880830.13613334
73299,3752939.48473333
73300,4481472.35676667
73301,4266082.49533333
73302,3108167.21070952
73303,3978712.44039524
73304,4534869.8463
73305,4170157.3599
73306,3701800.4947
73307,4462098.17503333
73308,3697352.38463334
73309,3623345.81233333
73310,4874857.46283333
73311,4285750.50703333
73312,4006732.2174
73313,3351618.63215397
73314,4180903.59753333
73315,4540775.44783333
73316,4947419.82953333
73317,4113934.4619873
73318,4437386.3663
73319,4119710.39856191
73320,4293713.51711905
73321,4101668.1255
73322,3700636.0991
73323,3213203.08335397
73324,4594399.92166191
73325,2316238.63931111
73326,3795331.2043619
73327,4615755.99873333
73328,4591803.81586667
73329,5002556.6902
73330,4400531.72579682
73331,4077207.68393333
73332,4634249.31276667
73333,3975647.1282
73334,4685837.36993333
73335,4404452.12483333
73336,2785275.47290953
73337,4563148.08673333
73338,4146569.1125
73339,4221469.00076667
73340,4610775.45393333
73341,3350936.13940476
73342,3602942.78926667
73343,3559435.79074762
73344,4364331.4981
73345,3390500.8734
73346,3430251.7224
73347,4070191.43652381
73348,5312872.15763333
73349,4646425.23143333
73350,4465471.50653333
73351,4424370.53110952
73352,5297535.87043333
73353,4724034.68043333
73354,4316266.341
73355,3330390.4664
73356,4302072.88223333
73357,4603260.29126666
73358,4037960.9446
73359,3712165.16110953
73360,4756457.44296667
73361,3990385.01513333
73362,4167527.92223333
73363,3287029.44968095
73364,4240443.1293
73365,3746488.02382857
73366,4168868.19858571
73367,4399379.4163
73368,3763405.60470952
73369,5548501.14186666
73370,4616885.31488333
73371,3963343.2794
73372,4814926.7375
73373,5070230.27886667
73374,5286590.37425238
73375,4582070.71406667
73376,4295612.94743333
73377,3933876.32866667
73378,5057130.8104
73379,4348065.01619524
73380,2985315.17747778
73381,4432219.10876666
73382,4457882.19981666
73383,4921373.7916
73384,4858190.4575
73385,4537753.75786667
73386,4962898.8539
73387,4292308.74006667
73388,3719029.37193334
73389,4573178.51326667
73390,4399395.79164445
73391,5133705.28723333
73392,4457532.96809048
73393,4162743.48776667
73394,4622785.66849048
73395,5136919.80243334
73396,3781588.6529
73397,3997414.2675
73398,4094537.2819
73399,4483134.0704
73400,3964812.32393333
73401,4986530.47203333
73402,4850758.78827777
73403,4018597.29186667
73404,4302946.82576667
73405,4008129.63423334
73406,4936419.8185
73407,3299129.43382381
73408,4166152.97723333
73409,4824216.9716
73410,4912848.62136667
73411,5164358.60033333
73412,4370128.14326666
73413,3640872.71334286
73414,5485809.57892857
73415,3744224.80994286
73416,5369510.28076666
73417,4580321.16410952
73418,5660700.1131
73419,3543828.34800953
73420,4710014.3964
73421,4914337.96146666
73422,5025885.7294
73423,4130215.86806191
73424,4528529.3743619
73425,3671365.2364
73426,4701019.00308333
73427,3870721.62874286
73428,3928681.36676667
73429,4486429.25896667
73430,4100868.929
73431,3703390.9339
73432,4992706.43811904
73433,4059953.59179048
73434,5513895.7641
73435,4462261.98827778
73436,4878399.6921
73437,4947556.48003333
73438,5369510.28076666
73439,3288560.98749524
73440,4330603.10849047
73441,4985950.63446667
73442,4587690.70686667
73443,4856267.01427143
73444,4494843.38813333
73445,3407223.57617619
73446,3714594.73790953
73447,5284437.97433334
73448,2764901.36763333
73449,4538605.02456667
73450,3771469.65898572
73451,4271301.3415
73452,4615089.5788
73453,3506561.98377143
73454,4370170.3691
73455,4334707.13483334
73456,4220478.66593333
73457,5305213.2388
73458,4458313.80170952
73459,3719424.08206667
73460,4522976.15847778
73461,4858860.12406667
73462,3999772.21391111
73463,4714169.38977777
73464,4301307.056
73465,4173077.82842857
73466,4379412.29916667
73467,3530910.95323334
73468,4904170.1009
73469,4290041.17763333
73470,4083311.26811111
73471,3576925.40273333
73472,5218920.77346667
73473,4647925.66503333
73474,3703252.25616667
73475,3737370.18293333
73476,4261851.55916191
73477,4526052.65628571
73478,3200110.17461429
73479,4476167.7249
73480,4440641.9474
73481,4736624.18141111
73482,3007693.13097143
73483,4358648.18626667
73484,3744315.41707778
73485,4375409.94683334
73486,3753415.66827778
73487,4467120.65703334
73488,4879788.23493333
73489,5194885.09626666
73490,4194740.81584444
73491,4100945.21641111
73492,5002522.82176667
73493,3980275.04203333
73494,4580694.29503333
73495,4643860.8584
73496,5262529.73626666
73497,4746576.48696666
73498,5259390.60633809
73499,3932093.01883333
73500,4743094.62633333
73501,3309536.88424762
73502,4217886.31623334
73503,4233164.61758095
73504,4959016.227
73505,3803493.35056667
73506,5296478.66376667
73507,4843620.07963333
73508,4422649.80453333
73509,3735783.35503334
73510,2951173.61517143
73511,4547436.33123333
73512,4309497.39537778
73513,4418309.7530619
73514,3948713.38090952
73515,4433642.44316666
73516,4121772.31713333
73517,4393465.6827
73518,4424664.65546667
73519,4736456.7807
73520,4233399.26546667
73521,3395232.10026667
73522,4624270.74746191
73523,4533632.44636667
73524,4295951.77696667
73525,5188273.7067
73526,4590085.81493333
73527,4829113.5
73528,4193897.20601111
73529,3695673.35713333
73530,4203525.23041111
73531,5316653.49536667
73532,4453333.51154762
73533,4630266.2913
73534,4142483.10763333
73535,5179603.37604444
73536,4650216.41554762
73537,4516688.6888
73538,4973105.93356667
73539,4816771.09893333
73540,5021458.09284445
73541,4511522.2657
73542,3879651.91546667
73543,3916190.50616667
73544,5252050.27568571
73545,4750783.2459
73546,4060052.98
73547,4402672.42
73548,4728897.01476667
73549,3629666.91844444
73550,4133034.4759
73551,4664888.00356667
73552,4120026.80618572
73553,4787678.36187778
73554,4436126.97536667
73555,4170322.88997619
73556,4404215.8491
73557,3748363.02514762
73558,4107927.41877143
73559,4037034.31213334
73560,4873669.86283333
73561,4374755.03107778
73562,3697140.95893333
73563,4175958.78779683
73564,3939203.78331905
73565,3344691.53344445
73566,4306673.14483334
73567,4638367.85736666
73568,4200300.2271
73569,4835787.4821
73570,4134330.38554445
73571,2807177.3661
73572,4087137.81921111
73573,4725522.57543334
73574,5074181.5767
73575,4752334.73913333
73576,3533779.47451111
73577,5000917.89091905
73578,4829939.78036667
73579,4675513.13726667
73580,3164183.75752381
73581,4454574.4628
73582,3564770.41873334
73583,4177325.55283334
73584,4140982.7208
73585,3926182.79569048
73586,3486844.8881
73587,4669886.22944286
73588,3810084.34402857
73589,4479779.77686667
73590,4410623.34883333
73591,3300365.93576667
73592,4900636.86306667
73593,4799551.26456667
73594,4564743.71710001
73595,4683248.56406667
73596,4587597.46903333
73597,4096186.2814
73598,4247042.31087778
73599,3082329.75226667
73600,3844060.47946667
73601,3841890.92551111
73602,3736192.38696191
73603,4006999.67658095
73604,4538039.7158
73605,4825743.91446667
73606,4153326.08656667
73607,4374647.47063333
73608,4487729.47223333
73609,4435000.78126667
73610,4134635.74507143
73611,4800668.55214445
73612,4317871.20017778
73613,4687891.0748
73614,3149679.46073333
73615,4722505.9434
73616,3971400.63119048
73617,4412691.815
73618,4284999.5519
73619,4438611.59403333
73620,3624424.14534445
73621,4103508.45776667
73622,4376505.57223333
73623,4911148.59692619
73624,4368426.7415
73625,4600676.81966667
73626,4115478.41765
73627,4663287.03493333
73628,5172913.1979
73629,4158565.3611
73630,5024085.99366666
73631,4081351.73207143
73632,3827251.55372858
73633,2588987.32243492
73634,4436031.6154
73635,4893621.0947
73636,4929049.38906667
73637,4254700.12337619
73638,4335910.11623334
73639,4655729.4645
73640,4465080.47026667
73641,4594150.30506667
73642,4841360.78853333
73643,4134459.3471
73644,3988751.02723334
73645,4589138.86972857
73646,5008246.19756666
73647,4906798.14755238
73648,2601789.03297778
73649,4456951.13853333
73650,3991076.90153334
73651,4905390.8168
73652,4491248.96536667
73653,4275536.91113333
73654,5235529.1762
73655,3767914.20810477
73656,4554361.58923333
73657,4222911.53586667
73658,3887059.19903333
73659,4125720.80056349
73660,5334058.35003333
73661,3707883.23346667
73662,3021720.06410476
73663,4622016.8046
73664,4490794.75238333
73665,3376654.4558
73666,3570674.63134445
73667,5176530.58083333
73668,5274880.08713333
73669,2915526.3379381
73670,4083752.7516
73671,4836915.65213333
73672,4410192.39806667
73673,3445334.6569381
73674,3968329.59147778
73675,5397605.9914
73676,4802695.9626
73677,4298604.5789619
73678,4696296.3959
73679,4286626.30489524
73680,4503683.07279048
73681,4476175.1801
73682,4099476.85796667
73683,5123540.73883333
73684,4558314.0397
73685,4359512.01891587
73686,5086373.08036667
73687,4060457.15514286
73688,4103327.3271
73689,4463074.6439
73690,3835805.51289683
73691,5039224.40161905
73692,2466166.72750953
73693,2513899.15314286
73694,4309522.70636349
73695,4502457.56266666
73696,3703589.17485714
73697,5200603.38983333
73698,5027854.18253333
73699,4250170.20383334
73700,4785270.2647
73701,3720579.75297143
73702,5302232.31076667
73703,3958010.27713333
73704,4620778.2746
73705,4540403.66906666
73706,4545139.64929524
73707,4704225.5113619
73708,4561982.13866667
73709,4109915.73131111
73710,3394753.27502063
73711,4332885.71612381
73712,4446822.70746666
73713,3841142.26687619
73714,3677283.12806667
73715,3123837.89290476
73716,4131436.22454286
73717,3459687.29114921
73718,4243919.17708571
73719,3791309.57823333
73720,4445980.4244
73721,4784477.701
73722,4377291.24233333
73723,4073048.4738
73724,4234377.85691667
73725,4186857.50418571
73726,5122311.5269
73727,2689346.87648095
73728,3624325.99712857
73729,4623052.8939
73730,3738311.56450635
73731,4130748.58703333
73732,4831931.29933333
73733,4360973.27986667
73734,4365979.19242857
73735,5862422.211
73736,3869495.25047619
73737,4753685.05179524
73738,5491345.1348
73739,4231678.1012
73740,4169856.88166667
73741,4256460.92810952
73742,3497985.39761111
73743,4927056.89093333
73744,4523086.20683333
73745,4331444.5501
73746,3229943.62777619
73747,4665582.50203333
73748,4753812.05066667
73749,4285439.7109
73750,3547657.19013334
73751,4005893.63001111
73752,4636881.42323333
73753,4373745.96596666
73754,3737220.80572381
73755,4606099.82379524
73756,4628387.23076667
73757,4541388.24676667
73758,4720508.9925
73759,4125839.39333333
73760,4131338.06383333
73761,2557377.7859
73762,4815547.75681111
73763,4632667.98446667
73764,4102521.0729
73765,3643165.23056667
73766,3626074.29071111
73767,5195713.27546667
73768,4267281.43174762
73769,4682488.09116667
73770,4046690.125
73771,4260138.04132857
73772,4065414.8473
73773,4455449.40696667
73774,2968440.29727778
73775,3732876.45683333
73776,4010372.3528
73777,5270432.5421
73778,4920667.07423333
73779,4555174.07623333
73780,5111398.42803333
73781,4564312.38913333
73782,3964890.27633333
73783,4582805.04323334
73784,4504424.86846667
73785,3236958.79235715
73786,4111333.8323
73787,5181080.8053
73788,4766744.80736667
73789,4604620.78170952
73790,4024009.4633
73791,4181584.2717
73792,3743953.031
73793,3825120.0876
73794,4476483.68763334
73795,4514676.84417619
73796,3804543.38463333
73797,3761397.49491111
73798,4650173.24267143
73799,3036404.60124444
73800,5183000.85883333
73801,3999104.38292857
73802,4168528.72456667
73803,3992311.1854873
73804,4245895.36176667
73805,4641313.6296
73806,4340449.22606667
73807,3836319.33416667
73808,4489124.791
73809,3217049.50130952
73810,4907630.30370635
73811,3819379.89174286
73812,5199014.28232857
73813,4134420.91686667
73814,4190367.51454444
73815,4502550.77793333
73816,5215858.1856
73817,3931144.66746191
73818,4547321.2005
73819,4645935.83033333
73820,4626099.83379524
73821,4710042.9095
73822,4355366.54923334
73823,3859528.0406
73824,4506381.61973333
73825,4381794.81566667
73826,4787942.82864444
73827,4383046.54086667
73828,2769273.51203334
73829,4898527.46536667
73830,4454950.7371
73831,4131894.63843334
73832,4453637.76437143
73833,5417612.4832
73834,4118433.19913333
73835,4133094.50163334
73836,4703031.68256191
73837,4144523.10642381
73838,4677995.8527
73839,2787531.88877619
73840,4250476.77074286
73841,4730153.91683333
73842,4849955.53313333
73843,4140930.18031429
73844,3868101.0626
73845,4407433.88916667
73846,4363527.07583333
73847,3643015.8174
73848,5088697.48876667
73849,4075336.1103
73850,4423880.72163333
73851,4067561.31856667
73852,5171623.28526666
73853,4327740.65216667
73854,3790193.63316667
73855,4712625.12563333
73856,3994417.71861111
73857,4890022.56462857
73858,5311989.0344
73859,3995852.64553334
73860,4804149.03823333
73861,5251060.1981
73862,4774642.0499
73863,4515320.18943333
73864,4989829.4962
73865,4091811.24663333
73866,2608853.55320952
73867,3935179.44963333
73868,4871742.3281
73869,4799525.20033333
73870,4504260.44703333
73871,4123125.694
73872,5295971.59026666
73873,4052076.6013
73874,4760306.93613333
73875,4414545.42176667
73876,4414612.44204762
73877,4499055.34526667
73878,3443908.44345714
73879,4177754.19736667
73880,4384645.61883333
73881,5509578.6139
73882,4108482.05937619
73883,3785291.04473333
73884,3874653.81706825
73885,4138472.57806667
73886,4891392.12269524
73887,4843468.03702857
73888,3861617.05783333
73889,3837267.28036667
73890,3572792.33424762
73891,4406938.09036667
73892,4458946.02776667
73893,4553811.29923333
73894,4227221.2282
73895,4611015.7282
73896,3899999.03376666
73897,4620941.0684
73898,4365271.28573333
73899,4279297.4425
73900,4055258.90017143
73901,4663842.79133333
73902,4275980.36586667
73903,4342063.96306667
73904,2699016.82331111
73905,3791187.49493334
73906,4375411.98426667
73907,4401476.97038254
73908,3485014.55855238
73909,4347245.561
73910,3851933.945
73911,5238646.94683333
73912,4479669.61999524
73913,3877572.2906
73914,5114108.69831111
73915,3420022.56063333
73916,3955257.28212857
73917,4273093.01939048
73918,4111072.77219206
73919,3267179.76239683
73920,4984963.82256667
73921,4710201.91633333
73922,3707249.54496667
73923,3369753.66353333
73924,4509511.5955
73925,3902031.49823333
73926,3560672.30190159
73927,4152946.37408572
73928,4447369.5716
73929,4669399.88916667
73930,4176965.83353333
73931,4592452.23049999
73932,4581070.67896667
73933,4670149.63673333
73934,4483719.8756
73935,4307286.2224
73936,4753581.33296666
73937,3862965.96281111
73938,5288318.5304
73939,4129868.2037
73940,3968329.59147778
73941,4294123.71643333
73942,5027605.1286
73943,5084120.03293333
73944,5084990.43111905
73945,4777440.2227
73946,3486803.80397778
73947,4132548.24310953
73948,4151600.04903333
73949,4843404.74976667
73950,4020972.4101
73951,3725338.01627778
73952,4404998.88944444
73953,5099887.6955
73954,3797062.11470952
73955,3887753.28893333
73956,4625886.35640952
73957,4373600.96986667
73958,5254452.2943
73959,4531013.14126667
73960,5737377.82296667
73961,3906683.5903
73962,4724320.00123333
73963,4338153.62776667
73964,4309585.25983333
73965,4140158.14599047
73966,3066988.06765397
73967,3759181.94356667
73968,4976779.7469
73969,4125444.45766667
73970,3972017.6313
73971,3920165.43703334
73972,3824303.15742857
73973,4380104.5725
73974,4216013.78106191
73975,4168424.30043333
73976,3908171.16914921
73977,4643082.56836667
73978,4181658.2598
73979,4364827.02633333
73980,4059960.06956667
73981,4258005.42065238
73982,4032342.99476667
73983,3721507.52330953
73984,3595552.94947143
73985,4985077.24713333
73986,5373131.3404
73987,4447646.4177
73988,4493380.47246667
73989,5184613.06203333
73990,4393241.3447
73991,4216009.84546667
73992,4898996.29533333
73993,4183890.62246667
73994,4565602.6911
73995,2546046.78304286
73996,3976813.6101
73997,5213603.37783333
73998,3667472.89493334
73999,4848366.99142857
74000,3863396.41576191
74001,5435238.88533333
74002,4532163.20489682
74003,3222116.80865238
74004,3218863.16738095
74005,4096810.30242381
74006,2926154.27140952
74007,4148081.10646667
74008,3529196.54596667
74009,4338838.4326619
74010,4564536.62349524
74011,4312680.46997619
74012,4692920.12923333
74013,3939895.19627778
74014,4670011.6073
74015,3990110.6387
74016,4008964.96195
74017,4807135.22103333
74018,3820382.72416667
74019,4589588.94593333
74020,3786792.16193334
74021,4156922.40376667
74022,3521006.84584445
74023,4182469.00857778
74024,5005124.49633334
74025,4559341.44838572
74026,5449664.22461905
74027,4436029.47856667
74028,3773541.5435
74029,2867854.60468095
74030,4300058.28494286
74031,3510383.41994286
74032,3775617.29437143
74033,4836389.71003333
74034,3469221.66974762
74035,3838121.62526667
74036,4513334.69432857
74037,3945180.3731
74038,3490255.04421429
74039,4731577.75026667
74040,4018494.5347
74041,4636714.78766667
74042,4582298.83963334
74043,4862157.21946666
74044,4198757.9842
74045,4469089.22873333
74046,4421136.48900952
74047,4044183.19853333
74048,5112548.7602
74049,3944707.87124445
74050,4441433.1954
74051,3689302.7548
74052,5096711.63513333
74053,3841252.30036667
74054,5360987.90133333
74055,4693359.9352
74056,4534743.4341
74057,4428832.10886666
74058,4128007.32433334
74059,3847296.54817619
74060,4282976.09636667
74061,4411793.40238571
74062,4806331.7962
74063,4860456.1233
74064,3834321.77824762
74065,3841926.40951111
74066,4484752.39946667
74067,4982606.09526666
74068,4312684.05934444
74069,3465821.72002381
74070,4742189.4216
74071,3078746.30815397
74072,4858492.79226666
74073,4342838.14423333
74074,4275823.2837
74075,3723949.43582857
74076,4263173.92546667
74077,4501202.64736667
74078,4574868.24563333
74079,4179589.34039524
74080,4538656.6121
74081,4211824.5611
74082,3695604.36665715
74083,4987625.37906666
74084,5297977.7574
74085,4306223.8129
74086,4969828.22943333
74087,4643066.61343333
74088,4441503.46626667
74089,3148174.2209
74090,3550064.90541429
74091,3873307.74116667
74092,3750045.73293492
74093,4546678.56022857
74094,3829570.16624286
74095,4529733.25906666
74096,4825877.04713333
74097,4039460.1374
74098,4431491.54296666
74099,3856486.0281
74100,4863094.57495238
74101,3449345.62954762
74102,3707565.59182857
74103,3756094.34467143
74104,3972924.95963334
74105,4989277.83076666
74106,3583771.52769048
74107,4528775.12895238
74108,4688717.14483333
74109,5010687.02066667
74110,4041604.68754286
74111,4701113.62227143
74112,3540109.78871111
74113,4123810.97303333
74114,4128976.6692
74115,4164532.51326667
74116,3630302.4259
74117,5007425.69136667
74118,4316300.13472857
74119,2875815.8562873
74120,4062158.5955
74121,4670455.23906667
74122,4405737.33314286
74123,4362860.5483
74124,3957724.06430953
74125,4390654.8832
74126,3538067.44093334
74127,4684811.03193333
74128,4939550.0969
74129,4960287.5324
74130,4058075.86833333
74131,3387411.60177778
74132,3884650.06570952
74133,4700337.25933333
74134,4179671.83293333
74135,5147796.70753333
74136,4313190.86206667
74137,4951236.17606667
74138,3037606.83985873
74139,4835890.80553333
74140,4000004.37714445
74141,4458244.44682857
74142,4646321.55133333
74143,3908537.2854
74144,2676287.72846667
74145,4118976.4808
74146,3695193.79107301
74147,4292875.18786667
74148,4795158.9983
74149,4072899.85872381
74150,3548665.30049524
74151,4113836.93801905
74152,4226215.87996667
74153,4251096.36716666
74154,4958053.44136667
74155,3579808.30743334
74156,4561408.5532
74157,4760477.28943333
74158,3925056.6211
74159,4362319.22466667
74160,4078312.08026667
74161,4659309.22296667
74162,2642528.37973333
74163,4221995.33286667
74164,4718919.91223333
74165,4153907.84266667
74166,3209316.5306873
74167,5220939.35333334
74168,3948355.02085238
74169,4892585.49516667
74170,3455112.49806667
74171,3773347.27644445
74172,3280200.257
74173,3781219.28611905
74174,4156012.99643333
74175,4608905.1738619
74176,3606092.47836667
74177,4130924.8778
74178,4363813.68096667
74179,3991832.77746667
74180,3913672.25323333
74181,3831792.63937778
74182,4480861.70626667
74183,4082449.25973333
74184,5011500.02946667
74185,2721605.56569683
74186,4524383.39956667
74187,5135587.35076667
74188,4715239.8061
74189,4614037.93619682
74190,3763380.5465
74191,4155555.7562
74192,3870854.99984444
74193,3687663.09359048
74194,4086273.2849
74195,3141317.00318096
74196,5146641.97363969
74197,4291277.2459
74198,3654462.72346667
74199,4759802.54391905
74200,5873548.82053333
74201,4778101.98343333
74202,4923643.2993
74203,4590164.20053333
74204,4603947.4865
74205,4668387.83696667
74206,3749175.68296667
74207,3241712.23226667
74208,4829822.8779619
74209,4519167.70309524
74210,4488894.0482
74211,4626088.83023333
74212,4725814.3165
74213,3608646.9116
74214,5146859.46438571
74215,5043662.0455
74216,5113721.98826666
74217,4580270.804
74218,4555006.75693333
74219,4376897.32655238
74220,3981263.6259
74221,4955259.13493334
74222,5106697.54846667
74223,4213669.45586667
74224,3383904.32264286
74225,4197043.22506667
74226,3437988.48924444
74227,5051432.11733333
74228,5609215.8297
74229,3642510.43857619
74230,4122055.94200952
74231,4388756.80526667
74232,4246688.95219524
74233,4684065.09033333
74234,4015900.24573334
74235,3640724.17276667
74236,3951596.99276667
74237,5152658.65340476
74238,4399681.42516666
74239,4541657.96273334
74240,4733124.68033333
74241,4381224.4453
74242,4468008.49051111
74243,3971974.4187
74244,4469780.9324
74245,3900969.81933333
74246,3426904.8101381
74247,4543983.73976667
74248,4912454.7715
74249,4902369.10313333
74250,5197882.21436667
74251,4385623.14486667
74252,4694686.63793333
74253,4177313.37000953
74254,4040237.66716667
74255,4064771.06206667
74256,4879412.5019
74257,4150804.66026667
74258,4006806.94753333
74259,4194340.02864445
74260,3730187.54136667
74261,3883715.52617619
74262,4631246.3546
74263,4127288.5611
74264,4291591.98625714
74265,4234015.02673333
74266,4438103.82613334
74267,3672784.2286
74268,3757456.53926667
74269,4058052.16563333
74270,4612415.08610952
74271,4151361.9724
74272,3715176.40053334
74273,4920104.583
74274,3666009.33293333
74275,4107777.55213333
74276,5422785.18053333
74277,4309799.90036667
74278,2742548.68166667
74279,4207462.64991111
74280,4196952.26278095
74281,3940378.04043333
74282,3928557.2395
74283,3982350.85867778
74284,3608745.54513334
74285,4641680.0284
74286,5379856.15756666
74287,4704183.34126667
74288,3761689.95906667
74289,3603354.33251111
74290,4035287.3001
74291,2941114.17274762
74292,3675482.77976667
74293,4797981.81529524
74294,4330790.0958
74295,3501864.8918
74296,4316024.71493333
74297,5237830.36453333
74298,3650738.53515714
74299,4728097.71766667
74300,5026910.3379619
74301,4282404.1604
74302,4623521.64366667
74303,4076499.2248
74304,4838318.78706667
74305,4399847.48932857
74306,4233193.36103333
74307,4758873.08846666
74308,4546469.79680159
74309,4254720.65266667
74310,3790806.8423
74311,3705610.2635
74312,4479211.8695619
74313,4170406.54772381
74314,4637371.83223333
74315,4778381.34157778
74316,4837671.50616667
74317,3365183.51155714
74318,4419370.0231
74319,3040829.18554286
74320,4669797.49983334
74321,4456282.28967619
74322,3758306.91356667
74323,2770069.73233334
74324,4889115.442
74325,4057683.78380476
74326,3713197.4324
74327,4127951.02545714
74328,3325630.29203333
74329,4497069.8593
74330,4568195.04433333
74331,4138426.29445
74332,4785066.07886667
74333,4183639.38063333
74334,5068011.85855238
74335,3822160.17884444
74336,4170957.2547
74337,4952615.60666667
74338,4652181.81303334
74339,4944180.19493333
74340,5089444.1211
74341,4512530.6453
74342,5213363.0238
74343,3785530.0577
74344,4376600.33519524
74345,4808109.1981
74346,3657283.66245714
74347,4141945.4481
74348,5174209.09883333
74349,4623199.63255238
74350,4778173.1807
74351,4844167.13566667
74352,4183645.1385
74353,4636771.2447
74354,4459112.37895238
74355,3481543.85748572
74356,4106475.6992
74357,3747567.69181111
74358,4300890.48823333
74359,3983832.45486667
74360,4133662.01381905
74361,4843683.57846666
74362,4295909.28052381
74363,3995595.5405
74364,4217053.44196666
74365,3817942.10870635
74366,4542527.13293333
74367,4297842.176
74368,4832196.4913
74369,5237676.98252857
74370,4156953.16966667
74371,4663677.20193333
74372,3146069.49613333
74373,4035086.18456667
74374,4189739.07219048
74375,4225934.22315714
74376,3902422.96510953
74377,4622632.86563333
74378,4104768.56807778
74379,4341150.0468
74380,5170729.76306667
74381,4332028.32923333
74382,4088379.02986667
74383,5138422.90796667
74384,4673840.8056
74385,3945192.96816191
74386,5109380.56306667
74387,4409003.8635
74388,4970602.36964286
74389,5593134.10393333
74390,4598024.37372857
74391,4186514.93837619
74392,4889571.79893333
74393,4909520.70828095
74394,4055034.69483333
74395,4807101.44512857
74396,3442478.61930476
74397,5623003.53903333
74398,4724637.2092
74399,4487106.5731
74400,2736103.2774
74401,3191381.13760476
74402,4341040.2199
74403,4460731.8264
74404,4777490.17716667
74405,3007850.62514286
74406,4547497.9006
74407,4671426.6673
74408,5091307.54677143
74409,3776438.67171111
74410,4123389.706
74411,4492262.79597619
74412,4310188.84623334
74413,3172469.12034444
74414,2934782.71667619
74415,3660077.9387381
74416,4667101.34696667
74417,4730721.50985238
74418,4091230.99326667
74419,5018163.90166667
74420,4153718.50746667
74421,5758312.55023333
74422,4518106.41156667
74423,3957614.13496667
74424,4206924.3152
74425,4841723.9985
74426,5379899.33243333
74427,4667845.54303333
74428,4633598.76136667
74429,4354757.39416667
74430,4475714.1207619
74431,3602275.18857619
74432,4536815.47723333
74433,3943008.86506667
74434,2961384.99485397
74435,3375667.28955397
74436,3723096.49219524
74437,3962103.66266667
74438,4423515.02951111
74439,4687575.25016667
74440,4674662.78803333
74441,4160712.7709
74442,4608355.88813333
74443,4589454.05717778
74444,4503365.60587778
74445,3967000.049
74446,4407233.73163334
74447,4312481.16353333
74448,5371487.3546
74449,3994697.59070952
74450,4705865.78513333
74451,4649989.6545
74452,3562946.55246667
74453,4122851.18553334
74454,5223217.36906667
74455,4840928.15426667
74456,4949890.29266666
74457,5097086.99027777
74458,4472382.77237778
74459,3873717.52592857
74460,4262333.88010635
74461,4878512.62856667
74462,3592937.1637619
74463,3800689.36916191
74464,5247028.86736667
74465,4396170.3822
74466,4930832.07493333
74467,4228812.59566667
74468,4408095.74857778
74469,4033025.9692
74470,4685917.00256666
74471,4251872.67623333
74472,4453952.94381905
74473,4156138.19096191
74474,4372061.33826667
74475,3746662.80490476
74476,4192391.4554
74477,5202485.7185
74478,4245351.1739
74479,4453250.97411905
74480,4558919.0079
74481,5419875.38843333
74482,4852549.46753333
74483,4707185.84533333
74484,4362889.28799524
74485,4150308.37163333
74486,3853745.71992063
74487,4423476.0428
74488,4161775.88431111
74489,4591343.0948
74490,3749373.55186191
74491,4454009.8957
74492,4038777.5699
74493,4515246.33813333
74494,4454578.24116667
74495,4555788.20676667
74496,4424748.60930476
74497,5382191.9105
74498,4965628.7567
74499,4092720.81726667
74500,4793391.39276667
74501,4591562.07654444
74502,4530755.7191
74503,3568064.4879
74504,4459007.23123333
74505,4721835.64573333
74506,5556552.91376666
74507,2882408.46591111
74508,4028890.2348
74509,4041456.24156667
74510,3187549.01807619
74511,4260737.2379
74512,3576712.47624762
74513,4652690.44457778
74514,3661822.55300476
74515,4994621.5638
74516,5213284.2953
74517,5431139.54536667
74518,4419234.82736667
74519,3845425.89366667
74520,4795944.09333333
74521,4848997.15237778
74522,4322822.66545
74523,5118023.21723333
74524,4393798.63286191
74525,4219908.49364286
74526,4302418.11843333
74527,4033318.93337778
74528,3800362.21562858
74529,4652388.9763
74530,5072985.44126667
74531,3147557.52304286
74532,3920962.81389682
74533,4655350.97869524
74534,4032837.23099524
74535,5312947.105
74536,4178216.6666
74537,4122838.36746667
74538,4683594.50966667
74539,4433696.5621
74540,4765973.68946667
74541,4062875.1783
74542,4610671.2695
74543,4915123.78763333
74544,5021681.2296
74545,4483214.97686667
74546,4533234.33486667
74547,5117765.70383333
74548,4617491.7105
74549,4846207.3999
74550,4671522.35109524
74551,4315490.262
74552,4553927.5816
74553,4481655.31763333
74554,4358550.0688
74555,4662740.73506349
74556,5203094.8155
74557,4680095.82985238
74558,4687073.8344
74559,3915810.9105
74560,4225173.55341111
74561,3635474.11653334
74562,4590547.859
74563,3173828.76152063
74564,4338610.55183333
74565,4707665.36736667
74566,3583315.34641111
74567,4260036.15203333
74568,5742530.07813333
74569,4112436.4611
74570,3990789.09336666
74571,5002662.54453333
74572,4495434.43936666
74573,5084047.5094
74574,3783232.80661111
74575,4363742.22903333
74576,4314406.14023333
74577,3775922.04266667
74578,3549718.66570477
74579,4083592.71946667
74580,3487571.1768
74581,3599341.02974445
74582,5026881.74743334
74583,4528331.3959
74584,4154285.5521
74585,4325125.35793333
74586,3639505.44757619
74587,4283657.43400953
74588,4692465.7054
74589,4230329.54546191
74590,4130893.54266667
74591,5107445.1328
74592,4216133.71273333
74593,5249930.58506667
74594,4226206.1412
74595,4664420.70813334
74596,4728109.91306667
74597,3752465.0123
74598,5074390.85036667
74599,4132237.2328619
74600,3858195.64423333
74601,3887716.45297619
74602,4549701.5906
74603,4766783.1445
74604,4762207.44440953
74605,3368065.02934444
74606,3943823.44604445
74607,4025113.86326667
74608,5293466.57292857
74609,4076385.1756
74610,3714235.51126667
74611,4287538.56
74612,4060429.37263334
74613,5057847.34726667
74614,3742863.87962857
74615,5188545.2404
74616,4117570.77456191
74617,4726094.50366667
74618,3981458.93962857
74619,4164117.98846667
74620,3740980.68523333
74621,3507350.56901429
74622,4509656.23185714
74623,3692618.62283333
74624,4161788.63716667
74625,4495609.69166667
74626,4581897.42124445
74627,3891813.58105238
74628,4571830.55416667
74629,4425771.2653
74630,4318887.9497873
74631,4947684.17313333
74632,3909274.55492381
74633,4523899.93946667
74634,4453302.08246667
74635,3988230.65623333
74636,4286888.75216667
74637,4748554.4965
74638,3924925.43276666
74639,2929809.33182381
74640,4484246.75206666
74641,4213831.69297778
74642,4593124.05927778
74643,4509525.70723333
74644,5894452.9971
74645,4403362.65476667
74646,3599236.02673334
74647,4079341.3463
74648,4836122.23577302
74649,4671300.32146666
74650,4471968.77437302
74651,4579130.28486667
74652,5637372.31481905
74653,3728914.53451905
74654,4757676.26456666
74655,4012325.02506667
74656,4861237.86093333
74657,3896885.42489524
74658,4778611.94523333
74659,4431270.41389524
74660,4240168.23970476
74661,3723838.9463
74662,3818314.02164445
74663,4844196.75626667
74664,4366164.14090952
74665,3758837.39503333
74666,4352339.27260952
74667,4701993.34
74668,4375574.17106666
74669,5249779.63308571
74670,3729741.39486667
74671,4819111.85606667
74672,4737977.1961
74673,3561183.75683334
74674,4378795.2726
74675,5290231.1245
74676,4422086.82403333
74677,2932853.87783016
74678,4310441.2702381
74679,3927581.674
74680,4955390.6312
74681,3291628.71956667
74682,3693758.0586
74683,4037939.25836667
74684,3608752.66631429
74685,4267483.3023
74686,4700020.07336667
74687,5016337.45633333
74688,3862411.24759048
74689,3779626.85699048
74690,4683392.83666667
74691,4239430.71558572
74692,4043139.1866
74693,3788634.99406667
74694,5086958.92185238
74695,4602741.33703333
74696,4226953.3964
74697,4269671.74632381
74698,4092375.96880953
74699,3685041.41596191
74700,4633799.22573333
74701,4981381.69919524
74702,3610528.52683333
74703,4221533.96024444
74704,3809831.74093333
74705,3882337.97071667
74706,2952764.6276
74707,5177194.3172
74708,5253287.5833
74709,3989362.83173334
74710,3985184.79463809
74711,4115197.24853334
74712,4696167.6238
74713,3629013.77630953
74714,4952929.01873333
74715,4759174.0868
74716,4974022.97946667
74717,4714367.085
74718,4834916.8193
74719,5850649.9042
74720,4539265.17983333
74721,3755564.11683334
74722,3832930.44014445
74723,4374508.08593333
74724,2796143.89737619
74725,4602976.54636667
74726,4256371.18376191
74727,3963195.48347778
74728,4896334.92093333
74729,4855489.72386667
74730,3624531.66646667
74731,4987840.911
74732,4590476.67856667
74733,4653355.16356666
74734,4465749.63333333
74735,5158447.02523333
74736,4221578.2441
74737,4278582.64866667
74738,4263925.48202857
74739,4552007.82733333
74740,3795550.50584762
74741,4356778.00281905
74742,4148808.0813
74743,3564473.26304444
74744,4016342.59461111
74745,4491942.45266667
74746,4806640.171
74747,3289416.8367381
74748,4519169.5541
74749,3794408.20971429
74750,3940055.51604444
74751,3784822.09703334
74752,4500956.72743333
74753,3595766.41076667
74754,4526165.7293
74755,4234681.85926667
74756,4051775.59667619
74757,4774892.8731
74758,4140130.4578
74759,2851920.80590953
74760,4260669.05503333
74761,3356920.47491428
74762,4782425.8466
74763,4109847.00684444
74764,4933746.65276666
74765,4465323.02083333
74766,3680484.5102381
74767,5539223.07503333
74768,3880107.62377778
74769,5124543.14506667
74770,4461140.6149
74771,4644867.5831
74772,3972677.20796667
74773,5627764.7349
74774,4567760.71573333
74775,5191491.703
74776,3856315.33815714
74777,3947151.1504
74778,4572020.27073333
74779,4458102.16007143
74780,3949209.77983333
74781,4316662.3026
74782,4351891.2346
74783,4528424.9819
74784,4786330.3289
74785,4824216.38707778
74786,5111830.917
74787,3080729.63403333
74788,4381729.65309524
74789,3540070.51036667
74790,4886854.7618
74791,3806649.34851111
74792,4223036.71206667
74793,5036365.18253333
74794,4775666.5437
74795,3967433.87656667
74796,4891785.9795619
74797,3899662.80916667
74798,4188080.36345714
74799,6182089.23948572
74800,4157845.62259048
74801,4184366.51573333
74802,4275494.91673333
74803,4231697.93746667
74804,3511165.97929524
74805,5297377.01636667
74806,4873801.0649
74807,4045071.6096381
74808,4267495.1048
74809,4499961.82561111
74810,3885712.347
74811,4577709.86323333
74812,4704807.39053333
74813,4135053.36546667
74814,4872171.71419048
74815,4545951.7253
74816,4284277.34133333
74817,3984534.4867
74818,2440510.58400476
74819,3556557.90316349
74820,4113593.72386667
74821,4458625.15123334
74822,3308610.4718
74823,4195526.20283333
74824,3988377.04103333
74825,4104001.8013
74826,3897993.17321587
74827,4920516.4463
74828,3669413.66914286
74829,4668362.75176667
74830,4373127.84813333
74831,4319939.81740952
74832,4192347.41849047
74833,3634452.30931111
74834,5051569.62781905
74835,3726677.09637778
74836,3573376.19731111
74837,4350479.11783333
74838,4323987.5250619
74839,3787503.3445
74840,5517212.22466667
74841,4765519.7192
74842,5356380.42233333
74843,4333600.55826667
74844,3646823.42393333
74845,4229599.3834
74846,4466937.49373333
74847,3480579.6486
74848,3135800.40546191
74849,4665527.48936666
74850,3407681.42246667
74851,3499314.38949048
74852,3839504.26770635
74853,4682630.0906
74854,4325749.09137778
74855,4598208.9481
74856,4354985.57933333
74857,4242125.20824445
74858,5158163.92956666
74859,4310380.56449524
74860,4307011.97156667
74861,5047550.2204
74862,3909278.14333333
74863,4405582.54053333
74864,4991957.38723333
74865,4917224.30726667
74866,3682227.96357778
74867,4159870.41867778
74868,4562977.88973333
74869,5473481.84338571
74870,4192195.65733333
74871,4328295.39143333
74872,3809462.61916667
74873,4744862.95056667
74874,4431697.40176667
74875,4271211.68443333
74876,3861666.1495
74877,4836655.22623333
74878,4224872.17673333
74879,3940265.94359524
74880,3190897.72787143
74881,4924397.43956667
74882,3845693.23972064
74883,4736625.17622857
74884,3492372.08029048
74885,5166254.49462857
74886,5017701.75916667
74887,3801694.54752857
74888,4672258.15846667
74889,4122925.17226666
74890,4864312.9063
74891,3079535.55654286
74892,4051416.76227778
74893,4284695.95539524
74894,3775119.21296667
74895,4273733.39659048
74896,3964198.22409524
74897,4926065.84201904
74898,5083295.04106667
74899,4214331.5773
74900,5163894.56280476
74901,4799767.18936667
74902,2506958.92796667
74903,4642631.1512
74904,4978909.25168571
74905,2732223.20026349
74906,4083285.29583334
74907,4945380.55976667
74908,4464602.10776667
74909,4181865.0598
74910,4657900.58943333
74911,2969268.43932857
74912,3781603.65336667
74913,4258660.48896667
74914,5193462.0655
74915,3425673.22863333
74916,5124513.24123333
74917,3965330.90036667
74918,5505001.07106666
74919,4677937.88063333
74920,3970449.34146667
74921,4853327.23453333
74922,3485302.12584286
74923,4599478.11183334
74924,4224602.8204
74925,4982464.9759
74926,4039337.35263333
74927,4881330.54199524
74928,4363246.31563333
74929,4903727.91975714
74930,4674429.15231905
74931,4156316.8484
74932,4961392.794
74933,5012002.04403333
74934,4142059.65576667
74935,3587031.24434444
74936,3880107.62377778
74937,4611940.83643333
74938,3773230.4127619
74939,4197340.41506667
74940,4419022.5395
74941,4527020.63183333
74942,4380029.48289048
74943,3557559.29241111
74944,5423372.6691
74945,5030398.98783334
74946,4129832.62191111
74947,5472523.97443333
74948,4714602.35296667
74949,3957678.78363968
74950,4645872.8168
74951,4622972.7752
74952,5383542.4094
74953,4440191.34559524
74954,4217933.05067619
74955,4340973.27749048
74956,3977351.3937
74957,4038920.39139524
74958,4104432.77524286
74959,4344915.8802
74960,4352924.42456667
74961,4518696.9157
74962,4292050.5542
74963,5400653.7557
74964,4212376.26030952
74965,3958309.41597619
74966,5017732.51584444
74967,3423390.19694762
74968,3239582.12631111
74969,5086073.82677778
74970,5333316.0236
74971,5145414.1994
74972,4304227.17443334
74973,3325282.13644444
74974,3733395.21746667
74975,4567805.7485
74976,4854907.82347143
74977,3896678.60267619
74978,3614676.29813334
74979,4868859.92308571
74980,5293604.9542
74981,3767005.83286667
74982,4156133.11163334
74983,5033509.72086667
74984,5610964.11276666
74985,4650824.09753333
74986,4266111.65416667
74987,4077502.97316667
74988,4358947.96733333
74989,4308337.29876191
74990,4698645.44026667
74991,4522354.1788
74992,4923906.419
74993,4561477.7123
74994,3787355.3354873
74995,4199760.12939524
74996,4569187.81213333
74997,4621185.2882
74998,4631517.5452
74999,5233728.94316667
75000,4672010.36802857
75001,4922258.66334762
75002,2964004.91026667
75003,4120030.75963334
75004,4384418.13219524
75005,4333922.77135238
75006,4688689.49614445
75007,3946990.96656191
75008,4448750.14707778
75009,4027285.07706667
75010,3853397.88636667
75011,5236144.64353333
75012,4844625.0678
75013,4970496.97136667
75014,3729729.60747143
75015,4421613.82820953
75016,4662505.74893333
75017,5455395.65292857
75018,4128687.06941111
75019,4547740.12113333
75020,4958443.06723334
75021,4832145.54503333
75022,2912943.96897619
75023,5157226.04596667
75024,4353969.11456667
75025,4465384.47613333
75026,4513627.42773333
75027,4680538.8565
75028,4199314.59167778
75029,3763111.33762064
75030,3313618.15406191
75031,4812796.41783333
75032,6069679.28583334
75033,3287677.93080476
75034,4177898.0061
75035,5212657.62223333
75036,4428187.21596667
75037,4431283.06224444
75038,3974055.12416667
75039,4047418.80167778
75040,3423214.04111905
75041,4587064.2198
75042,4025890.59878572
75043,3461849.61209048
75044,3715678.92446667
75045,4412815.72816667
75046,4952154.53524762
75047,4033572.31576667
75048,4126638.18205714
75049,4106910.3691
75050,4494802.91986667
75051,4021083.1423
75052,4394187.81234444
75053,3924204.68244921
75054,3869386.88163334
75055,4755383.50033333
75056,4843208.358
75057,4886750.13506666
75058,4377114.22826667
75059,4091161.22693333
75060,3779322.6889
75061,3889191.82453334
75062,4010464.94213333
75063,4803836.48213333
75064,4769037.52663333
75065,4095588.55506667
75066,4242786.10867778
75067,5054013.30572857
75068,4145671.97876667
75069,4059097.91153333
75070,5189441.99966667
75071,3989241.48407619
75072,4024036.29523333
75073,5346287.11383333
75074,4472080.9096
75075,3855128.38673333
75076,4759952.68016667
75077,4235849.61126667
75078,4987004.56036667
75079,3559695.40761111
75080,5810185.51586667
75081,3692633.3389
75082,4675405.7623
75083,3945994.92866667
75084,5021730.8985
75085,3424951.54573333
75086,3857767.7828
75087,5072526.18951904
75088,4097930.38886667
75089,4387163.78829524
75090,5273422.03706667
75091,4506530.80646667
75092,4493380.47246667
75093,4463111.1217
75094,3760448.10435714
75095,3256433.63737143
75096,4714316.78045714
75097,3693297.34873333
75098,4852859.7152
75099,4944125.77953333
75100,4062287.73020952
75101,3417545.33935714
75102,3662404.12524286
75103,3500977.61212857
75104,3787277.60755238
75105,4305100.67033334
75106,4872149.17814285
75107,4609175.03786667
75108,5133186.1013
75109,3825295.7701254
75110,4512977.32386191
75111,4341779.71613333
75112,5270382.613
75113,4533449.3336
75114,4553488.0604
75115,4508736.83104445
75116,4861994.09603333
75117,4535765.19036667
75118,4007083.5022
75119,3714664.88271429
75120,3926182.79569048
75121,3897669.72163334
75122,4308547.48446667
75123,4238308.8069
75124,3841656.52366667
75125,4272978.16576667
75126,4477390.3881
75127,4051057.77114445
75128,5085946.12575238
75129,3482925.09831111
75130,4227634.99043333
75131,4285969.59642857
75132,4618732.93153333
75133,4062381.76661111
75134,4606156.07567143
75135,3858273.2114619
75136,4888797.76026666
75137,3756394.48556825
75138,4185225.88616666
75139,5032022.22873333
75140,3861796.91984444
75141,4144753.79346667
75142,3463272.94614286
75143,5343330.42266667
75144,3932023.9775
75145,4640254.4501
75146,3688896.65787778
75147,4389419.07119048
75148,5368797.64223334
75149,4007126.4328
75150,4996360.6912
75151,4507840.26096667
75152,4768203.0057
75153,4833573.58863333
75154,4156800.45146667
75155,4940412.34043333
75156,4965176.31353333
75157,4496987.60893333
75158,3852432.46650953
75159,3564241.59994444
75160,4301473.52926666
75161,4091366.63800952
75162,4416533.06146667
75163,4648563.95526667
75164,4891723.50363333
75165,4951318.24619524
75166,4650069.5155
75167,4757834.34156667
75168,4520506.90253333
75169,4289816.05071905
75170,3674408.4280381
75171,4406007.18921428
75172,4026524.73176667
75173,3382002.74267778
75174,3811015.03610952
75175,4889515.24478571
75176,2459812.13122381
75177,5361962.418
75178,4178256.5026
75179,3724936.7033
75180,4258290.14689048
75181,3789303.2035
75182,4568701.35226667
75183,4214419.68215714
75184,4800058.37303333
75185,4030737.93150635
75186,3924424.88353333
75187,4280671.03708572
75188,4217743.68226667
75189,4444631.63751904
75190,3732929.853
75191,4037110.04433333
75192,6095177.2849
75193,4710570.20344444
75194,3368247.73710952
75195,4312769.0899
75196,5272970.09002857
75197,4861522.80033333
75198,4312751.22320476
75199,3581335.0438
75200,5087812.17518571
75201,3078684.60064444
75202,4201202.13763333
75203,4266111.65416667
75204,4697519.8653619
75205,4086369.20726667
75206,4589063.88246667
75207,3931912.31899524
75208,4460574.20873334
75209,3956222.32133334
75210,3340173.87727619
75211,4586003.93373334
75212,5233615.57376667
75213,4379197.30186667
75214,3727830.50366667
75215,3498716.38693334
75216,4253675.77292857
75217,4175287.49853333
75218,4321882.64345714
75219,3595759.19423334
75220,4612429.51583333
75221,4777422.0186
75222,4410096.96287143
75223,4825323.02723333
75224,4909372.1394619
75225,3963117.30434445
75226,4233211.08005873
75227,4367811.95683334
75228,4211355.36786667
75229,4067972.5966
75230,4183161.17417143
75231,4151899.31167143
75232,3086632.60710952
75233,4314227.64671111
75234,4298752.61883333
75235,4122060.73302381
75236,4274856.38273333
75237,4029340.6512
75238,4722777.23306667
75239,4382601.3708
75240,6143482.6561
75241,4496513.5716
75242,4653952.32913333
75243,3802097.53963334
75244,2925840.74514444
75245,4451090.80486667
75246,3750185.39483334
75247,3961422.40927619
75248,4732632.93121905
75249,4375843.06756666
75250,4769047.90626667
75251,5180932.77916666
75252,4435236.13023333
75253,2968222.4204873
75254,4605391.57083333
75255,4445847.88113333
75256,4148062.21406191
75257,3672054.38068572
75258,4241584.1811
75259,3401163.54616667
75260,4406411.62123333
75261,3594761.5988619
75262,4456252.43426667
75263,3830452.58736667
75264,4387103.2671
75265,5011639.20413333
75266,3779557.7137873
75267,5247671.08276667
75268,4652880.85683333
75269,4298357.7723
75270,4287911.57021111
75271,4629442.64774286
75272,6303738.3033
75273,3515975.80081111
75274,5024257.90526667
75275,4537547.34891667
75276,4571508.2045
75277,4221714.64917778
75278,2861374.97750635
75279,3989941.99176667
75280,2704426.176
75281,4016557.7734
75282,3849106.17307778
75283,4913206.28193333
75284,4732298.4549
75285,4515128.13823333
75286,4295156.4613
75287,5251518.38256667
75288,3962433.93849524
75289,3949452.9116
75290,3358542.00808095
75291,3719182.13537143
75292,4397417.48236667
75293,4927704.07093333
75294,4207006.57813334
75295,4597939.17376667
75296,3707453.62936667
75297,3587658.08353334
75298,4401173.62056667
75299,4400691.94653333
75300,4898192.92106349
75301,3995986.22645397
75302,4796132.51933333
75303,4188445.2268
75304,4303581.33814286
75305,2608256.24896667
75306,4332119.53176667
75307,4469103.15282381
75308,5089648.7074
75309,4957753.69578571
75310,4493491.05304444
75311,4994019.44376667
75312,4891317.4712
75313,3561903.2759
75314,4425868.2057381
75315,4522865.7314
75316,4236809.05466667
75317,3925858.66484921
75318,4078385.52153334
75319,3675405.99543334
75320,3290337.1867
75321,4349654.84493333
75322,5866268.17713333
75323,2943976.12820952
75324,5290796.42413333
75325,3042769.65231429
75326,3892249.07473334
75327,4345941.0844
75328,3570507.25427778
75329,4116510.9166
75330,4527766.3903
75331,3024404.90511111
75332,5171831.90243333
75333,4327693.75526667
75334,4449621.92463333
75335,4223243.97296667
75336,5480960.20463334
75337,5013571.8682
75338,4680005.1782
75339,3434185.9843
75340,4787124.55433333
75341,3681507.1991
75342,4098591.12076667
75343,3700236.7367
75344,4381085.0186
75345,4529493.47933334
75346,5007283.70796666
75347,4853616.05146666
75348,4505183.94886667
75349,4591635.30131905
75350,4531431.41960001
75351,5011609.70666666
75352,2458627.01593333
75353,4570975.0726
75354,4159753.69373968
75355,4752560.25196667
75356,4552262.53216666
75357,4112107.02873016
75358,4498621.3084
75359,4175617.1022
75360,4774607.6521
75361,4076834.92143334
75362,5445647.75653333
75363,5206335.944
75364,3791163.86193333
75365,3557206.95529048
75366,4854367.75436667
75367,3782103.03286191
75368,3376650.73869524
75369,3433322.65476667
75370,4454264.47846667
75371,4389905.09933333
75372,4302557.84356667
75373,3583698.2629
75374,4030328.51826667
75375,4247445.53811111
75376,4052977.66892857
75377,4350572.16856667
75378,4658697.0520619
75379,3971202.14016666
75380,5447469.92033334
75381,3799801.3244381
75382,3984260.46687778
75383,4508025.85486666
75384,4203608.49838333
75385,3968851.97663333
75386,4061292.0611
75387,4659864.82023334
75388,4185968.595
75389,2972621.39557143
75390,4746736.7428
75391,4149651.5529
75392,4505228.49206667
75393,4402233.07456667
75394,4183948.4911
75395,4607785.22433333
75396,4324684.0731
75397,4384228.15435714
75398,4215819.22062857
75399,4407380.72633334
75400,4160541.22327619
75401,4672556.3370619
75402,3992267.00253334
75403,4438382.9389619
75404,3740544.68993334
75405,3737255.94404445
75406,4798472.41202857
75407,4603843.8045
75408,4290208.89839524
75409,4905594.06966666
75410,4491684.9576
75411,5376075.9365
75412,4087117.63562381
75413,4211281.86436667
75414,4476341.6445
75415,4615370.63843333
75416,4892375.46193333
75417,4515016.41941111
75418,4345767.6053
75419,4699633.8461
75420,5114961.5882
75421,4175863.80693333
75422,3992270.04397302
75423,4806345.46589524
75424,4515876.47061587
75425,4143361.38943333
75426,3748644.49283333
75427,3425054.0958
75428,3756993.73493334
75429,4072070.36376667
75430,4591258.3465
75431,4796497.7841
75432,3615990.98026667
75433,4425602.2532
75434,4622436.99036666
75435,5490757.83646667
75436,4782618.54566111
75437,4159424.4506
75438,4296034.20283333
75439,4466983.17561905
75440,3935800.43736667
75441,4359393.9778
75442,3620289.7109
75443,4255121.26682381
75444,4010365.31024286
75445,3658018.63296191
75446,4378547.58993333
75447,4568579.7088
75448,4596360.8007
75449,4434139.48983334
75450,4547986.7871
75451,4087523.10839048
75452,4652234.72052381
75453,4200117.32833333
75454,4559790.4872
75455,4095349.66311111
75456,4269722.65686667
75457,4323117.28895714
75458,3899567.61283333
75459,3407831.17020635
75460,3685867.17054444
75461,4567543.45246667
75462,4391572.05234444
75463,4857520.70433333
75464,4572734.7495
75465,4082626.30572381
75466,4233345.6547
75467,4888995.60399047
75468,3981701.65161111
75469,4810480.4511
75470,4100786.0521
75471,4615293.24279524
75472,5228320.66626667
75473,4413783.06475238
75474,4771954.1204
75475,4562065.38169524
75476,4580190.35813809
75477,4644706.56556191
75478,3693156.01949683
75479,4185152.58716667
75480,5747604.3397
75481,4136856.58461905
75482,3608720.39486667
75483,3958705.43986667
75484,4752766.56716667
75485,5086103.25196667
75486,2924714.24283333
75487,3477883.43425397
75488,4906998.73091905
75489,4347807.38716666
75490,4192758.59466667
75491,4539967.614
75492,3548087.96917778
75493,3242336.65433333
75494,3998019.3137
75495,4613853.2894
75496,4000381.79967778
75497,4403552.56429048
75498,4229105.56786667
75499,4277421.59714444
75500,4065920.31766667
75501,5403038.3202
75502,4749786.19387778
75503,2822162.91396667
75504,4127964.6448
75505,4179717.89753334
75506,3529929.48293016
75507,3827427.7798
75508,3164490.5941
75509,4060932.2102
75510,4024008.00609524
75511,4609446.96081905
75512,4495611.9636
75513,4798598.37736667
75514,4218264.50336667
75515,5084089.77663333
75516,5419433.8772
75517,4804626.49006667
75518,3872360.30336667
75519,4264701.08566667
75520,3723949.43582857
75521,4396264.27323333
75522,4214616.9504
75523,5332903.74246667
75524,3902348.68485714
75525,4110712.68267619
75526,4503123.66156667
75527,4060261.14083333
75528,4487696.79794444
75529,3794461.7944
75530,4522590.5491
75531,4741278.45736667
75532,3734383.50557143
75533,4741470.24313333
75534,5683621.1134
75535,5355207.54636667
75536,4433279.89435238
75537,4575738.0894
75538,4092777.60026667
75539,4284118.78253334
75540,3613873.62023334
75541,4644364.57056667
75542,5140780.84553333
75543,5128703.74726666
75544,3187884.04520953
75545,4693174.9238619
75546,3575643.65006667
75547,4749390.02573333
75548,4255869.90473333
75549,3853795.06442857
75550,5268188.1259
75551,4369680.76946667
75552,3796568.61325873
75553,4710603.06602857
75554,4098737.2582
75555,4398313.54429524
75556,3676060.48175397
75557,4406202.80996667
75558,4364440.06613333
75559,4227722.4294
75560,4882663.08456666
75561,4064779.49233334
75562,4365247.6758
75563,3566219.37194444
75564,4412302.87833333
75565,4708489.14131429
75566,4185024.82506667
75567,4057729.8188619
75568,4299526.90846667
75569,4791015.85466667
75570,4630519.43123333
75571,5161539.63526667
75572,5048540.3182
75573,3967230.32046667
75574,4290168.54
75575,4999215.43906667
75576,4127538.91464444
75577,4171553.2326
75578,4440778.3037
75579,4473075.09903333
75580,2814041.9095381
75581,3718805.9737254
75582,4436395.81833333
75583,5687083.26493333
75584,4157832.47404762
75585,4699104.99036667
75586,4513975.86683333
75587,3447632.08905397
75588,4764895.29703334
75589,4514061.84483334
75590,3762109.30207778
75591,4034668.88752381
75592,4542282.0777
75593,3837743.57433333
75594,4682176.08553333
75595,4407227.31783333
75596,4304194.0922
75597,3849924.32891111
75598,3097485.23463333
75599,4124687.2134
75600,4612242.37523333
75601,4202245.61335397
75602,4880141.93323333
75603,4403971.0488
75604,4942022.2431
75605,5409414.2556
75606,4725905.0625
75607,4169621.83306667
75608,3870972.58677778
75609,2903954.28240476
75610,4980229.20016666
75611,5174227.66423334
75612,4275331.75744445
75613,4667732.17443334
75614,4361105.76079524
75615,3763449.266
75616,2522619.83954286
75617,3607864.35929524
75618,4726129.0243
75619,4443561.64326191
75620,3890062.13906191
75621,4472240.6104619
75622,4381022.89306667
75623,4631543.9153
75624,4957625.186
75625,4141867.30000159
75626,4926908.22308571
75627,5342933.86856667
75628,4511498.68744444
75629,4318330.1359
75630,3664372.4523
75631,4111113.1197
75632,5202693.58843333
75633,4840907.9173
75634,3024800.46382381
75635,5155794.65813333
75636,2448199.79299048
75637,5307576.27486667
75638,4025993.16200952
75639,4670498.66066667
75640,4046690.125
75641,4688660.66947619
75642,4274313.35277778
75643,3802375.2826
75644,5315975.68766666
75645,4133543.65193333
75646,4334429.74059524
75647,4168296.52037778
75648,4197941.40686667
75649,5537583.70336667
75650,4265717.79361905
75651,4407763.6882
75652,4415718.62911667
75653,5063909.2379
75654,3972570.38103333
75655,3794576.82935238
75656,4847992.22576667
75657,4398807.1228
75658,4309655.10158571
75659,4987412.95506667
75660,4088423.25993333
75661,3605802.6459
75662,3992283.53946667
75663,4036095.6018
75664,4006484.16875714
75665,3916041.3202
75666,5576743.91346666
75667,4340009.13819048
75668,4535923.45616667
75669,5071163.25186666
75670,4586089.37029524
75671,4289986.8888
75672,3574887.58374762
75673,3121038.26756667
75674,5217831.1018
75675,4029076.33656667
75676,3410695.95584444
75677,3748848.7851381
75678,4640623.29414762
75679,4153521.74655714
75680,4644588.84786667
75681,4413205.28436667
75682,3139881.07770952
75683,4752908.2632
75684,4110792.5122
75685,4494190.93701111
75686,4397483.05044286
75687,5042572.99257143
75688,4871981.21443333
75689,4236299.1446
75690,4601327.63883333
75691,5036597.23046667
75692,5449271.52905238
75693,5223468.42623333
75694,4743211.91506667
75695,3910190.50181111
75696,4537777.02733333
75697,4107336.74439286
75698,4159091.17303334
75699,3901069.99766667
75700,2569295.81760952
75701,4076501.15966667
75702,4954168.82526666
75703,3792925.25826667
75704,4432040.87863333
75705,4082227.30479048
75706,2339180.41724286
75707,4328219.8836
75708,3967133.6747873
75709,4632602.00356667
75710,3312744.30071111
75711,5517094.93806667
75712,4579945.00516666
75713,4480023.21209524
75714,3806560.54699524
75715,3665516.88676667
75716,4585131.28816667
75717,4487291.38928571
75718,4411349.9014
75719,4309699.32257778
75720,3687548.94461905
75721,4746170.36566667
75722,3751502.79274445
75723,3152879.30586667
75724,4191211.14241111
75725,4558235.9607619
75726,3848116.5944
75727,4045206.23252857
75728,3997746.30587778
75729,4930462.90613333
75730,4798799.25923333
75731,4280515.1966
75732,4641865.6801
75733,4393759.3347
75734,5169860.6975
75735,3097369.12281111
75736,4647219.68029524
75737,4233228.4424
75738,4378095.22933333
75739,3949103.37672857
75740,3517536.0798
75741,3852045.90797778
75742,3612877.7612
75743,4923688.5636
75744,4208291.46741111
75745,3209842.68897143
75746,5305576.8028
75747,4029174.40724445
75748,4036204.5545381
75749,4854905.77443333
75750,5498152.80333333
75751,4470348.75752857
75752,4153628.21306667
75753,5199705.09183333
75754,4983672.13956666
75755,3864855.26816667
75756,4360772.22983333
75757,3719290.75782857
75758,4417071.43021428
75759,4283939.39373333
75760,3399971.54436667
75761,5474742.2060619
75762,5285785.25893333
75763,4415531.52269524
75764,3867751.32964286
75765,4797459.16626666
75766,4220868.54873334
75767,4107292.01982857
75768,3610646.37990476
75769,3847196.72616667
75770,5393827.31253333
75771,4466027.33983333
75772,4488269.74391111
75773,3924383.28137778
75774,4027770.76643334
75775,4271707.14435714
75776,4173459.5868
75777,4661882.61823334
75778,4525587.53193334
75779,4673046.58095
75780,4782483.62226667
75781,3949682.70729524
75782,3599728.14963333
75783,3393816.241
75784,4245002.24294444
75785,5047036.73753333
75786,3174232.74354445
75787,4568166.93956667
75788,3478012.52009524
75789,5300714.88815238
75790,2988262.65725873
75791,4431930.68733333
75792,4062507.6838
75793,3455939.096
75794,4297689.50360952
75795,3812335.21826667
75796,3877809.55366666
75797,5402939.24043333
75798,4659907.25013333
75799,6152546.03306666
75800,4571140.6537
75801,4661530.86873333
75802,3206939.7588
75803,4171893.64032063
75804,4387866.5903
75805,4417371.25216667
75806,4621098.30276667
75807,4946795.9554
75808,4587921.27746666
75809,4603359.18123333
75810,4290179.09434286
75811,4640053.51243334
75812,5073061.13966667
75813,4625487.9665
75814,4134925.01012063
75815,4744649.89303333
75816,3989331.32683333
75817,3139405.75507143
75818,4998069.03126667
75819,3791724.70862063
75820,4914986.35112857
75821,4258916.18134444
75822,4727454.93483333
75823,3959625.32025715
75824,3840091.6015619
75825,4577130.4875619
75826,5286547.67511905
75827,4092828.85856667
75828,4564862.4583
75829,4514972.5522
75830,4924657.27826667
75831,4480421.38052063
75832,4507261.2238
75833,4573338.14053333
75834,2473976.30150953
75835,4177637.4741619
75836,3790567.79468571
75837,5201376.37845238
75838,3653958.1494
75839,3650017.70353334
75840,4565587.74018571
75841,4634296.09412381
75842,4252560.40823016
75843,4907069.44453333
75844,4927420.56216667
75845,4052465.60701111
75846,3586579.55206667
75847,4520993.23823333
75848,5964664.8698
75849,4468774.591
75850,4317921.93653334
75851,4723429.97856667
75852,4059065.7874
75853,4300060.74083334
75854,4292541.15274286
75855,4579899.22683333
75856,4693887.22443334
75857,4732195.29739524
75858,4198868.34071111
75859,4840900.6429
75860,3939846.50783333
75861,3332442.96932857
75862,4169498.6364
75863,3020869.3536873
75864,3789816.35903333
75865,4774892.8731
75866,4293916.83984444
75867,3737584.07936667
75868,4461953.90766667
75869,4919924.18855238
75870,4762775.36853333
75871,3664703.35263334
75872,5027900.4339
75873,4399529.419
75874,3430567.79863333
75875,4039504.92034444
75876,4690299.47173333
75877,4967479.80149524
75878,3672317.70813016
75879,4457617.06796667
75880,4638471.2254
75881,4170777.08036349
75882,4213079.94251905
75883,5289987.84733334
75884,4445482.12876667
75885,4027678.76244445
75886,3748812.20784444
75887,4536131.81435238
75888,4628508.36323334
75889,3722212.55763333
75890,4843568.49849524
75891,4122461.71896666
75892,4065579.97809524
75893,4994885.95953333
75894,4873586.12666667
75895,4180965.58027778
75896,4820057.7302
75897,3657140.44763333
75898,4110621.82656667
75899,4984570.52823333
75900,4603241.91963333
75901,4823066.04156667
75902,4095404.85221111
75903,3750918.14827778
75904,4680363.20598571
75905,3797629.60563333
75906,4930845.09562857
75907,4204789.97953333
75908,4897985.03846667
75909,4733513.8739
75910,4381884.29211111
75911,4462509.9165
75912,4313834.88393334
75913,4458264.81996667
75914,4998267.01083333
75915,4069831.8445
75916,4873163.7277
75917,3487457.59791111
75918,4223710.0953
75919,2917883.08704762
75920,4436321.75518095
75921,3762216.01613333
75922,4547809.66896667
75923,3906972.2358
75924,5230871.29333333
75925,4674281.53923016
75926,4647122.62716667
75927,4598899.55916667
75928,4278861.3506
75929,4207008.84513333
75930,3442356.38968254
75931,4174700.52033333
75932,4048790.82323333
75933,4546196.11116667
75934,4100391.81889524
75935,4231270.36213333
75936,4327608.19034444
75937,3525726.94640476
75938,4444614.37426667
75939,4325158.9525
75940,4896543.18093333
75941,4482629.38196667
75942,4347366.27473333
75943,4522969.9053
75944,5183965.81902857
75945,4313862.99006667
75946,3515095.3051873
75947,4790389.56753334
75948,4581188.27743333
75949,4543200.27703333
75950,4384473.09586667
75951,4629024.299
75952,2980428.08767143
75953,4091517.6623
75954,5048916.35721905
75955,4080765.98626667
75956,4269812.95513333
75957,3757412.09716191
75958,4497619.9699
75959,4068374.3395
75960,4339234.97191111
75961,4106125.09326667
75962,4703803.33763333
75963,4889485.07733333
75964,4210275.71205238
75965,5072159.09303333
75966,4561392.8182
75967,4392276.85309524
75968,4768640.68826667
75969,4119784.97516667
75970,4417878.5798
75971,4522276.4855
75972,3049315.11596667
75973,4294075.2326
75974,4039600.61759048
75975,4425766.2159
75976,3989895.69592381
75977,4398500.5392
75978,4334999.87416667
75979,3734789.63393334
75980,3983733.96113968
75981,4657272.59838333
75982,4975652.14463334
75983,4699492.52036667
75984,3639704.16606667
75985,4941281.38686666
75986,4002128.5322
75987,3556295.529
75988,5216862.22606667
75989,4462390.04891667
75990,3970309.20033334
75991,3298308.81019524
75992,4616814.55583334
75993,5322508.31753333
75994,4778055.32113333
75995,3993935.46752381
75996,4254309.92608571
75997,4282766.2594
75998,4281060.31833333
75999,5180128.08606667
76000,4963266.61116667
76001,5173960.91166667
76002,4308211.81070476
76003,4692839.37076667
76004,3439314.11436667
76005,4471073.81553333
76006,4179791.1136
76007,4382508.53816191
76008,3960456.09006191
76009,4562279.3359
76010,5052960.94133333
76011,4983980.63343333
76012,4811049.05063333
76013,4443598.88884762
76014,4837671.50616667
76015,4879846.0986
76016,3771100.25511905
76017,4160836.34043334
76018,3697935.56766667
76019,3702514.31186667
76020,3899824.81512381
76021,4642176.6708
76022,4096892.1451
76023,3224767.3336
76024,4510848.94189048
76025,4237186.16503334
76026,4454571.01233333
76027,4791864.51486666
76028,4760608.3752
76029,5149196.19276666
76030,4542779.59886667
76031,5117601.87956667
76032,4421161.27496667
76033,4905213.71113333
76034,4842042.786
76035,3846487.7911
76036,4746018.49586667
76037,4141231.36803333
76038,3879460.13956667
76039,5019813.38383333
76040,3421882.54722381
76041,4491980.60376667
76042,4259207.04498095
76043,4261890.98246667
76044,3865239.86873333
76045,4314519.2628
76046,4046690.125
76047,4032058.4714381
76048,4029694.67462064
76049,4827214.89286666
76050,3337390.7681
76051,4800911.44306667
76052,4941904.548
76053,3744216.92114444
76054,4917325.42186666
76055,4050382.11892381
76056,4018585.64496667
76057,3632022.25050952
76058,5507651.1582
76059,5241000.6128
76060,4679546.92093333
76061,4409191.10076667
76062,4973293.83673333
76063,4877841.8651
76064,4516066.92762857
76065,3068331.75920952
76066,4576343.72093333
76067,3543168.65996667
76068,4434236.49303333
76069,4937525.02555714
76070,3749965.37353334
76071,5014712.64753333
76072,5471837.2993
76073,4528560.34546666
76074,4435879.8977
76075,4423834.5161
76076,4753641.43516667
76077,3850416.27936667
76078,4701884.95686667
76079,4399256.36585714
76080,4686046.49723333
76081,3526482.8079
76082,4276147.68283334
76083,4527785.45214762
76084,4576711.32726667
76085,5242650.572
76086,4795226.52293333
76087,5045191.14993333
76088,4192799.33916667
76089,4356308.1682
76090,4440170.62106666
76091,4068828.2035
76092,4127354.58186667
76093,3902460.05821111
76094,4136378.6735
76095,3782361.12704445
76096,4422459.08243968
76097,4864226.28536667
76098,4582116.4528
76099,4627784.50586191
76100,5536219.1021
76101,4676753.1106
76102,4666995.71684444
76103,4186597.2923
76104,4290332.46480952
76105,3280552.3713
76106,4212454.92243333
76107,5013856.07686667
76108,3872685.08850953
76109,4521892.82544444
76110,4628504.39243333
76111,3318239.76343333
76112,4545093.59126666
76113,4086569.71623333
76114,5162711.59376667
76115,4209209.84347619
76116,5230528.82301111
76117,4393347.65933809
76118,4570547.82600476
76119,4854758.82826667
76120,4153640.1559
76121,4578909.53516667
76122,3833770.95332381
76123,3876390.80242857
76124,4463774.13073333
76125,4104230.8837
76126,3379754.9504
76127,4021180.47161111
76128,3889173.18347778
76129,3984214.66036191
76130,4216182.3965
76131,4058783.31093333
76132,3962009.46063334
76133,4642167.74913334
76134,5478848.93013334
76135,4094508.40423333
76136,4151181.69446667
76137,4430892.84613333
76138,4201210.32533334
76139,4282824.74657778
76140,3357425.33719524
76141,4368201.51093333
76142,3639626.92634762
76143,4058716.6483
76144,4751677.8188619
76145,4351981.5448
76146,5128306.5679
76147,4404921.68366667
76148,4436240.7141
76149,3606704.2852
76150,4309014.5516
76151,4462675.8471
76152,3466475.41026667
76153,4886997.38064444
76154,4582971.70676666
76155,5164685.6009
76156,3850144.4320619
76157,4333880.34822857
76158,4610061.3145
76159,4150378.39366667
76160,5014915.99766666
76161,4295710.29156667
76162,3686520.998
76163,4201866.30016667
76164,4479772.40876667
76165,3825836.88754445
76166,4944679.61842857
76167,3022767.93846667
76168,4882566.8139
76169,4369253.65096191
76170,3943650.13163334
76171,5040104.27462857
76172,3801694.54752857
76173,5098893.28578571
76174,4681765.493
76175,5124920.52705238
76176,5301500.42382857
76177,4905047.45023333
76178,3698985.48634286
76179,5025540.02784444
76180,4022643.2703
76181,3220063.09003333
76182,4229332.8834
76183,4187895.11869524
76184,2440346.55334286
76185,3779962.1566
76186,4387175.84816666
76187,4793687.88853333
76188,4204641.44211111
76189,4822407.06764444
76190,3951996.97614762
76191,3284026.30497778
76192,4767011.60674444
76193,3894967.6511
76194,5357505.5489
76195,4037695.32917302
76196,4529462.2564
76197,3901283.60224444
76198,3934297.72695714
76199,4221869.81959048
76200,3886224.89586191
76201,4038537.78333333
76202,4488819.0426
76203,3259025.13030476
76204,3796526.62426667
76205,4359144.955
76206,4577934.24666667
76207,3488949.86662064
76208,4200029.4891
76209,3567278.83402381
76210,4320741.68952857
76211,3761689.95906667
76212,3522158.82679048
76213,2867005.48197143
76214,3715473.34017778
76215,4908763.73143333
76216,5412497.18346667
76217,5107341.6058
76218,5227393.13233333
76219,3907715.81408572
76220,4417476.3669
76221,4890022.56462857
76222,4266111.65416667
76223,5123070.57866666
76224,4337165.69759524
76225,4074052.3172
76226,3840929.7683
76227,4024541.28233334
76228,4294459.25916667
76229,4184355.39576667
76230,4148996.34733333
76231,3781631.70838096
76232,3969945.70566667
76233,4630387.18463333
76234,3593276.02631905
76235,4326472.73393333
76236,4006248.60818572
76237,3424515.81636667
76238,4487536.37193016
76239,4187899.37401111
76240,4628487.80203333
76241,4067337.9757619
76242,3210338.29380477
76243,5408508.25436667
76244,4409210.2292
76245,4895155.06666667
76246,4501133.38193333
76247,3838041.71536667
76248,4304412.60428571
76249,5039872.4688
76250,5029195.2505
76251,3937921.15114445
76252,4791524.5813
76253,4491942.1568
76254,4830550.65213333
76255,4179386.7298
76256,4648408.27533334
76257,5192166.8167
76258,4920359.02326191
76259,4437401.88470952
76260,3469622.55737619
76261,4510692.5322
76262,4674525.40606666
76263,3979275.94026667
76264,3316537.83261429
76265,5110612.70133334
76266,3021133.55095397
76267,4916149.61913333
76268,4061186.42721111
76269,4608135.77446667
76270,3657765.89858254
76271,4579264.31326667
76272,4135401.91612857
76273,4651073.914
76274,4645921.63806667
76275,4043711.37526667
76276,4143043.88683333
76277,4578678.4418
76278,4836372.88663333
76279,4299440.33766667
76280,4056443.71137778
76281,4201876.87109524
76282,4479475.11983333
76283,3181981.31495397
76284,4976966.01408571
76285,4622299.06888095
76286,3884356.75143809
76287,4653777.12066667
76288,5023444.91403333
76289,4034735.0004
76290,4365162.71857778
76291,4927849.67392857
76292,3979176.75332539
76293,3912149.37489524
76294,4606512.40072381
76295,4479322.15061666
76296,4060119.4358619
76297,3607984.2979
76298,3789786.22123333
76299,4439463.0754
76300,4379467.72163333
76301,3178917.30591429
76302,5173638.32443333
76303,3597685.49677778
76304,4384585.54515397
76305,4540972.64251111
76306,3872936.56166667
76307,4131158.17216667
76308,4867943.45846667
76309,3273769.31837619
76310,4614999.41993333
76311,4706581.2919
76312,5072294.03370952
76313,4452890.53635238
76314,3913948.53569524
76315,4049656.78831429
76316,4317627.86556667
76317,5274455.3343
76318,4651792.8943
76319,3594318.5456
76320,3887006.62453334
76321,5745906.8346
76322,4096727.43383333
76323,3961441.2408
76324,4155022.25556667
76325,4854250.94226667
76326,3961742.87533333
76327,4556003.82134286
76328,2988945.99942857
76329,4241431.43913333
76330,4156532.7898
76331,4853435.83583334
76332,4670455.23906667
76333,4295523.38476667
76334,3936125.124
76335,3958337.50877778
76336,4925389.69466349
76337,3860739.73783334
76338,4302123.70753333
76339,4395009.0071
76340,3605803.64339206
76341,4194426.22596191
76342,4279695.45123333
76343,3990101.68646667
76344,4343489.49317619
76345,4834791.8486
76346,2502424.85356825
76347,3809518.97916191
76348,4532056.20386667
76349,4167272.422
76350,3899613.88633333
76351,4831083.5531
76352,5523511.80029999
76353,4650504.46936667
76354,3869607.52994762
76355,3740216.21083333
76356,4275226.65783333
76357,4610604.33393334
76358,4563863.02927143
76359,4741072.2435
76360,4046699.67516667
76361,4341365.64663333
76362,4329841.25106667
76363,5023411.59261905
76364,2927344.02634286
76365,4220809.525
76366,3853878.54896667
76367,4094564.8141
76368,3403681.53721111
76369,4697541.15133333
76370,4418463.04616667
76371,5465334.62766666
76372,4690805.53229524
76373,5392270.16636667
76374,4767768.64893333
76375,4176719.43703333
76376,3284821.17917778
76377,5000002.34966667
76378,2468406.3349
76379,4141392.3029
76380,4430766.9902
76381,4313675.46073333
76382,4474923.3109
76383,3454686.02280952
76384,4736105.37753333
76385,4674956.83893333
76386,5132461.0092
76387,3574673.81083334
76388,3536592.65446667
76389,3735823.71714444
76390,4349971.37683333
76391,4514741.79453333
76392,4627448.42856667
76393,4766359.79863333
76394,4221082.76666667
76395,3976201.25976667
76396,5207792.40626667
76397,4886243.4377
76398,5183333.1715
76399,5273649.9281
76400,3647911.69296667
76401,4007646.18093333
76402,4556337.9909
76403,4869889.74736667
76404,4871199.3409
76405,5392762.8838
76406,4001438.7652
76407,4469407.59968095
76408,6198343.33286667
76409,4546281.3432
76410,3566504.72961111
76411,4779000.41336667
76412,4354146.6278
76413,2781941.16051111
76414,3426752.37679524
76415,4695961.0785
76416,5187587.64496667
76417,4385127.56896667
76418,4431161.25941905
76419,3415196.47112857
76420,3325071.6515
76421,3985254.5535381
76422,4035154.39792381
76423,5262925.15526667
76424,4866306.85343333
76425,4276592.34587143
76426,3715671.9481
76427,4894797.71123333
76428,4230351.86374444
76429,3289764.47810476
76430,3851714.22443333
76431,4462566.8486
76432,4137908.6351
76433,3378637.39979048
76434,3210743.42679048
76435,3419602.28706191
76436,4436190.9348
76437,4928105.1857
76438,4829532.26046667
76439,4182178.3768
76440,4936660.58276666
76441,4782409.30746666
76442,4651128.24086667
76443,3993778.82061905
76444,4533869.494
76445,3385806.28976667
76446,4268280.08454445
76447,4827677.5891
76448,3717082.25117143
76449,4014422.94335714
76450,4795972.06643334
76451,4013925.72446667
76452,4467557.0226
76453,3775477.2643873
76454,3551730.33157143
76455,4582435.8924
76456,4702546.82996667
76457,4090613.93903333
76458,4349209.10131667
76459,4710560.08476667
76460,4780304.30853333
76461,3842089.46423333
76462,4045022.87350476
76463,4602864.5473
76464,3755320.06138095
76465,4554129.54693333
76466,4826116.8674
76467,5337029.9812
76468,4385564.5805
76469,3173646.1797
76470,4626270.33175715
76471,4588143.43066667
76472,2454491.41588095
76473,4364181.4713
76474,4796214.15756667
76475,4838084.49063333
76476,4079570.36835238
76477,4212519.73974444
76478,4586217.41186667
76479,4456102.655
76480,4023066.89536666
76481,4422725.69473333
76482,4132058.01533334
76483,4751620.92596667
76484,4716429.08140635
76485,5182033.47163333
76486,4826782.0052
76487,4491958.29520952
76488,4845516.50773334
76489,4858279.83172857
76490,3639763.7284
76491,5012724.932
76492,3960840.62021111
76493,4389088.43356667
76494,3525335.2875
76495,6003078.68746666
76496,3958321.06203334
76497,4084424.84223333
76498,2351821.31620952
76499,4289621.94723333
76500,4193627.81166667
76501,5060647.60316667
76502,4835249.76462857
76503,4603311.7231
76504,3389610.69055238
76505,3699122.35403333
76506,4604533.47418572
76507,4105358.03703333
76508,3206421.30677143
76509,3901270.33760476
76510,4729264.84413333
76511,4291249.8999619
76512,4914520.27306667
76513,4771525.4067
76514,4951910.52206666
76515,4098184.24525715
76516,4199021.95486667
76517,4556332.90931905
76518,3928968.18783333
76519,3034391.4525
76520,4114374.04106667
76521,4133867.46616667
76522,3911180.07936667
76523,4882831.5216
76524,5442009.25803333
76525,4293442.73265238
76526,4965239.67316667
76527,3664583.1594
76528,4272708.3396
76529,4128024.11213333
76530,4053270.0235
76531,4668298.5381619
76532,4761942.74686667
76533,5442331.82406666
76534,4348801.78505714
76535,4577298.9308
76536,5005108.00786667
76537,4019065.87296667
76538,4635154.88556667
76539,3989093.60149048
76540,4075089.11376667
76541,4188275.7906
76542,4644867.5831
76543,5262512.6585
76544,4323209.26857619
76545,3136751.01476667
76546,5077581.42293333
76547,4751304.17212857
76548,3800406.0436
76549,4507066.27913333
76550,3816614.15465238
76551,4666599.69526666
76552,4095097.17053333
76553,3960700.97026667
76554,4735851.9584
76555,4270160.93290635
76556,5637096.3418
76557,4586161.43656349
76558,3966513.46644445
76559,4451085.1265
76560,3854043.46969524
76561,4552668.35526349
76562,3772798.16200635
76563,5457012.4208
76564,3272696.56470159
76565,5110002.05303333
76566,3150304.78626667
76567,4000565.1154
76568,4799551.33356666
76569,4066268.6705
76570,4959577.80726667
76571,4340000.43614762
76572,4981693.73376667
76573,4163624.17420952
76574,4521358.67433333
76575,4757042.3756
76576,4577158.4549
76577,3504297.8304
76578,4161334.48816667
76579,5035877.61506191
76580,3453307.214
76581,4033511.87843333
76582,3503524.51834286
76583,4319302.95516666
76584,4368633.5814
76585,4763831.0896
76586,4011452.87413333
76587,4370249.12103333
76588,4440933.4497
76589,3461882.23976667
76590,4061601.00712857
76591,4586467.71680476
76592,4021979.3113619
76593,4790899.39207143
76594,4788730.57073333
76595,4764810.04266667
76596,3549045.49613334
76597,4644027.05634286
76598,4467927.4067873
76599,3992497.32700476
76600,5095835.68823333
76601,4529956.5868
76602,4079715.35031429
76603,4938027.49596191
76604,3828532.49946667
76605,3757282.93423334
76606,4589621.48934286
76607,4258670.21966191
76608,3762067.83457778
76609,3456779.92894286
76610,5510451.8579
76611,4966970.7579
76612,3580428.83859683
76613,4721134.3949
76614,3371427.99181111
76615,4645730.37856667
76616,4744952.90363333
76617,4149914.03118571
76618,3979449.35357778
76619,5083372.24136666
76620,4437397.5137
76621,4546656.36793333
76622,4054471.98140476
76623,4197741.0181619
76624,4938435.36613333
76625,3695715.50526349
76626,4604502.43169524
76627,5540668.7207
76628,5070823.1598
76629,5054190.3418
76630,4317834.94863333
76631,4763130.73162857
76632,3841229.78546667
76633,4732604.33743333
76634,4321003.3622619
76635,4773015.61486666
76636,4151206.55226667
76637,4068014.61236667
76638,4551047.59333333
76639,4661773.61975
76640,4621122.003
76641,4432237.0934
76642,4700107.63689524
76643,4622463.51623333
76644,4310095.933
76645,4688171.41706667
76646,3736486.82376667
76647,4713481.88436667
76648,4224363.41016191
76649,4536860.8229
76650,5338496.31723333
76651,4361901.9543
76652,5416638.0567
76653,4659579.97976667
76654,4495136.55473333
76655,4787630.5914
76656,4592649.4292
76657,4490228.67549524
76658,4700230.87536667
76659,5342670.42443333
76660,4493877.20868571
76661,5367279.82961905
76662,4817987.50933333
76663,4237361.15673333
76664,2919591.3991873
76665,4425031.25096667
76666,4343182.5035619
76667,4158841.3334381
76668,4652281.29506666
76669,4253068.9581
76670,3284046.001
76671,3966904.1068
76672,3931895.92191111
76673,4512145.94390952
76674,4572245.3481
76675,3980802.79646667
76676,4642614.9355
76677,4376132.96297778
76678,4190894.51251905
76679,5597157.01546667
76680,4017419.55131111
76681,3620130.53537778
76682,4600097.6274
76683,3890198.80375715
76684,4436746.58220952
76685,2455485.03608095
76686,4063221.28934444
76687,4329726.59526667
76688,4304419.31853333
76689,3657320.5808
76690,4563686.5017
76691,3755723.1154
76692,5575190.85493333
76693,4743024.8691
76694,2586726.94100952
76695,3691489.57294444
76696,4088877.24234444
76697,3768525.67540476
76698,4229916.4261
76699,5354205.3408
76700,4953698.22315238
76701,3990996.06346666
76702,4749581.38736667
76703,5049111.5684
76704,4245308.99778572
76705,4417312.10073333
76706,4438341.2046
76707,4541337.8467
76708,4414392.13836666
76709,4619207.13033333
76710,4921622.32555238
76711,4556374.60493333
76712,4571067.09106667
76713,3495869.88686667
76714,3849623.46447778
76715,3993155.33877619
76716,4314822.92673333
76717,5094378.06749524
76718,4335100.97384444
76719,3255311.2761381
76720,4605737.0693
76721,3886770.0021
76722,4685837.2277
76723,4000264.01303333
76724,4467413.69763333
76725,4095576.68706667
76726,3062169.37104762
76727,4838766.66273333
76728,4835653.56396666
76729,4524983.35206667
76730,4039370.1457
76731,3431277.82634286
76732,4213352.91679683
76733,4289174.98760952
76734,5142352.42263333
76735,4317074.1715
76736,3773919.49112857
76737,3985707.18186667
76738,4366957.88086667
76739,4293377.80566667
76740,4377856.777
76741,4808962.78186667
76742,4484366.8500619
76743,4862011.3886
76744,4649058.66336667
76745,3558024.41133333
76746,3626356.21626667
76747,4587649.46803334
76748,4803452.39233333
76749,3799780.4789
76750,4051260.75433334
76751,3431707.4091873
76752,4010868.5065
76753,3760825.77455238
76754,4648752.52466667
76755,6251805.12436667
76756,3399948.59339048
76757,4032661.15668095
76758,4433666.8173
76759,3804119.80492857
76760,3594922.00720476
76761,4022865.66137619
76762,4817898.6757619
76763,4929531.50863333
76764,3960697.47929524
76765,4175401.32927619
76766,4497673.5413
76767,4491342.64583333
76768,4556449.69046667
76769,3806173.31273333
76770,4400421.59723334
76771,5230914.82196667
76772,3652995.86527619
76773,4595864.6397
76774,3910675.94113333
76775,3830951.09680953
76776,3844416.29978095
76777,4451612.9154
76778,5219592.35943333
76779,4294676.07173333
76780,4044661.24845714
76781,4606348.79886667
76782,4831501.22773333
76783,4877921.8853
76784,4909148.76563333
76785,5149179.72906667
76786,4918980.78248095
76787,4360306.58673333
76788,4318617.34853333
76789,4394183.16287619
76790,4864866.27326666
76791,3893795.8986
76792,3424754.05092857
76793,4280716.93635238
76794,4326438.54693333
76795,4452461.75533333
76796,4861320.40706667
76797,3006839.43180476
76798,4706563.60302619
76799,4538414.23776667
76800,4675645.9358
76801,4625030.90669524
76802,5594402.06053333
76803,4344426.6079
76804,4542691.5941619
76805,4450166.43215238
76806,4129156.75466667
76807,3887376.42173333
76808,3818027.92466667
76809,4612983.78546666
76810,5129599.22178571
76811,4289266.44096667
76812,4989195.56994762
76813,4184025.32736667
76814,4654481.88745238
76815,5068203.5076
76816,4850039.1379
76817,4226911.57327778
76818,4074510.24349524
76819,4917024.0837
76820,3912273.53996667
76821,4481726.8491
76822,3125968.91092063
76823,4551552.97623333
76824,4447145.81656667
76825,4306495.5541
76826,4022934.96386667
76827,4717271.13516667
76828,4332093.8389
76829,4362851.2655
76830,4303192.59856667
76831,4405195.84453333
76832,4683259.621
76833,4230259.6138
76834,5199246.32032857
76835,3732969.9092
76836,4693997.76460952
76837,4917245.01983333
76838,4364679.3133
76839,5205275.49640953
76840,3201632.46642857
76841,4242326.79986667
76842,4427479.3044
76843,4349783.01413333
76844,3772362.91335714
76845,5359106.9487
76846,3521268.08344286
76847,3211187.7390381
76848,3923347.4889
76849,3996164.81426191
76850,4214972.67086667
76851,3796005.42266667
76852,4074698.9933
76853,3707374.06926667
76854,3942615.85963333
76855,4787365.86316667
76856,2948938.88144444
76857,3856290.80733016
76858,3761397.49491111
76859,5152214.5091
76860,4847201.85846667
76861,5092883.53703333
76862,4645216.0287
76863,5384869.30416667
76864,5169813.54652857
76865,4647443.79866667
76866,4272100.77696667
76867,4769604.49796667
76868,4493335.70056667
76869,4623251.88424444
76870,5217293.35323333
76871,4293328.8289
76872,4129789.48496667
76873,4762710.19553333
76874,4308685.6088
76875,4540059.8927873
76876,3935834.28822857
76877,4656957.3859
76878,4744649.89303333
76879,4238242.6811
76880,3329156.08726667
76881,3802617.31633334
76882,4030278.23966667
76883,4453121.14544444
76884,3993045.4389
76885,4249203.25659524
76886,4898780.73606666
76887,4661746.96114286
76888,3886774.03945714
76889,3775305.94183333
76890,5554620.89103333
76891,4818772.65186667
76892,4475637.21406666
76893,4811378.14406667
76894,3140043.8361
76895,3924080.91386667
76896,5674767.46473333
76897,3851401.94736667
76898,4217980.74486667
76899,4071116.46466667
76900,4551507.68441905
76901,3323394.81153333
76902,3247327.49482857
76903,3975601.422
76904,3785157.79877619
76905,5021002.52046667
76906,4930766.46833333
76907,4919838.1511
76908,5078634.05966667
76909,4795160.53167143
76910,3522252.07050953
76911,4602847.52109048
76912,4168875.25416667
76913,4576556.1263
76914,5235536.3124
76915,4434669.22535715
76916,4448403.2919619
76917,5738739.2685
76918,4433274.43529524
76919,4067596.63403333
76920,4388817.5305
76921,4392575.33906349
76922,5013111.2925
76923,4616107.8922
76924,3941720.45947778
76925,4770145.0419
76926,3965687.56166667
76927,4881669.65683333
76928,5324942.76216667
76929,3856392.85871905
76930,4037488.3433
76931,4715442.3426
76932,3708184.99684445
76933,4206116.13273334
76934,4057959.36443334
76935,5227024.60836667
76936,5005219.21796667
76937,3942726.88269524
76938,2844331.59032381
76939,4470571.50823333
76940,3542098.4631
76941,4064835.1818
76942,4275134.64392857
76943,4790933.18793333
76944,4210419.65299524
76945,4902339.49946667
76946,4209368.54291588
76947,5428464.96716667
76948,3928214.82242381
76949,3621008.23726667
76950,5033666.3613
76951,4111212.8901
76952,4395404.54043333
76953,3884797.26043333
76954,4346786.0873
76955,4946581.56353333
76956,4510020.67276667
76957,4937926.9404
76958,3276473.51717619
76959,3722300.11663334
76960,4299616.02378095
76961,5232470.46388095
76962,3807569.16682063
76963,4048433.19856667
76964,3879947.6951
76965,4001029.78303333
76966,4195814.96811111
76967,4345018.6554
76968,5077305.18986667
76969,5106473.55046667
76970,4458476.9481
76971,4367727.7038
76972,4705215.57262619
76973,3387666.62926667
76974,4367123.69186667
76975,4064670.33676667
76976,4702193.47253333
76977,5094657.37606666
76978,4484840.4306
76979,4095301.17832857
76980,4238268.7407
76981,4291425.99046667
76982,4486856.7547619
76983,4412809.33973334
76984,5156772.73536667
76985,4031235.08323334
76986,5454272.87846667
76987,3965662.65355715
76988,4057921.8151
76989,4139258.7918381
76990,4287070.6355
76991,3545968.02578095
76992,3668346.72294286
76993,4622908.11573333
76994,4094258.7839
76995,4923227.53683333
76996,3790464.66996667
76997,3896865.83168572
76998,4269395.95123333
76999,4454685.4044
77000,3803771.99733333
77001,4176562.34821111
77002,4779184.85693333
77003,4191173.73076667
77004,3875218.81836667
77005,4610489.5922
77006,4145552.39806667
77007,4925103.50243333
77008,2514206.32283016
77009,4635096.98016667
77010,4256908.79473333
77011,4096584.02992857
77012,4238345.324
77013,3892515.54786667
77014,4736879.20476667
77015,3590118.63993334
77016,5146009.69661905
77017,4357744.94196667
77018,4127207.90306667
77019,4794992.36873333
77020,3960510.4141
77021,4635092.7535
77022,4692274.1771
77023,4435616.42873334
77024,4646918.84671905
77025,4345118.607
77026,4221091.57426667
77027,3266845.44924762
77028,3969305.29567778
77029,4001438.7652
77030,4650410.45183333
77031,4722148.5592
77032,4546549.27743333
77033,4367849.7182
77034,4100207.92523333
77035,4327815.59293333
77036,4203675.33654286
77037,3209850.30527619
77038,4077036.65753333
77039,2424518.67333016
77040,4485766.44646667
77041,4441885.09977778
77042,4014243.55364445
77043,4139391.53187143
77044,4042717.4945381
77045,3736571.76183334
77046,5028414.47725238
77047,4371112.07446667
77048,5915247.2369
77049,4516600.60297143
77050,4056690.2522
77051,4327502.70043333
77052,5597254.45126667
77053,3235282.8427873
77054,4661035.14056666
77055,4224833.18876667
77056,2322955.28801111
77057,4129789.5498
77058,5028477.4286
77059,4765152.63413333
77060,4247972.02613333
77061,5126958.6956
77062,5301879.07676667
77063,4468147.43573333
77064,2839466.41513334
77065,4069578.84052857
77066,4520262.37571111
77067,3984438.32293333
77068,3710725.51616667
77069,4277999.04846667
77070,4633972.627
77071,4096624.51467778
77072,4702305.13916667
77073,4653787.59823333
77074,4747179.98853333
77075,5409130.8926
77076,4773626.8608
77077,4078195.0785
77078,5120606.71613333
77079,4112246.9933
77080,4612329.70503333
77081,4062388.46278571
77082,4826179.2393
77083,3723675.90003333
77084,4428037.7042
77085,4526877.1709
77086,3932719.6623
77087,3947401.956
77088,4472888.41503333
77089,4156731.4357
77090,4173038.61993333
77091,4513450.5915
77092,3664373.34611905
77093,4060957.27314921
77094,4621596.14255238
77095,4655692.66903333
77096,4431807.94826667
77097,4328630.0093
77098,5249270.7585
77099,4155876.96766667
77100,4595139.52609524
77101,3770767.24124444
77102,4467474.50216667
77103,3027755.591
77104,4203960.7054
77105,4796654.6141
77106,4546439.8969
77107,3386919.75356667
77108,5054200.5378
77109,3783279.9814381
77110,4220774.34644444
77111,3812924.33014762
77112,4586880.21715873
77113,3496514.99933333
77114,5305204.77256667
77115,3162768.80459206
77116,2656324.62397619
77117,4770584.39823333
77118,5012124.67953334
77119,3352856.39941111
77120,4169620.26066667
77121,4493082.09559524
77122,4070505.6109
77123,4046281.46380476
77124,4339872.57546667
77125,4337884.16186667
77126,3529324.98091111
77127,4136804.71453333
77128,4596615.12071111
77129,4964113.97086667
77130,4262177.46160635
77131,4957408.3907
77132,3343947.7497
77133,3484723.46119524
77134,5484557.72853333
77135,4223735.31355238
77136,4087671.6279
77137,4428384.68376667
77138,4730814.77206666
77139,5209162.82756666
77140,4800860.33795238
77141,3241668.26333333
77142,4979041.9027
77143,3935315.79813333
77144,4850417.28166667
77145,4145221.11053333
77146,4864543.5671
77147,4035299.78786667
77148,4440906.97366667
77149,5115376.7642
77150,5348945.25263333
77151,4926254.65263333
77152,4409309.68353334
77153,3909729.0666
77154,3697590.59266667
77155,4850472.48146667
77156,4131766.31166667
77157,4263269.44186667
77158,4689354.82788571
77159,5044037.58983333
77160,5198794.97059999
77161,4634628.64056666
77162,3925755.55876825
77163,4027131.05746667
77164,4762400.25374444
77165,3418912.66393334
77166,4749287.13743333
77167,4538437.69786667
77168,4561248.11088333
77169,3884017.27650953
77170,4363656.9534619
77171,4818100.8514
77172,5146168.82163333
77173,4437103.25973334
77174,4017810.02843334
77175,4913167.0611
77176,4167807.09663333
77177,4383388.21616667
77178,5052960.94133333
77179,3996403.84220952
77180,3446315.23210476
77181,3490781.98797143
77182,4412503.52422857
77183,4314439.0549
77184,2668313.0469
77185,4337163.29493333
77186,4381608.47871111
77187,2507641.82286667
77188,4446831.76993333
77189,4402689.47193333
77190,4942294.62506667
77191,4048553.1105
77192,3655062.76196667
77193,4467309.45423333
77194,3731149.03055873
77195,3868505.96277778
77196,4294415.4526
77197,5276023.562
77198,3549884.02990952
77199,4496275.72699048
77200,3279199.1339
77201,4452682.83023333
77202,4759462.41173333
77203,3930803.71933333
77204,4678996.29506667
77205,4361232.73790952
77206,3948370.20300952
77207,4532097.35353333
77208,3874889.4011381
77209,4726702.93017778
77210,3664421.6607
77211,4831304.55616666
77212,4124802.75150953
77213,4001064.66776667
77214,4802308.5504
77215,4573313.77253333
77216,4301667.4579
77217,4006701.16153333
77218,4218948.22093333
77219,5049129.52986667
77220,4489109.90066667
77221,4064719.0832
77222,4687442.8072
77223,2958506.00727619
77224,4512116.97103333
77225,4129550.60607778
77226,3888147.61909048
77227,3281288.86522381
77228,4670452.24609048
77229,3462007.533
77230,4885794.86233333
77231,4483421.1572619
77232,4429941.94113333
77233,4551740.57156667
77234,4635637.48487301
77235,4514677.36203333
77236,5235094.42663333
77237,4156788.08129524
77238,4320512.70386667
77239,4654917.24083333
77240,5087697.29813333
77241,4504203.02786667
77242,4330576.38524286
77243,5159902.66339524
77244,4401518.82183333
77245,4401805.57496667
77246,5127973.61146667
77247,4046343.46056667
77248,3980138.04503333
77249,4123840.3116873
77250,4607530.12006667
77251,4595106.95974921
77252,3914918.82986667
77253,3593527.50089524
77254,4174940.6921254
77255,4332219.74666667
77256,4643720.7222
77257,4192872.827
77258,4450203.65806667
77259,4530765.48216667
77260,3679033.96083334
77261,5588311.64733333
77262,4402913.44156667
77263,3977699.76415714
77264,4721536.5624
77265,3891363.80663333
77266,5065165.9187619
77267,3658373.05063333
77268,4600234.44004444
77269,3694395.38131111
77270,4050205.91983333
77271,4380445.84586667
77272,4050648.32322381
77273,3703289.51261429
77274,3240893.68424445
77275,4295747.35605714
77276,3941185.0795
77277,4124632.30254286
77278,4397623.98047778
77279,4064744.07836667
77280,2330323.81374286
77281,3686056.82747619
77282,4015987.10023333
77283,4636427.12988571
77284,5039424.2332
77285,4231457.07893333
77286,3493424.41271111
77287,4492503.30613333
77288,4993233.78165238
77289,3848578.7105
77290,4863807.09094762
77291,4764178.44826667
77292,4141989.67863334
77293,4427600.83363333
77294,3591815.22143334
77295,3657162.42855714
77296,4742214.98855238
77297,4128560.7492619
77298,5472118.29235238
77299,5335613.39573333
77300,4444950.58516667
77301,3939510.14287619
77302,4026427.09404445
77303,5103343.10936667
77304,4311174.84547619
77305,4072751.04626667
77306,3063431.55893334
77307,4608066.95476667
77308,5628661.78846667
77309,4631801.10283333
77310,3840555.5125
77311,4837626.997
77312,5142042.79706666
77313,4262315.889
77314,3655735.70843333
77315,4087023.69297778
77316,3666009.33293333
77317,4670989.66733334
77318,5138788.30336667
77319,3489843.14503968
77320,4534246.88083333
77321,4129216.78867778
77322,4625773.68876666
77323,3920771.29905715
77324,5072542.3675
77325,4562356.94208571
77326,4950075.06183333
77327,4505282.66666667
77328,4760306.93613333
77329,4251698.42383333
77330,4862077.5031
77331,4139323.14350952
77332,4118929.92445714
77333,4455769.3647
77334,4781083.7223
77335,5264829.61103333
77336,4467385.58506666
77337,4481615.48790952
77338,3833463.751
77339,4168870.02403334
77340,3880156.19093333
77341,4154020.85911905
77342,4367914.38412857
77343,3905907.99426825
77344,4190236.60074445
77345,3952366.56510952
77346,4259023.85043333
77347,4110995.44211905
77348,4632549.42143334
77349,4746407.45812857
77350,4572354.57336666
77351,4722858.1943
77352,2533051.54328095
77353,5084645.5731
77354,4000294.71402857
77355,4066538.03483333
77356,4315636.23353333
77357,3794141.66760476
77358,4552318.08896667
77359,4302387.65966667
77360,4005491.03766667
77361,4354965.4004619
77362,3606593.51113333
77363,4160323.73817143
77364,3014986.62449524
77365,4749390.02573333
77366,4403415.1986619
77367,4629848.8306
77368,4884857.04193333
77369,4837107.74002857
77370,4642855.84203334
77371,4054301.4727
77372,3032870.01166191
77373,4864828.03646666
77374,4262786.14846667
77375,4191800.17100952
77376,3692462.61111111
77377,4729872.9285
77378,3986510.09709048
77379,3961874.81047778
77380,3869581.50493968
77381,4980865.12880952
77382,3192220.82260953
77383,4521995.9999
77384,4263387.4325381
77385,3991438.4742
77386,4129808.16526667
77387,3490956.35481111
77388,3563005.98340952
77389,5538381.71576666
77390,5050131.18436667
77391,5252156.903
77392,3728607.13923333
77393,4880206.32313333
77394,4024906.22848095
77395,4669752.3263
77396,4153255.28025238
77397,4120200.15193333
77398,3953927.49183333
77399,3487591.94061429
77400,4491042.8466
77401,3169377.20203333
77402,5401769.3084
77403,4258655.221
77404,4814181.32685238
77405,4636677.58056667
77406,4458353.78263334
77407,4509854.13223333
77408,4131053.0885
77409,4620405.8892
77410,2715639.89707143
77411,3881385.67536667
77412,4253709.359
77413,4104008.29109524
77414,4398279.89096667
77415,4671159.1918
77416,5034708.11783333
77417,4630070.9562
77418,3723919.1907
77419,5015954.15173333
77420,4198708.06925238
77421,3998582.53308571
77422,4402218.29366667
77423,4315853.57496667
77424,4525453.83023333
77425,4246360.8283
77426,3909965.80823333
77427,4397080.84336667
77428,4636701.8383
77429,4597939.17376667
77430,4128615.6027
77431,4104230.8837
77432,5119095.1508
77433,4918129.48883333
77434,3878090.7746
77435,4194209.74994444
77436,4704859.30316666
77437,4311240.72176667
77438,4482660.09626666
77439,4258238.37745238
77440,3896612.06269524
77441,5269956.10766666
77442,4449669.59576667
77443,3784029.58266191
77444,4668174.53549048
77445,5026284.32423333
77446,4924846.87756666
77447,4565743.93154445
77448,3377081.31336667
77449,2856672.69736191
77450,4612019.70773334
77451,4504473.15020952
77452,3957935.67353333
77453,4715976.5494
77454,3281962.44086667
77455,4419913.44101667
77456,4774787.59685238
77457,5153175.87666666
77458,3525324.4322
77459,5119554.37391904
77460,3633753.2367
77461,4437103.25973334
77462,3422258.23673333
77463,4879210.4831
77464,4400653.6428
77465,4061373.1713
77466,4250456.23849524
77467,4497822.62224444
77468,4351339.99289524
77469,3433044.9929
77470,4397551.77326667
77471,4567184.4732
77472,4672023.9197
77473,4558177.2786
77474,4145191.41197143
77475,4763823.48853333
77476,4868735.2674
77477,5070668.30956667
77478,4651128.11915238
77479,4128313.08369524
77480,4226928.35126667
77481,4492816.7505
77482,3906116.41092857
77483,5418085.84996667
77484,4847349.21382857
77485,4830184.25613333
77486,4328493.66243333
77487,4157149.62153968
77488,4369511.8858
77489,4160916.94712064
77490,4270672.73156666
77491,4451231.13033334
77492,4570520.9191
77493,4759844.9155
77494,4975846.10466667
77495,3273160.8189381
77496,4282160.8806
77497,3577501.35435397
77498,4846487.01606666
77499,4299210.86774444
77500,5864693.86366666
77501,4355324.77066667
77502,4548457.23823334
77503,5078504.63467142
77504,3743136.2556
77505,4389762.65690952
77506,4435672.6799
77507,4511182.9983
77508,4579273.20142381
77509,4905982.9368
77510,3698124.15700476
77511,4869388.72133333
77512,3626284.1857
77513,4602299.061
77514,3993094.14666667
77515,4311850.13673333
77516,4711623.95686667
77517,4166689.42947143
77518,4348104.69423334
77519,4976726.26812619
77520,4834761.18966667
77521,4774856.61036667
77522,3158800.76896667
77523,4537388.89366666
77524,4850432.56993333
77525,4625122.9647
77526,4334386.7047
77527,3765282.44629048
77528,4339056.1956
77529,3921234.03626667
77530,3850484.4334
77531,3524780.65693334
77532,4338577.76064445
77533,5014353.8893
77534,3476504.84656667
77535,3914925.15322857
77536,5021987.59389524
77537,4367255.7089
77538,4250330.46157619
77539,4110793.14939524
77540,4938905.24111904
77541,3140149.39733333
77542,4463002.59016667
77543,4256700.3591
77544,4110084.84773334
77545,3946333.3916
77546,4029086.44567778
77547,4386963.76513333
77548,4726690.33453333
77549,4759343.8448
77550,4939134.29816667
77551,4924628.98289524
77552,3845106.77832381
77553,3981007.24446667
77554,3883197.60700952
77555,3074329.16083333
77556,4595193.21033334
77557,3982505.27848095
77558,4992976.1858
77559,4682347.57723333
77560,4667587.7134
77561,3003318.12276667
77562,3821563.95958333
77563,3923673.09990476
77564,4278590.97794444
77565,3578640.3657
77566,4151899.31167143
77567,4416293.17336666
77568,3903783.99520476
77569,4570886.42686667
77570,3443044.53143334
77571,5461666.9599
77572,3760932.19093334
77573,3781436.22530953
77574,3923824.9066
77575,5069613.04703333
77576,4593382.51265714
77577,3945976.57153333
77578,4630729.66926666
77579,3287208.14080476
77580,4034692.22772381
77581,4048627.97306667
77582,2710051.81477143
77583,4619601.42587778
77584,4278259.03897301
77585,4010739.22523334
77586,4606392.1497
77587,4397148.91276666
77588,3980171.95778095
77589,4898914.43976667
77590,3978054.2465
77591,3671353.98496667
77592,3196451.98831429
77593,4701865.62701111
77594,4936917.00466666
77595,4036299.63818096
77596,4717358.0917
77597,3479684.75996667
77598,5034600.7005
77599,3558750.64844286
77600,3701978.4998
77601,4166686.6311
77602,4241231.26273333
77603,4534396.2495
77604,4514341.42093333
77605,4794413.27446667
77606,4518990.9538
77607,5005364.6461
77608,5551902.64623333
77609,4253411.82420952
77610,3865042.25521429
77611,4610962.08166667
77612,4386169.60849524
77613,4673195.3419
77614,4246380.17795714
77615,3779549.95301111
77616,4815152.6619
77617,4656188.60463333
77618,4074943.73885714
77619,3592991.51847619
77620,3884357.85982381
77621,5137420.93783333
77622,4018738.52063333
77623,4859369.54093333
77624,4933138.65663333
77625,4349597.99866667
77626,4136412.56713333
77627,4119313.62870635
77628,4743761.3654
77629,3842641.8699
77630,4017777.75693333
77631,4432763.2706
77632,3734499.11572857
77633,4368569.23903333
77634,4403565.09236666
77635,4387400.18406667
77636,5127868.57253333
77637,4069769.46416667
77638,4900125.41156667
77639,3666414.46413334
77640,3890389.08557619
77641,4592544.01093333
77642,5083022.09333333
77643,4232219.2072
77644,4273196.15936667
77645,4234567.19716667
77646,4583713.92083333
77647,4301015.45535238
77648,4795633.4133619
77649,3906831.09936667
77650,4424689.37196667
77651,4434657.14803333
77652,4240622.98643333
77653,4824586.8023
77654,5428415.73953333
77655,4183259.9728
77656,4817785.02016667
77657,4035216.19243333
77658,4270969.04585238
77659,4604709.7774
77660,5814338.82976667
77661,3964841.01062857
77662,4518884.09403333
77663,4906273.21966666
77664,4937804.0489
77665,4226183.2169
77666,4899683.4387
77667,3695736.64
77668,4781042.12768572
77669,4265979.00650952
77670,4445063.08733333
77671,4441295.9862
77672,4787115.87706667
77673,5803796.64333333
77674,3796542.15367143
77675,4047408.16393333
77676,4579380.01436666
77677,4942744.31663333
77678,4526765.63663333
77679,4902534.03443333
77680,4107443.20577778
77681,4291992.32617619
77682,4737271.3512
77683,3586967.56392857
77684,3764380.87556825
77685,6014703.32436666
77686,4381983.7033
77687,4865796.73213333
77688,4630799.59463333
77689,4797560.26433333
77690,4570715.27306667
77691,3970213.4009
77692,4914215.7883
77693,4413345.36603333
77694,5191410.97919524
77695,4072467.9627
77696,4520718.9066
77697,4901145.10383333
77698,3854813.68333333
77699,4631403.2104
77700,4517707.40666667
77701,4548724.70383333
77702,3558683.9817
77703,5027333.08759048
77704,5043739.3476
77705,5137148.93051905
77706,4482080.84186666
77707,4000016.99816667
77708,4544672.4648
77709,4795936.04182857
77710,4882925.14629524
77711,3829941.35883333
77712,4506719.92523333
77713,5490874.1005
77714,4180144.48593333
77715,4297703.76294444
77716,3458427.60544921
77717,4208995.14753334
77718,4288338.36286667
77719,4318304.28676667
77720,5005003.4832
77721,4672018.34373333
77722,4071614.39406667
77723,4584469.93033333
77724,3526844.9487
77725,3773958.4688
77726,4632384.7458
77727,4870578.47316667
77728,3842782.81177778
77729,4981978.28096667
77730,4607968.76323333
77731,4610246.0745
77732,4206940.81832857
77733,4288890.8891
77734,3325062.71071429
77735,3645584.64452381
77736,4233037.25821111
77737,4143211.53433333
77738,4753493.65366667
77739,4122049.96733809
77740,4652328.8996
77741,4531803.4032
77742,4709991.02956667
77743,4798841.1542
77744,4284450.67443333
77745,4095219.30318333
77746,4344502.62363333
77747,4340618.06933333
77748,4753192.44393333
77749,4428667.6669
77750,4739860.5188619
77751,4961439.48816667
77752,4596116.9615
77753,4705261.70646667
77754,5540414.75263333
77755,3864361.11606667
77756,4368671.11332857
77757,3168505.09997619
77758,5253575.50773334
77759,4418735.28666667
77760,4951786.97966667
77761,4644176.5414
77762,4248252.67703333
77763,4784146.99223333
77764,4125291.84990952
77765,3466289.58904445
77766,4274379.15913333
77767,5271125.62546666
77768,4884981.02283334
77769,4396418.86463333
77770,3763304.19469524
77771,4382834.4242
77772,4716358.1676
77773,3108655.32958095
77774,4195495.4863
77775,3930302.77713333
77776,4227701.9304
77777,4098131.03601111
77778,3781407.60223333
77779,4598779.09446667
77780,4039743.0782
77781,4491714.65676667
77782,4523060.2166619
77783,4793633.5102
77784,4285911.33536667
77785,4311776.9836
77786,4385854.84592857
77787,4453549.74176667
77788,4701019.00308333
77789,4354300.25553333
77790,4689828.27846666
77791,3853201.11823333
77792,4695007.6908
77793,4609442.75476667
77794,3674369.21712064
77795,2874128.27980953
77796,4832275.98411429
77797,3952438.29576667
77798,3829358.56452857
77799,3842543.61870953
77800,3947150.20256666
77801,3863678.4053619
77802,3703542.86734444
77803,4204101.06818095
77804,3789773.64766667
77805,3837786.40946667
77806,4463878.29786667
77807,3209539.02372064
77808,3966254.72757778
77809,4655904.0466
77810,4513979.53966667
77811,4464787.26003333
77812,4979268.26682857
77813,4553599.32991429
77814,3593276.02631905
77815,4859693.73107778
77816,4232608.28954445
77817,4296229.60766667
77818,4360652.41333333
77819,4546207.9773
77820,3533456.28562063
77821,4818098.00616349
77822,4415698.92217778
77823,3567302.12744286
77824,4363361.06251111
77825,3906582.15376667
77826,4388391.5927619
77827,4187112.17426667
77828,3909267.68106667
77829,2451954.08027619
77830,3672111.52064444
77831,4113625.5682
77832,4320785.45566667
77833,4427863.9743
77834,4070841.34959524
77835,4089839.12716667
77836,3388940.87846825
77837,3430957.49004762
77838,3404814.66524286
77839,4430013.82794444
77840,3968463.12506191
77841,4473245.04266667
77842,4215044.35646667
77843,4279619.24139524
77844,4455225.65306666
77845,4329015.76476667
77846,5171736.17279524
77847,4684062.9412
77848,4987126.22359048
77849,3706968.33180476
77850,3882919.53080952
77851,4131407.39080952
77852,3812196.24936667
77853,4037086.80195238
77854,4948612.56156191
77855,4807303.98673333
77856,4171178.06083333
77857,4610200.63774444
77858,3859157.77544286
77859,5252927.8428619
77860,4122804.44543333
77861,4242497.44824445
77862,4368327.38913334
77863,4166796.42917143
77864,4998084.24266666
77865,4767153.07516667
77866,4598435.08369206
77867,3440286.14143333
77868,4686834.4072
77869,3945128.31706667
77870,4011802.53381111
77871,3213562.9717
77872,3715559.63264286
77873,4546409.35379048
77874,4621872.8318
77875,4513659.40163333
77876,5352487.281
77877,4058695.68582857
77878,4877755.41265238
77879,3022688.31567619
77880,3572349.4313
77881,4642267.93008095
77882,4496358.05647778
77883,4604687.6602
77884,5628191.34476667
77885,4590197.94046667
77886,5447418.93026667
77887,5197720.19373333
77888,3741420.8238
77889,4671084.50194444
77890,4002275.03336667
77891,3602032.81722381
77892,5128241.23216667
77893,4401047.53926667
77894,3560367.81124762
77895,4091764.90273333
77896,4469114.64607143
77897,3070600.6892873
77898,4354172.1765
77899,4665892.142
77900,4050057.22719524
77901,4593109.88516667
77902,4476665.09126666
77903,4730176.03046667
77904,5239831.93023333
77905,5172976.89566667
77906,2530266.3671
77907,2787028.5829873
77908,4867833.36036667
77909,4107656.73500476
77910,3772816.57307619
77911,2531239.82301429
77912,4076982.7398
77913,4222155.53636667
77914,5035921.10983333
77915,4183755.76363333
77916,4840997.6202
77917,4191952.80861111
77918,5073762.18096666
77919,5293118.36123334
77920,4423323.63913333
77921,4949216.17513334
77922,4949744.0174
77923,4939373.38978571
77924,3922309.01586667
77925,4576098.38566667
77926,4899918.94983333
77927,5671618.41051905
77928,2490594.82992381
77929,4692217.57612619
77930,4319255.17679524
77931,4469998.26526667
77932,4498673.22593333
77933,4346390.5139
77934,5028528.91703333
77935,4350131.95737778
77936,3944250.33576667
77937,4677090.25286667
77938,4422765.75046667
77939,4993523.51156666
77940,5114490.2057
77941,3779663.87103334
77942,3290134.72766667
77943,5186586.36413333
77944,4513307.90746667
77945,4615912.21636666
77946,4407728.16866667
77947,4197291.0582873
77948,4919828.96483334
77949,4734493.04036667
77950,4642820.73576667
77951,3640037.8474
77952,4328495.9076
77953,4383646.1427
77954,4183891.69254444
77955,4524692.8365
77956,4462049.47173333
77957,5215717.93946667
77958,3935718.38757778
77959,4332524.79503333
77960,4555168.76946666
77961,3613890.23689683
77962,4619564.7717
77963,5736488.5286
77964,3821341.11827619
77965,4706059.5601
77966,2843985.64699524
77967,4889391.53893333
77968,3929596.53427143
77969,4241666.9451
77970,4784796.99915238
77971,4019721.53571111
77972,4398736.58576191
77973,4464082.90192857
77974,4931724.99176666
77975,3687231.8252381
77976,4082445.72923333
77977,3843552.31124762
77978,4129577.26373333
77979,4132443.72763968
77980,4481184.34163333
77981,4638117.445
77982,5310073.24653334
77983,3964585.26196667
77984,2952545.04223333
77985,4862704.67249524
77986,4731021.80336666
77987,4535179.22563333
77988,3891363.80663333
77989,5015874.75543333
77990,4435826.85302857
77991,4303120.75023809
77992,4008759.89747619
77993,4877978.31061905
77994,3314447.57702857
77995,4466370.07456667
77996,4595165.29786667
77997,5191269.55902857
77998,4175847.33943333
77999,3704969.4483
78000,4943001.5893
78001,4762571.5539
78002,4762898.18792857
78003,4289214.52176667
78004,5467866.30563334
78005,4591180.7459
78006,5200972.98883333
78007,3904484.17303333
78008,4194118.82386667
78009,4680613.34976667
78010,3897124.0823
78011,4293015.44545714
78012,4058893.13467778
78013,4040089.60572857
78014,3996200.37873333
78015,5172014.32428095
78016,3236563.05071111
78017,4481196.42863333
78018,4273122.46176667
78019,5332096.87896667
78020,5002742.2066
78021,4381482.7637
78022,3147169.34264286
78023,4192632.78544286
78024,2552287.76931429
78025,4094989.3362
78026,4347488.9184
78027,5293059.04603334
78028,4959944.24593333
78029,4516450.15076667
78030,4748724.08836667
78031,4593528.18891905
78032,3989132.1983
78033,3595569.1543
78034,3967802.99170952
78035,4287219.15493333
78036,4498244.19303333
78037,4722617.1233
78038,3788794.3449
78039,2951426.91116825
78040,3959156.08076667
78041,5695123.48933333
78042,4041108.58683334
78043,4335493.83672857
78044,4197983.61556667
78045,5016824.10863334
78046,4107124.3786
78047,3835673.68553016
78048,3887621.99713333
78049,4423513.73173333
78050,4801409.11993333
78051,5419440.38773333
78052,5047351.29775238
78053,3813830.15406667
78054,3967520.64256667
78055,5550927.8138
78056,4086500.91236666
78057,4461440.36977302
78058,4578107.23886667
78059,3981640.24476667
78060,3615165.25316667
78061,3044724.7301
78062,4532169.3487
78063,3365340.66609048
78064,3927070.50866667
78065,4262362.56634445
78066,4803297.91656667
78067,4931785.95453333
78068,4554649.45223333
78069,4701558.00148571
78070,3773461.40726667
78071,4519306.67583333
78072,4853328.32021111
78073,4925524.3732
78074,3948918.13696667
78075,4210946.0668
78076,4611656.83703334
78077,3801570.81921111
78078,4328203.38643333
78079,4718918.4309619
78080,3986040.328
78081,4890487.47206667
78082,4658007.27906667
78083,4320661.62916667
78084,4294505.05111905
78085,3743220.5055
78086,5114882.73016667
78087,4108089.30159524
78088,4178989.96386667
78089,4970062.94663333
78090,3056853.80463333
78091,5143992.4187
78092,4071867.5142
78093,4559253.9859
78094,4282915.83669524
78095,4650754.07583333
78096,4192044.99646667
78097,4105175.77061111
78098,4676852.55373333
78099,4401731.37933334
78100,4035515.78787778
78101,4288392.68895714
78102,4149655.64422381
78103,4648601.0478
78104,4941765.02962857
78105,4440064.69806667
78106,4194230.2156
78107,4473380.01286667
78108,4311087.9380873
78109,3393118.98709206
78110,4830270.46556667
78111,4050830.7935
78112,4449244.7287
78113,4964239.7132
78114,3412097.58930476
78115,3719155.10213334
78116,3899660.71247778
78117,5292662.4598
78118,2662529.55403492
78119,3966368.15033334
78120,4848593.89904444
78121,4924590.46203333
78122,3958723.2927
78123,4167763.26346667
78124,4962668.76498095
78125,4363437.05403333
78126,3982670.97656667
78127,4617515.3319
78128,4619476.6217
78129,4003935.54713334
78130,4499361.87013333
78131,3909706.33702857
78132,3804023.1386873
78133,4784537.3985
78134,4580008.92016191
78135,4923127.84904444
78136,3975743.87984444
78137,3154611.3332873
78138,3429843.03085714
78139,5380313.53203333
78140,4191328.79299048
78141,5020793.95796666
78142,4674667.6532
78143,5416604.7821
78144,4127033.41806667
78145,4302845.2676
78146,3896963.53496667
78147,4734627.43106666
78148,4881806.17087777
78149,3339019.11707619
78150,4266540.77573333
78151,3724793.62443333
78152,2721605.56569683
78153,5115964.91723333
78154,4758265.98616667
78155,3815426.12656667
78156,4077110.73233333
78157,4330032.5069
78158,3851585.16806667
78159,4456179.8833
78160,4176174.87836667
78161,4452212.90972857
78162,4492306.7298
78163,4901727.08073333
78164,3883693.10436667
78165,4698057.3749
78166,2771772.21168571
78167,5440981.51536667
78168,4456146.48023333
78169,4983732.6306
78170,3540000.16811905
78171,4524988.17625238
78172,5609073.1323
78173,3931052.70556667
78174,4549030.87096191
78175,4465981.63496667
78176,4345143.15752857
78177,3816660.5439
78178,5711918.0034
78179,4608320.8204
78180,4343508.17932857
78181,4731137.4008
78182,5231056.6835
78183,4513334.69432857
78184,3806806.0813
78185,3288446.61400476
78186,4080243.93537778
78187,4789024.17193333
78188,4565038.55203333
78189,3794616.8927619
78190,4562412.65263334
78191,4443530.99506667
78192,3658528.83493334
78193,3603725.46096667
78194,4469148.69357778
78195,3277527.3083
78196,5149489.6229
78197,5527412.57343333
78198,4067491.85461428
78199,4189060.92346667
78200,4787526.37106667
78201,3222543.15141111
78202,4333082.54913334
78203,4469691.57213333
78204,5036148.7722
78205,3449070.61203333
78206,4999561.91856667
78207,3979985.62146667
78208,4379025.09553333
78209,4309356.11841111
78210,4002964.8195
78211,4316288.20456667
78212,3922540.2327
78213,4426495.2515
78214,3279895.69727778
78215,3575132.81043334
78216,4764220.0801
78217,3290076.02993334
78218,4673909.9045
78219,4537081.3608
78220,4763026.64033333
78221,5190329.7099619
78222,5415700.16253333
78223,5040825.55006666
78224,3215326.55192857
78225,3812423.6073
78226,5275961.09001905
78227,5105014.90236667
78228,4493221.22376666
78229,4831749.35526667
78230,5066844.6809
78231,4251627.27953968
78232,4651606.34696667
78233,3694179.74435238
78234,4375580.84413334
78235,4183116.58086667
78236,4957606.82341904
78237,3783869.9761
78238,3811323.64742857
78239,4702527.34973333
78240,3994927.648
78241,4792575.0727
78242,4648704.26156666
78243,3907371.76326667
78244,3908836.83856667
78245,4018090.61417778
78246,5376504.8071
78247,4274303.04257143
78248,3387856.43293334
78249,4540780.3411
78250,5247305.237
78251,4463943.67126667
78252,4096697.36386667
78253,3854383.8938
78254,4602318.21949524
78255,4892500.56753333
78256,4705184.03356666
78257,2903587.61606667
78258,3184432.3843
78259,3918532.4179
78260,5091800.49373333
78261,5036612.93743334
78262,4823872.81976667
78263,4099093.25603334
78264,4160255.17065238
78265,3896654.093
78266,4105747.83213334
78267,4648247.8558
78268,4802377.3356
78269,4773697.86373333
78270,3802917.84593334
78271,4685260.85086667
78272,4518974.02593333
78273,5193093.29536667
78274,4145191.41197143
78275,4547306.64033333
78276,4729056.46793333
78277,4946228.08383334
78278,4080462.4329
78279,3901968.37077143
78280,3750827.97703333
78281,4739691.64936667
78282,4116336.93886667
78283,3448801.97623333
78284,4292009.56166667
78285,4049840.75269048
78286,2956574.04212857
78287,4139086.12011429
78288,4558964.6731
78289,4381052.46948571
78290,3963705.65369048
78291,3400989.14670159
78292,3892035.83449524
78293,4868482.21295238
78294,4233684.65273333
78295,4359969.93643333
78296,4853075.3864
78297,4281983.35906667
78298,4214896.33636667
78299,3267543.34371429
78300,4019664.8401
78301,3933628.40913333
78302,5264010.19496667
78303,3769857.86916191
78304,4474877.77343333
78305,4358613.51966667
78306,3874594.03551429
78307,5044113.78115238
78308,4587054.24230953
78309,3850850.21170952
78310,3351919.07085397
78311,4503906.01476667
78312,3811094.6016
78313,4874899.77846666
78314,3351662.69269524
78315,4442163.99213333
78316,3193518.14106667
78317,4466136.42000476
78318,3410037.83173333
78319,3766040.61137143
78320,4240799.57386667
78321,3994851.72413334
78322,3521360.36183333
78323,4770119.92546191
78324,4500118.57103333
78325,4493927.1816
78326,4076561.48566667
78327,3618290.47773333
78328,4060479.08832857
78329,3237492.16299048
78330,5017446.28823333
78331,3293980.14043333
78332,4137824.8639
78333,4107668.95157778
78334,3275060.09453333
78335,4343243.77803333
78336,4025284.42410159
78337,3663494.73773333
78338,5051522.88316667
78339,3602943.36977778
78340,4688111.57299524
78341,4515308.60946666
78342,5216067.62773333
78343,4090902.39286667
78344,4207078.21416667
78345,4173526.83185714
78346,4479985.24663333
78347,3915072.72981111
78348,4842656.44396666
78349,4667189.66396667
78350,3691330.78461111
78351,4085595.28776667
78352,5020460.99973333
78353,4670973.2729
78354,4676845.62475238
78355,3743337.1732
78356,4959522.88133333
78357,4367997.70423333
78358,3825428.8502
78359,4169682.7199
78360,3939465.34086667
78361,3782953.26973334
78362,5103957.79513333
78363,4385687.8427
78364,3954990.46820953
78365,4696883.0462
78366,4812676.61736666
78367,3700747.87113334
78368,4679760.8014
78369,4772814.4343
78370,4004180.42993334
78371,4389754.01419524
78372,5322011.03673333
78373,4267419.5416
78374,4496806.04616191
78375,4110810.9128
78376,4223775.79376667
78377,4020180.9157
78378,5146670.04323333
78379,4714704.67526667
78380,5128593.41385238
78381,3480060.33302857
78382,4195178.54597778
78383,3228524.6949
78384,4219934.72231111
78385,3656108.99466667
78386,4274477.1727
78387,4528559.07963333
78388,4730127.52466666
78389,4284458.09867777
78390,4360831.0233
78391,4743745.20839524
78392,3730269.4092
78393,5346042.87791905
78394,4675086.8161
78395,3971519.25569524
78396,3994905.12281111
78397,4230908.8689
78398,4351795.94756191
78399,4371152.74473333
78400,4170211.8004
78401,3438827.27796667
78402,4177799.14797778
78403,5224757.77493333
78404,3837172.72314286
78405,3827600.08333333
78406,4755149.1079
78407,4458478.5448
78408,4561117.09686667
78409,4001560.86736667
78410,3709773.41683333
78411,4080256.57406667
78412,5060635.4973
78413,3737646.9954
78414,4368434.45336667
78415,4460725.46426667
78416,4341435.81193333
78417,3988261.02393333
78418,4936322.43736666
78419,4463149.0888
78420,4016563.63964921
78421,4033072.38960476
78422,5010196.5924619
78423,4239545.98806667
78424,4593980.54063333
78425,4169300.76216191
78426,5191040.50144762
78427,4319730.39166667
78428,4102653.5492
78429,3608127.5619
78430,5128591.07303333
78431,4362323.05552857
78432,3502269.4496
78433,4852813.68235238
78434,4479427.52783333
78435,4532363.2019
78436,4771903.6514
78437,5240611.10413333
78438,4620809.82046667
78439,5080421.23796666
78440,3698494.78618254
78441,4440519.45806667
78442,4181625.3377
78443,3475338.37933333
78444,3884189.45
78445,4774472.943
78446,4177148.26263333
78447,4189293.93766667
78448,4844808.72153333
78449,4268843.51015238
78450,3524620.09823334
78451,3868488.49572381
78452,5215075.7936
78453,3974566.0279
78454,5257772.97126667
78455,4537548.90676666
78456,5102789.83856666
78457,4061627.13017302
78458,4005967.27686667
78459,4673502.8396
78460,3371920.55422381
78461,4394715.83593333
78462,4839260.26743333
78463,4912146.17286666
78464,4634855.1749
78465,4191602.83557778
78466,4027527.635
78467,3866141.77606667
78468,4376203.73233333
78469,4608769.40691111
78470,4407052.86633333
78471,3070600.6892873
78472,4551093.79951904
78473,4728130.89684762
78474,4256554.61168333
78475,4019238.0839
78476,4703398.04603333
78477,4493881.20823333
78478,4835208.4297
78479,4221236.44386667
78480,4570826.5873
78481,4204352.9213
78482,3455154.93373334
78483,3328392.4392
78484,4830474.29804286
78485,4800764.61903333
78486,4028841.21873333
78487,4697558.67913333
78488,4893379.92737778
78489,4529539.66376666
78490,4520807.35266666
78491,5399029.26973333
78492,4027725.88834445
78493,4346360.50877778
78494,4558545.59763334
78495,4075194.88628572
78496,4438215.15781111
78497,4778778.35555714
78498,4101565.89567619
78499,3878946.24017619
78500,4469928.16773333
78501,3918866.90873333
78502,4465148.91563333
78503,3685154.19850635
78504,4573089.96626667
78505,4717811.57816667
78506,5243862.06313333
78507,4352323.38106667
78508,4578288.9727
78509,4736132.8332
78510,4557416.84986666
78511,5416126.65866667
78512,5123962.9575
78513,3849066.71586667
78514,3414162.57307619
78515,4358713.05086667
78516,4906635.6568
78517,4402926.58643333
78518,3794896.62971429
78519,4091143.10183333
78520,4530881.71724762
78521,4287687.4497
78522,4664555.6847
78523,4476597.72520238
78524,4660032.46301111
78525,4860991.29050476
78526,3236207.95750952
78527,3994232.02835873
78528,3842562.1663
78529,4271041.1357
78530,5444116.9741
78531,3988981.16847619
78532,3732456.94469048
78533,4182169.79533333
78534,4672732.89233333
78535,3753049.29101905
78536,3790089.44997778
78537,4952701.53391111
78538,3673323.12826191
78539,4181657.63866667
78540,3333613.65702857
78541,3111925.98617143
78542,4735570.99883334
78543,3882620.7858
78544,4484359.07416667
78545,3973282.3419381
78546,4436662.71003333
78547,4548637.36263333
78548,2993458.92580952
78549,4295665.8119
78550,5659204.73543333
78551,4070351.95513333
78552,4706646.62440001
78553,3848161.97284286
78554,4401309.78223333
78555,4387474.0215
78556,4625225.82353333
78557,4962547.96566667
78558,4297918.9166
78559,3914851.64693333
78560,5176047.09822857
78561,4534252.40836667
78562,4940992.48203333
78563,5447819.4527
78564,4727911.30093333
78565,4265894.65006667
78566,3464213.55786191
78567,4230370.6817
78568,4340496.40663333
78569,4682090.8883
78570,3937195.52041111
78571,4899180.7507
78572,4094233.374
78573,4207992.51176667
78574,4763538.7070619
78575,3978538.37920159
78576,3880921.2833873
78577,4130692.24237778
78578,4593811.02193333
78579,4595045.16316667
78580,3993465.99446667
78581,4752414.10842857
78582,4615330.9153619
78583,5381492.96773333
78584,4785950.2499
78585,3988641.72107619
78586,4720239.31346667
78587,4424048.54003333
78588,4443929.46883333
78589,5488300.78469524
78590,4191514.37683333
78591,4835613.1258
78592,4162572.04386667
78593,3883916.20312857
78594,3788666.62171905
78595,4945762.8976
78596,4626411.63455952
78597,4687237.90736667
78598,4151522.99791905
78599,3834383.6182
78600,4195172.10996667
78601,3770976.86741429
78602,3159919.1491
78603,4033870.47200476
78604,3649861.49986667
78605,4400262.73497778
78606,3886134.73372063
78607,5044200.4607
78608,4996284.98273333
78609,5065270.82896666
78610,3392723.96640953
78611,5043321.7796
78612,5229511.3846
78613,4721906.13066666
78614,4525552.5057
78615,5254896.71528254
78616,3306308.95833334
78617,4760296.57353333
78618,4233869.7543
78619,4116303.46993333
78620,4967690.60598571
78621,4473226.4579
78622,4172394.06239048
78623,5012906.14933333
78624,4232947.13054762
78625,4513910.70579524
78626,4743195.36582064
78627,3970434.4055381
78628,3907627.6943
78629,4483290.63831905
78630,4247439.52923333
78631,4513334.69432857
78632,3894786.54539524
78633,3893285.81186667
78634,3967095.17976667
78635,3212784.06246666
78636,4605930.90367143
78637,4543932.64303333
78638,4587037.11403333
78639,3529678.52023016
78640,4656391.04616667
78641,2966434.42244444
78642,4710794.62679524
78643,2940562.34178095
78644,4132433.4485
78645,3684019.47106667
78646,3876000.97450953
78647,4718210.2825
78648,4601436.51456666
78649,4214786.25337143
78650,4264343.95707302
78651,4511342.99786667
78652,4171161.1449
78653,4712614.20563333
78654,3092299.55376191
78655,5260114.43503333
78656,3474797.27072381
78657,3021646.84224286
78658,4494495.39237143
78659,5373135.82943333
78660,3403560.7343
78661,4000847.16286667
78662,3907388.61242857
78663,4313502.74773334
78664,3771816.8977
78665,3537000.88177778
78666,4605781.85613333
78667,3736898.6525
78668,4537298.53256667
78669,4253263.92286667
78670,4881464.85776667
78671,4302024.41816667
78672,4511138.44376666
78673,4845907.98473333
78674,2874128.27980953
78675,4755639.56453334
78676,5117690.3515
78677,4721064.07717619
78678,4579295.93159047
78679,3703252.25616667
78680,4338174.6494
78681,4598875.322
78682,4123893.96226667
78683,4627006.31466666
78684,3948386.05784921
78685,5137847.5698
78686,4440505.3907
78687,4143762.81723333
78688,3854469.80186667
78689,4230703.10826667
78690,4897901.2326
78691,4361192.63141111
78692,4360521.04816667
78693,3430850.85037619
78694,4359328.48934445
78695,4378169.04113333
78696,3683660.69457619
78697,4686865.5959
78698,3153813.35596667
78699,4955654.59943333
78700,2324324.21034286
78701,4497523.75397619
78702,3522325.97109048
78703,4125795.13276191
78704,5218908.24589048
78705,4819237.15093333
78706,3907706.7605
78707,4609237.5179
78708,5124140.75446667
78709,4565109.97577778
78710,5144004.06843333
78711,3173431.302
78712,3389765.57883334
78713,4835135.59872857
78714,4111862.42896667
78715,4754713.5623
78716,4031302.8703
78717,4683447.16756667
78718,4372015.51986666
78719,5177830.24083333
78720,4676034.26006667
78721,3210269.01233333
78722,3891552.67091111
78723,4186733.4641
78724,4288205.65788333
78725,5340860.35042857
78726,3822030.47303334
78727,3115787.81039206
78728,4028026.74903333
78729,4327993.9917
78730,4989277.83076666
78731,4270654.02743333
78732,5357650.1189
78733,5779954.33503334
78734,4609768.59773333
78735,3506452.97454286
78736,4223385.5764
78737,4894560.4834
78738,4944342.38663333
78739,4953278.94946667
78740,4282842.01477301
78741,5422785.18053333
78742,4779667.61613333
78743,3982327.72361111
78744,4316140.82265714
78745,5072312.78813333
78746,4245397.71543333
78747,4527855.25926667
78748,4666392.62516666
78749,3975376.1917
78750,4410404.7044
78751,4655783.26246667
78752,3591451.00856667
78753,4136215.46233334
78754,4245058.30096191
78755,4283747.96017778
78756,4178868.9333
78757,5018361.23053333
78758,2557377.7859
78759,4084926.35906667
78760,4571899.79288254
78761,4276261.81283333
78762,5264927.86259524
78763,4951636.52696667
78764,3804773.5438
78765,3744207.20877619
78766,4631141.98773333
78767,3909999.76103492
78768,4420604.29216667
78769,2886754.01193333
78770,4207701.31090953
78771,3130240.19154286
78772,4533721.0746
78773,5297318.23666667
78774,4753554.29604444
78775,3118202.98949524
78776,4408211.53893333
78777,4724217.85823334
78778,3920410.0754
78779,3815355.7793
78780,4929078.80033333
78781,4473135.02857778
78782,3742040.20806667
78783,4312256.86787619
78784,4704225.5113619
78785,3405935.12359206
78786,4732798.22706667
78787,4342513.63630952
78788,3824359.01154445
78789,4050586.498
78790,5701200.57256667
78791,3376412.6514381
78792,4548109.65597302
78793,4936230.16616667
78794,3882488.71757143
78795,3703932.675
78796,4707651.37129524
78797,3678914.31566667
78798,4651731.28706667
78799,4243128.74696667
78800,4363823.4147
78801,4016752.30533333
78802,4574151.76636667
78803,3358308.54272064
78804,3470988.80684921
78805,3853451.70616191
78806,4247278.41406667
78807,3667191.05820476
78808,3854602.11637778
78809,4881338.01226666
78810,3506622.55301111
78811,4625224.81534444
78812,4289715.45079524
78813,4170537.43435397
78814,5204306.71994445
78815,4975202.81886667
78816,3995582.82251111
78817,4211401.70636667
78818,4657088.8637
78819,4470661.15229524
78820,4064570.2865
78821,4240014.52093333
78822,4246431.7181
78823,4619502.89753334
78824,4536452.66247778
78825,3910569.8488
78826,3774141.93673333
78827,4030688.92563334
78828,4880577.05453333
78829,4307233.1346
78830,3751782.98986667
78831,3473792.8956
78832,4746187.15086667
78833,4649089.48983333
78834,3317901.38670635
78835,4407187.94076667
78836,4576896.72646667
78837,4532773.82546667
78838,4690707.55679524
78839,3782685.17797619
78840,3989249.75682857
78841,4517539.09863333
78842,5345871.62286667
78843,4093226.4791
78844,4350882.334
78845,4013901.1004
78846,5203556.326
78847,3541308.4782381
78848,4499959.8756
78849,4035303.44917778
78850,4474885.65846666
78851,3945715.75025397
78852,4033119.43486191
78853,3996091.8213
78854,3885584.9712
78855,3364286.17987778
78856,4094419.00348095
78857,4368897.68717778
78858,4866918.8939
78859,4184261.3141
78860,3314233.82756667
78861,4775299.60646667
78862,4440356.82941905
78863,4230283.086
78864,3939685.45726191
78865,4119156.77411905
78866,4448667.45933333
78867,4709544.30186667
78868,4772221.90968572
78869,4292098.76672381
78870,4343858.40346667
78871,5074335.45983333
78872,4440898.573
78873,4281914.52297619
78874,4697438.88986667
78875,4898033.6851
78876,4148742.24693333
78877,5101994.10296666
78878,4645786.36164762
78879,4143710.59715714
78880,4770069.12253333
78881,5026050.61283333
78882,3416595.62676667
78883,4637830.85846666
78884,5043111.25433333
78885,4311604.08146667
78886,4302160.20463333
78887,4395940.96843333
78888,4161457.46473333
78889,5497132.49403333
78890,4374311.28726667
78891,5176926.2713
78892,4811998.2434
78893,4763375.3957
78894,3854628.98623333
78895,5360097.78486667
78896,4301544.00526667
78897,6452385.09206666
78898,5132033.3675
78899,3645470.4538
78900,4035084.7642
78901,3536592.65446667
78902,5021618.9083
78903,3809047.80657778
78904,3163227.6818
78905,3806564.43737143
78906,4182907.9627
78907,4638530.73273333
78908,3274675.83181111
78909,3137967.0519
78910,3721162.9816
78911,4203173.28894286
78912,4753131.20493333
78913,3926233.03506667
78914,4400683.32133333
78915,4208510.49713333
78916,4927323.32035238
78917,4892855.7986
78918,5095253.5161
78919,4315425.92293333
78920,4613109.7916
78921,4406134.21163333
78922,4296051.11636667
78923,3354435.93482381
78924,3070600.6892873
78925,4336535.4517
78926,4109932.2797
78927,4254962.31273334
78928,4383782.3864
78929,4337871.23426667
78930,3928957.63754286
78931,3568121.26178095
78932,4021372.80876666
78933,5350129.2905
78934,3995299.10723333
78935,4717856.16026667
78936,3923018.69936667
78937,4395237.7821
78938,2872193.36139524
78939,4789237.4748
78940,3242197.70955397
78941,3588122.17981587
78942,3450023.87337143
78943,4162623.69726667
78944,2778543.4057381
78945,4320693.5016
78946,3629445.83413333
78947,3932532.7228
78948,4162824.89553333
78949,3615215.89597143
78950,4562590.183
78951,5000007.25052381
78952,4258936.84044444
78953,4777027.19293333
78954,4592180.27503333
78955,3930345.01257143
78956,4562978.3996
78957,5096820.69133334
78958,4620987.0746
78959,3933270.01246667
78960,3975558.68856667
78961,3817323.27954286
78962,3446198.38790635
78963,4555502.71796667
78964,4945565.79906667
78965,4819993.94983333
78966,4429924.7802
78967,4440847.6525
78968,3260669.48783492
78969,4571842.38516667
78970,3315620.33476667
78971,3991103.69297619
78972,3111191.25751905
78973,4854154.07783333
78974,4242931.80346667
78975,4103147.94016667
78976,4612552.85956667
78977,4153818.78061905
78978,4892974.66783333
78979,3576821.31536667
78980,4042771.77966667
78981,4092307.78043334
78982,4963849.6176
78983,3987014.14163333
78984,4924628.98289524
78985,4683310.71453333
78986,3189958.62003333
78987,4841024.52186667
78988,4408351.30546667
78989,4845835.98629523
78990,4299203.336
78991,5109427.74433333
78992,4879813.29863333
78993,4935604.6983
78994,4100090.2544
78995,4310025.38747778
78996,4300346.53406667
78997,4209452.36490635
78998,4486642.97236667
78999,4856966.50159524
79000,4575160.24962857
79001,3616603.4805
79002,4461707.64726667
79003,4211246.88486667
79004,4296678.0234
79005,3582557.53977143
79006,4913390.92606666
79007,5425554.3226
79008,4204369.65338254
79009,4195500.74097778
79010,3578974.6913
79011,4859226.7717
79012,3389398.37145238
79013,4948232.2717
79014,4487158.77993333
79015,4504240.20940952
79016,4009392.8643
79017,5713024.63363333
79018,5349625.65136667
79019,4569824.0923
79020,4976966.01408571
79021,4691669.56316667
79022,4550698.2478
79023,4232981.0829
79024,4716287.0029
79025,4070993.26136191
79026,4690303.69103333
79027,4126339.1976
79028,4005023.7673
79029,5054793.0455
79030,4580139.10895238
79031,4056443.32948572
79032,4292645.2496
79033,4711695.60016667
79034,4404456.21874444
79035,4340869.79366667
79036,3945042.83778572
79037,5076900.1554
79038,4680089.71403333
79039,4387575.1914619
79040,3915268.31211429
79041,5323427.799
79042,3781909.18159524
79043,4208694.60197778
79044,4090213.94643333
79045,5230204.9919
79046,4222393.33713333
79047,4395657.4964
79048,4753032.24466667
79049,4392881.7258619
79050,4003077.32233333
79051,4956917.06221905
79052,4360673.69773016
79053,4229955.89346667
79054,4924437.4004
79055,4160255.17065238
79056,4919555.67806667
79057,3416221.1561
79058,4620672.31136667
79059,4550500.61292857
79060,3650163.16066667
79061,4704193.80573333
79062,4378100.91013334
79063,4323285.7891
79064,5327129.53336667
79065,3447401.62042063
79066,4192820.12793333
79067,4994054.4353
79068,3901347.45496667
79069,4898003.81273333
79070,4533011.2021
79071,4496951.55536667
79072,4217853.75170953
79073,4470569.81750635
79074,5953075.75003333
79075,4767971.80896666
79076,4209252.64226667
79077,3525319.5694873
79078,4489510.35033016
79079,4597565.9752
79080,4538257.04214444
79081,5058507.42166666
79082,3859500.33800952
79083,4087017.49853333
79084,5560185.71956666
79085,3157622.00817619
79086,4498832.5832
79087,5002850.55546667
79088,4131808.1614
79089,4189340.625
79090,4560420.22924286
79091,3874565.93347778
79092,5252073.54883333
79093,3177651.69287778
79094,4341093.4128
79095,4355125.12936667
79096,4309423.66053333
79097,3837571.31620476
79098,4425339.5637
79099,4586906.75607619
79100,3900669.04889048
79101,5643775.2178
79102,5034777.94476667
79103,4604030.61826667
79104,4301930.55833333
79105,3368944.22993333
79106,4494599.75286666
79107,4349668.9267
79108,5198113.7564
79109,4273641.88280952
79110,4518129.54995238
79111,4763121.21689523
79112,4525599.5509619
79113,4345160.61463334
79114,3390747.18197619
79115,3846941.43114286
79116,3996622.37049524
79117,3813419.48836667
79118,4386510.86426667
79119,3130414.20223334
79120,3721377.08642857
79121,4698992.47672857
79122,5416636.53863333
79123,4789013.33276667
79124,3006837.2341
79125,5306739.94593333
79126,4420240.15296667
79127,4878019.0855
79128,4975376.91043333
79129,3855765.66329524
79130,4905168.34593333
79131,4518114.64376667
79132,5133769.73193334
79133,3992235.54363333
79134,4848405.96254444
79135,4596432.35426667
79136,3829218.7293
79137,4610304.20805238
79138,4361068.42176667
79139,4793515.75029524
79140,4661595.21925
79141,4697189.0585
79142,4931067.01148571
79143,4155636.13573333
79144,4043730.90463333
79145,4515988.77326667
79146,4578176.16503333
79147,4660597.5303
79148,4872131.88953333
79149,4862775.4242
79150,4217900.69142857
79151,3653546.37445397
79152,4329813.61985714
79153,4554610.31293333
79154,3690783.03653016
79155,5072550.35686667
79156,4343986.7649
79157,4576598.53776667
79158,4423792.34096667
79159,3516002.26936667
79160,4459089.3149254
79161,4049844.2067
79162,3749746.37116667
79163,3970458.6981
79164,4646546.80841111
79165,4290994.0964
79166,3250943.90830635
79167,4291394.15293333
79168,4566747.55896667
79169,3635226.4332254
79170,4841902.61981905
79171,4201441.7079
79172,4592657.1523
79173,4137242.33471111
79174,4260196.49765714
79175,3724081.63493333
79176,4739915.69936667
79177,4986212.16443333
79178,3908982.82873333
79179,2993180.11343333
79180,5092614.14346667
79181,4506297.98696667
79182,4737463.32396666
79183,4196459.23543333
79184,5226683.216
79185,3506881.32693333
79186,3099037.63694921
79187,5119181.18743333
79188,4208671.07630953
79189,4820665.89526666
79190,4169261.7051
79191,4605885.13713333
79192,4397598.9444
79193,5539349.82436667
79194,4578256.74953333
79195,4134344.36183333
79196,3357911.7141
79197,4589246.52156191
79198,5560671.73483333
79199,4603278.42859047
79200,4300894.48196667
79201,4910662.80304444
79202,4251245.0821
79203,4715116.03796666
79204,4262436.8738
79205,3880142.49353333
79206,3022106.16756191
79207,3690338.27269524
79208,4146207.36093333
79209,4797557.15644444
79210,4139810.00400952
79211,4994434.70806349
79212,3890200.3971
79213,4890671.62723333
79214,3836282.60523333
79215,4999174.00086666
79216,4981329.73756667
79217,5142044.726
79218,4480591.1597
79219,4784146.99223333
79220,4943523.51842857
79221,3712150.7703
79222,4113736.13453333
79223,4126187.38799207
79224,4217771.7413
79225,4374697.34634286
79226,4779604.57546667
79227,4011693.60693333
79228,4487444.47113333
79229,5071418.8853
79230,4988966.81943809
79231,4654813.04273333
79232,3900346.12146191
79233,3940847.16567619
79234,4204073.257
79235,4506212.5677
79236,4421564.96636667
79237,4608557.20366667
79238,4430381.31760001
79239,4143517.54823968
79240,3351714.9522381
79241,4617269.32526667
79242,5847007.15876667
79243,3778778.46994445
79244,5108158.835
79245,4533983.0097
79246,4784374.79849524
79247,4349240.7534762
79248,3784707.55994445
79249,3698038.26024286
79250,4876910.90986667
79251,3492982.28393333
79252,4104633.22741111
79253,4016306.94793334
79254,4032859.28896667
79255,4193596.95727619
79256,4078838.32894445
79257,3924309.03426667
79258,4205172.1191
79259,4342777.68105873
79260,4727707.6053
79261,4231425.59746667
79262,4071732.22012857
79263,3711365.96589524
79264,3593276.02631905
79265,4077884.04926667
79266,4976966.01408571
79267,4265570.22843333
79268,4302911.69906667
79269,4148086.73732857
79270,4502348.84901905
79271,4767442.82564444
79272,4460648.99196667
79273,3863765.52335238
79274,4450992.55446667
79275,4202297.49686667
79276,4122139.67536667
79277,4557937.87167778
79278,4399782.88206667
79279,3597310.34976667
79280,4134860.05547619
79281,4689651.02513333
79282,4192416.08979047
79283,3944892.68066191
79284,4269740.91456667
79285,4768776.92653333
79286,4883069.81876667
79287,3532964.38137778
79288,4188369.76336667
79289,5527756.20268571
79290,4709842.52567778
79291,4608330.02713333
79292,3703342.52641111
79293,3973605.79904445
79294,4751270.2936
79295,3572297.0591
79296,4202052.25543333
79297,4221892.36555238
79298,4165967.9653
79299,3249984.53236667
79300,4229665.75393333
79301,4901601.91267777
79302,3730695.56666667
79303,4146804.18423333
79304,3932937.56793333
79305,3964514.52813334
79306,4208644.16036667
79307,4738021.17630476
79308,4815609.05423333
79309,4157027.8939
79310,3806869.23141905
79311,5053804.70536667
79312,4294777.91613334
79313,4838013.6777
79314,3777207.11083333
79315,4254737.13885238
79316,3877830.91136667
79317,2971833.29022857
79318,3610374.30113334
79319,4726427.05101905
79320,4662390.66101111
79321,4675295.7678
79322,3447967.3041873
79323,4862071.19103334
79324,3690685.80186349
79325,4825653.79733333
79326,3827427.7798
79327,4791919.4402
79328,4918079.13123333
79329,4614753.73201111
79330,3284477.69911429
79331,4073289.80616667
79332,4080091.5072254
79333,3451307.46849206
79334,4563487.41636666
79335,3316711.64342857
79336,4202784.365
79337,4287721.55226111
79338,4825544.2217
79339,2909552.20992381
79340,4926726.5338
79341,2571370.16707619
79342,3487550.80732857
79343,4754773.32553334
79344,3698985.48634286
79345,2873881.6500381
79346,3953185.57756667
79347,3577898.70930476
79348,4513913.41433334
79349,4827353.41259524
79350,3304352.32280477
79351,4235810.95316667
79352,2849217.81555714
79353,4583607.97536667
79354,5288199.2796
79355,4729137.4426
79356,4437727.4456
79357,4052412.02866667
79358,3837627.85284286
79359,4002867.74124444
79360,4927049.16513333
79361,4765333.54006667
79362,3548003.05085714
79363,4296859.07413333
79364,4290588.41151905
79365,4463507.47683334
79366,2925840.74514444
79367,4080063.95416667
79368,3935101.54897778
79369,4709599.93736667
79370,4784396.06663334
79371,3425021.4138
79372,4621813.71166667
79373,4078320.95843334
79374,4214904.43724286
79375,4441747.11943333
79376,4159081.29116667
79377,3304138.7815
79378,4211933.40145238
79379,4847699.4251
79380,4481800.59711905
79381,4375571.12423333
79382,4668690.24286667
79383,4481812.06213333
79384,4534090.2657
79385,4223562.50856667
79386,4064259.6485
79387,4603658.06361111
79388,4060149.3457
79389,4429511.46573333
79390,4082506.06066667
79391,4694854.08231111
79392,3683577.76824762
79393,4954852.06753333
79394,4451217.63856666
79395,4375309.0907
79396,4255039.29832857
79397,4175447.81095238
79398,3926741.27034286
79399,5153588.0854
79400,4739532.85746667
79401,5339091.80066667
79402,4387383.23363333
79403,3026800.31437778
79404,3418991.47237778
79405,5317771.62506667
79406,3828211.10896667
79407,4547539.3463
79408,4242325.8336
79409,4352292.91578571
79410,5075862.7497
79411,4215924.1827
79412,3833819.8998
79413,4201823.03633333
79414,2984360.12383809
79415,2831597.42293968
79416,5536690.80423333
79417,4319221.66953333
79418,4356877.16056667
79419,3854643.59430953
79420,2916119.63825714
79421,4685641.89046666
79422,4253516.41527619
79423,3984983.8533381
79424,3938265.57826667
79425,4343848.357
79426,5097826.71406667
79427,4482764.01073333
79428,4249700.7487
79429,5027698.9185
79430,4706375.03796667
79431,2978641.08570952
79432,4073792.68807619
79433,3627043.02786667
79434,3380945.39663333
79435,4359662.3891
79436,3705280.5475
79437,4735004.98016667
79438,5123961.83583334
79439,4515494.71756667
79440,5914421.9988
79441,4302918.73969048
79442,4412132.00449206
79443,4577435.56763333
79444,4560667.1493
79445,4607005.38976667
79446,4121230.44976191
79447,3894886.40492064
79448,4018664.02111111
79449,3784140.81616667
79450,4749225.9231
79451,4592700.12166667
79452,3187010.94104444
79453,3605010.3749
79454,4697558.67913333
79455,4244697.4192
79456,3882878.24210952
79457,4151777.43741111
79458,4111297.02507778
79459,3398377.8337
79460,4793406.82303334
79461,4934310.75736666
79462,4404162.9225
79463,3023794.47711429
79464,3728991.35513333
79465,4852807.9979
79466,3960178.32217778
79467,4399885.22756667
79468,5113348.46446667
79469,5220708.52223333
79470,4256555.75643333
79471,4036385.89223333
79472,3557634.78526667
79473,4135341.8529
79474,4378882.4816
79475,4529408.7063
79476,3991337.72993333
79477,4542280.88822857
79478,4157889.23484445
79479,3897686.7873
79480,3984963.84636667
79481,3360819.64937778
79482,4156211.1161
79483,3562593.62453334
79484,4741113.53403333
79485,4885039.6578
79486,2905789.66425397
79487,4546503.31493333
79488,5735381.21946667
79489,4639689.70483333
79490,3160009.87710476
79491,4712480.2696
79492,4222644.30867619
79493,4625929.93189524
79494,4196118.88800952
79495,5171859.79918571
79496,4814052.03786667
79497,4510575.72066667
79498,4347746.93190952
79499,4334429.74059524
79500,5231721.66706667
79501,3077595.4965873
79502,3989830.90969524
79503,4422066.24636667
79504,4704350.60786667
79505,5398492.04063333
79506,4989148.38469999
79507,4573536.80928333
79508,3885685.2094
79509,4177156.70835873
79510,4111406.6718
79511,5166254.49462857
79512,4944335.16269682
79513,4058097.33573334
79514,5077576.8391
79515,4124038.83146667
79516,4945997.11648571
79517,4313528.7098
79518,4620966.6886
79519,4140239.10649524
79520,3914973.86083333
79521,4894575.15653333
79522,4375466.53403333
79523,4764697.7365
79524,4311207.5498
79525,2538344.08313333
79526,4431891.1227
79527,4966507.67329048
79528,4764472.66923334
79529,4161240.4845
79530,4896986.232
79531,4543519.81166666
79532,2942547.43850952
79533,5316598.90586666
79534,4749289.78023333
79535,4082828.53553333
79536,4644706.56556191
79537,4336660.4236
79538,4987362.60543334
79539,4308194.59536667
79540,4675469.2546
79541,4013837.79166667
79542,4693326.29786667
79543,3884066.26332857
79544,3730241.4778873
79545,4460337.619
79546,4132134.8327
79547,4174282.23191111
79548,4524599.0458
79549,4325322.50766667
79550,4321292.17226667
79551,4487150.93493333
79552,4708094.23532381
79553,4905950.81636666
79554,4724214.13653333
79555,3922197.63833333
79556,4496854.768
79557,5140241.86643333
79558,4989830.5755
79559,3854269.15271429
79560,3093003.5018
79561,4592426.6244
79562,4309565.36433334
79563,3776050.71635714
79564,3957785.6448
79565,4709008.55973333
79566,4751041.7876
79567,5307787.41963333
79568,4574295.44933333
79569,3405868.31861905
79570,3726064.25771111
79571,4197557.58212857
79572,3178492.93831428
79573,4724122.44726667
79574,5814059.16653333
79575,3733929.37086191
79576,4434711.84727777
79577,4274372.13792619
79578,3857015.77456667
79579,5180105.65046667
79580,4246728.79818254
79581,4456647.24583333
79582,4866212.39396666
79583,5029964.03146667
79584,4150455.14351111
79585,4541751.41996667
79586,3324293.21726667
79587,5016319.9931
79588,3155097.12757143
79589,3660566.19876667
79590,4593808.2955
79591,4517372.47243333
79592,3786063.68599524
79593,4897577.9413492
79594,4656619.34206667
79595,3243532.09494762
79596,4612048.6907
79597,4231135.4866
79598,3832152.42973333
79599,4334091.74336667
79600,4510953.2826
79601,4796575.80886667
79602,3379545.80094445
79603,4236081.94866667
79604,4277730.83557143
79605,4368491.72633333
79606,4006740.01526667
79607,3991829.22459524
79608,4777571.62843334
79609,4720200.81566667
79610,2832792.29506667
79611,4755974.2812
79612,5434434.39251905
79613,4123167.63703334
79614,4568002.88963333
79615,4841643.6540619
79616,4887130.87929048
79617,4800354.82980952
79618,3387925.72769524
79619,4381489.119
79620,4596002.33466667
79621,5209736.25173333
79622,4659716.03386667
79623,4176586.98266667
79624,3688858.90533334
79625,4535123.76399524
79626,3326745.2199619
79627,4349937.10883333
79628,4593020.49396667
79629,4583437.40306667
79630,4645875.16996667
79631,4214696.85526667
79632,5217006.48288571
79633,4375807.90767778
79634,5124862.33806667
79635,4439684.02817619
79636,3974244.56370952
79637,4714097.80226667
79638,4111780.55453334
79639,4027611.5421
79640,4380779.37213333
79641,4329091.40923333
79642,4059619.54720476
79643,4735657.754
79644,5341289.9893
79645,4869303.0006
79646,3958585.0017
79647,4046522.11853333
79648,4647443.79866667
79649,4267494.28505238
79650,4936943.93213333
79651,3776352.97276667
79652,4764867.61346667
79653,5062172.43003333
79654,4729024.6849
79655,4005180.6167
79656,5274116.5657
79657,5411366.8116
79658,4657743.7572
79659,3594941.18973333
79660,5118384.73993334
79661,3767640.32636667
79662,5401214.66436667
79663,5174917.19853333
79664,4991090.78143334
79665,4681290.5406
79666,4686150.04476667
79667,5077592.49886667
79668,4778932.0996
79669,5160094.71246667
79670,3806118.16173333
79671,4279192.15526667
79672,4587776.9679
79673,3947971.9216
79674,4086226.2034254
79675,3538310.47643333
79676,4290029.0184
79677,4381956.2418
79678,4966506.14461904
79679,4589802.69983333
79680,3092901.86793333
79681,3702421.33063333
79682,4803674.74622381
79683,4061692.60247778
79684,3368622.14385238
79685,4048506.7565
79686,4225211.37486667
79687,4164511.78373333
79688,3710978.9148
79689,4424999.25369047
79690,4610413.1588
79691,4664661.20066667
79692,3906436.74881111
79693,4318566.62974444
79694,3857097.97380952
79695,4649286.6691
79696,4499087.96216667
79697,4035296.2861
79698,4609576.3148
79699,4976966.0344
79700,4809459.22561429
79701,4131846.06603334
79702,4239726.91252857
79703,3664918.67543333
79704,3938979.35616667
79705,4377863.56633333
79706,3801694.54752857
79707,4829131.19933333
79708,4573431.6112
79709,4515599.04463333
79710,4711683.71256667
79711,4506394.2794
79712,3776179.33791429
79713,4770583.86326667
79714,4595205.98192857
79715,4329531.36216667
79716,3584871.33716667
79717,4167904.02136667
79718,4155980.8869
79719,4303371.22906667
79720,3508967.12509524
79721,3993463.40484286
79722,4302217.95366667
79723,4690739.24886667
79724,4718655.3505
79725,2891622.72976191
79726,4206530.56071111
79727,4700222.81423333
79728,4126818.56804445
79729,3985968.58072857
79730,4096752.45843333
79731,2849693.02140953
79732,4643351.7435
79733,4004273.46969048
79734,2725153.8177
79735,2807324.19500952
79736,4188718.5795
79737,4544345.2837
79738,3989333.60013333
79739,4905204.6511
79740,3914925.15322857
79741,2940701.4916381
79742,5668684.5259
79743,4105904.23869048
79744,4709226.77933333
79745,3705801.32296667
79746,3804652.03542857
79747,4680405.64819524
79748,4316888.97946667
79749,5020239.96123333
79750,5386134.857
79751,4250306.24317778
79752,4080721.8889
79753,3516946.00554921
79754,5051236.59173333
79755,4223159.3148
79756,3559667.46139207
79757,4368992.80736666
79758,4426903.6682
79759,4417408.29136667
79760,2482405.34840953
79761,5041405.31836667
79762,3924370.67376667
79763,4039685.57343333
79764,4590458.50422857
79765,4207330.9303
79766,4230217.50909524
79767,4564551.27643333
79768,4350468.84726667
79769,4970996.79883333
79770,3799778.01371111
79771,5272775.98846667
79772,4279096.67519048
79773,2501705.32155714
79774,4179600.82603333
79775,4721337.37856667
79776,4139827.65123334
79777,5517709.16043333
79778,4433483.80882858
79779,3913756.86517778
79780,4838940.65346667
79781,3985133.52796667
79782,3960151.43083333
79783,3409284.23894444
79784,3595083.4201
79785,4918079.13123333
79786,4507972.19793333
79787,5013283.54823333
79788,3708552.22284444
79789,4049174.04723333
79790,4868173.9887
79791,4741899.54078571
79792,4536558.92866666
79793,3762182.92823333
79794,5168481.36788572
79795,4685494.185
79796,4485842.00486666
79797,4111004.47634286
79798,5356729.63033334
79799,4512182.84814444
79800,4639876.20716666
79801,4367453.2881
79802,4657881.3492
79803,3561725.08757301
79804,4049916.11242381
79805,5414601.30245238
79806,4991900.31163333
79807,4220157.9055
79808,3656944.90319683
79809,4207141.67343334
79810,4051104.89596667
79811,4808911.5231
79812,4534046.30033333
79813,4777680.4658
79814,4176896.4221
79815,3262033.49937778
79816,2911540.80256825
79817,3997814.10953333
79818,4648457.87596667
79819,4618777.33763334
79820,4912822.8808
79821,4793746.26214286
79822,4399376.04053333
79823,3986833.936
79824,4264022.3363
79825,4297959.60171111
79826,3718555.55974445
79827,4769841.58477143
79828,4232440.78673333
79829,3731271.44506667
79830,5155711.8828619
79831,4413750.19576666
79832,3647081.06427619
79833,4133281.85223333
79834,3309236.1584381
79835,4842348.50496667
79836,4590168.91396667
79837,4826047.65976667
79838,2949628.43543333
79839,4184495.52983333
79840,3802779.5735
79841,4180864.03653333
79842,5003097.89403333
79843,3783598.91735397
79844,3992360.65266667
79845,4883698.7595
79846,3589459.41063492
79847,5185293.49836667
79848,4778380.2337
79849,6109229.82733333
79850,4375580.84413334
79851,3703264.99113333
79852,4296967.19003333
79853,4740501.0894
79854,3804414.61296667
79855,3912654.0882
79856,5084387.68193333
79857,4732220.65001111
79858,3555121.84200159
79859,4859609.6605
79860,4864796.1541619
79861,4135420.67176667
79862,4236697.88372381
79863,5232902.49893333
79864,6301014.4888
79865,4209995.26213333
79866,5608329.46183333
79867,3396258.2887
79868,4183873.94247778
79869,4349950.87603333
79870,5125229.7439
79871,4396465.93756667
79872,5115542.90266667
79873,4229985.08291429
79874,4644992.03576667
79875,3521477.7137381
79876,3881175.73346667
79877,4526788.29886666
79878,4290818.53866429
79879,3912047.14503333
79880,4761927.45859524
79881,4883371.81236667
79882,4565804.58561428
79883,5269491.2062
79884,3371613.05952381
79885,4858506.49646666
79886,4629848.8306
79887,4182164.11473333
79888,4619394.86393334
79889,4519054.35171111
79890,3625448.08093333
79891,4140201.53187778
79892,4194047.61303333
79893,3716229.5939381
79894,4635731.82745714
79895,3813388.69566667
79896,4026932.85015238
79897,4456532.85456667
79898,5060890.63636667
79899,4575656.93733333
79900,3715910.72022857
79901,4523893.75311111
79902,4477695.33262857
79903,3982932.35507143
79904,4479197.12163333
79905,4159534.58
79906,4315299.04823333
79907,4791786.8313
79908,4662914.52126667
79909,4144359.06827778
79910,3945276.55696667
79911,4383143.78543333
79912,4745666.74
79913,3593192.86735714
79914,4378290.66913334
79915,3724188.4994
79916,5149530.64506667
79917,4406342.60041587
79918,5070716.05303333
79919,4282329.52336667
79920,4981807.44813333
79921,3951046.55124762
79922,4464218.57873333
79923,4864945.86456191
79924,4282370.49953333
79925,4625123.72044286
79926,3853362.1557
79927,4647658.54846667
79928,4707933.22786667
79929,3752010.86271429
79930,4823944.60858571
79931,4194764.35182857
79932,3445425.7324
79933,4194641.92803333
79934,3895902.33177143
79935,3355280.46776667
79936,3221168.0185
79937,5376589.72463333
79938,4527028.5319
79939,4566919.57576667
79940,4315519.20666667
79941,4173203.0355
79942,5088660.08496666
79943,3711837.24156667
79944,3677435.85666667
79945,5408945.35543333
79946,4332645.9114
79947,4040367.31045714
79948,5166067.70556667
79949,4404015.64886667
79950,4167233.51226667
79951,4441553.43863333
79952,4529416.20603333
79953,3997915.4112
79954,3984457.19191429
79955,3922325.36937302
79956,4369766.80993333
79957,4591871.27913333
79958,4287151.2954
79959,3360982.85273333
79960,4624580.4777
79961,3823805.6627
79962,5232212.92203333
79963,4696400.5132
79964,4503217.64383809
79965,3719294.82747778
79966,5073509.65943333
79967,6210640.7577
79968,3781427.70272381
79969,4153942.40196667
79970,3896432.84094445
79971,3391712.71540952
79972,3587956.46039048
79973,4834126.0563
79974,3949857.42833334
79975,4400604.4705
79976,3389512.14908095
79977,3376116.6051
79978,5077829.70743333
79979,4192274.4842
79980,5067417.85553333
79981,5041688.89306667
79982,4763149.744
79983,3535898.60744445
79984,5364879.17086666
79985,3746232.7736
79986,4648684.2954
79987,3537467.92593333
79988,4391076.3199
79989,4566858.89233333
79990,4655712.31993333
79991,3981112.40003334
79992,3801811.06413333
79993,4390017.87503333
79994,4167772.73283333
79995,3986283.94118571
79996,4193416.06976666
79997,4382488.90659524
79998,4508900.76203333
79999,4046871.36779524
80000,3547512.82533334
80001,4567478.59266667
80002,3623183.79833968
80003,4492738.76438571
80004,4328472.46641667
80005,3820620.08353333
80006,4366152.85953333
80007,4382370.52996667
80008,4381463.18843333
80009,4529452.03007619
80010,3998466.66354286
80011,4355375.76553333
80012,4253873.14786667
80013,4721588.85536667
80014,3081678.28526666
80015,4467123.76993333
80016,5790258.49883333
80017,3567997.8601
80018,4272995.034
80019,4011214.5164
80020,4586628.16683333
80021,4784499.84116667
80022,4418438.25442381
80023,4649830.6928619
80024,5952296.56283333
80025,4184874.07464762
80026,4501046.55096667
80027,4148796.97723333
80028,3720783.38073334
80029,4153637.20043333
80030,3963062.36566667
80031,4011816.16994445
80032,4957912.0236
80033,5056344.246
80034,3319128.53046191
80035,4321394.81066667
80036,4418230.75916666
80037,3352229.6851
80038,4322569.23143333
80039,4640053.27536667
80040,4531826.33946667
80041,4524125.96770952
80042,4219408.3022
80043,4441206.85286667
80044,3752108.85923334
80045,4194789.54146667
80046,3964557.24373333
80047,5127354.96565238
80048,4337919.47898333
80049,3843187.77446667
80050,5146210.12379524
80051,4243412.03995397
80052,3644153.73799524
80053,5048768.98323333
80054,4676386.99493333
80055,4691170.15719999
80056,4124921.1955
80057,5145104.90233334
80058,4459134.91143333
80059,5680555.32555238
80060,4720457.3268873
80061,4143496.67063333
80062,4166486.4491381
80063,4113343.0826
80064,5132154.1402
80065,4986709.83116666
80066,4028873.7547
80067,4192970.9737
80068,4752334.73913333
80069,5280773.47613333
80070,3829483.1756
80071,3833485.48318254
80072,5358757.02116666
80073,3823860.44449524
80074,5337523.99876667
80075,4774560.01258571
80076,4503906.01476667
80077,4326872.03601111
80078,3565485.50831905
80079,4948324.75587778
80080,4816207.8146
80081,4280019.79536667
80082,4278940.97344762
80083,4465370.61673333
80084,2763960.88976667
80085,4068569.5984
80086,4714455.2012
80087,3845081.20240477
80088,2898287.74094286
80089,5158088.10236667
80090,4230594.3126
80091,4743434.4867
80092,3945487.1083619
80093,4217675.63603334
80094,3865601.39481111
80095,5134148.13116666
80096,5427719.65453333
80097,4441634.64738572
80098,4251947.00184286
80099,3867308.93297619
80100,5045209.9526
80101,4115647.96443334
80102,4654695.15413016
80103,4583380.79450476
80104,4222988.93840476
80105,4774058.54703333
80106,4729240.82693334
80107,4770698.2992
80108,3143014.36619524
80109,5505507.75603333
80110,4235440.5948
80111,3914925.15322857
80112,4107832.47044445
80113,3789169.11855714
80114,4255341.35213333
80115,4943285.51136666
80116,4257652.01636667
80117,4288696.94303333
80118,4728087.34566667
80119,4527451.1614
80120,4849330.0438
80121,4241871.7771
80122,3926667.50503333
80123,3254734.59624286
80124,4348273.58006666
80125,4720226.42343333
80126,3963114.22616667
80127,3784718.22471905
80128,5188903.32753333
80129,4546745.84066667
80130,4636577.24946667
80131,4631744.02373334
80132,4639918.81536667
80133,3916023.67713334
80134,4371796.13443334
80135,4498223.56497778
80136,3589323.39508096
80137,4404235.92230952
80138,3641283.26966667
80139,5125983.9538
80140,4286752.45226667
80141,4197586.51123334
80142,4103494.42296667
80143,3956191.5315
80144,3936394.58936667
80145,4429071.05866667
80146,4633134.83603333
80147,4367735.29993334
80148,4369370.95733333
80149,4170599.84686667
80150,4675383.686
80151,4194608.73323333
80152,3901954.16299524
80153,5171412.36133333
80154,4408296.0823
80155,4492444.07163333
80156,3874001.1027
80157,5640559.62286667
80158,3722015.3919
80159,3896326.71663334
80160,4977511.65416667
80161,4178686.71913333
80162,4292736.00249524
80163,4431855.35273333
80164,4552324.2767
80165,3963114.22616667
80166,3834782.65554444
80167,3766705.8398873
80168,4779036.52436667
80169,4333231.71742857
80170,4208847.44864762
80171,4863448.26893333
80172,4659706.66531905
80173,4931283.75426667
80174,4700240.26843334
80175,3701686.62356667
80176,3962670.19081429
80177,4209767.06036667
80178,4479311.79344444
80179,3673513.54024286
80180,4021213.1829
80181,3905184.09953333
80182,4799102.1964
80183,4910904.2389
80184,4086098.69404762
80185,4643296.91116667
80186,4757531.57776667
80187,5002469.90003333
80188,4097881.8349
80189,3617861.20475714
80190,4827731.8193
80191,4563782.88676666
80192,3977408.10567778
80193,4386908.22206667
80194,4884055.89546666
80195,4475668.53098095
80196,4735011.81746666
80197,2907109.35915397
80198,4012046.02453334
80199,4561262.25396667
80200,3997341.92919524
80201,3792702.07534286
80202,4752334.73913333
80203,4409811.86516667
80204,4313641.21143333
80205,5477247.36296667
80206,4176839.53073334
80207,4453004.3257
80208,3864938.7854
80209,3794663.58245238
80210,4635154.88556667
80211,4741303.0871
80212,4214716.12896191
80213,4710834.94466191
80214,4244577.0981
80215,4275914.10833334
80216,3915005.40414444
80217,4997613.64576667
80218,4279683.0231
80219,4731802.9796
80220,4311054.49156667
80221,3223102.51064286
80222,4940671.4666
80223,3667367.803
80224,4670498.66066667
80225,4750497.12506667
80226,5451599.60496666
80227,4469802.44148095
80228,3864971.68646667
80229,4592280.0568
80230,4016501.7949
80231,4295116.9378254
80232,4276517.97814445
80233,4361176.54713333
80234,4067747.26117143
80235,4486913.56416667
80236,4910566.02864285
80237,3992175.73906667
80238,5639835.4331
80239,3140176.28230953
80240,4506476.4245
80241,4402878.3545
80242,4194474.33385714
80243,4334557.63782381
80244,4577703.67796667
80245,4596401.79073333
80246,5774722.3377
80247,4379526.28626667
80248,4069365.78253334
80249,5124969.75528095
80250,4661502.50293333
80251,4440534.25103333
80252,3615769.56444445
80253,4712995.45363333
80254,4555270.77343333
80255,3387215.68055714
80256,4225591.31706667
80257,5694938.39893333
80258,4177563.35274285
80259,3951997.8272381
80260,4543679.133
80261,4866331.54726667
80262,4422730.34823333
80263,5127133.87996666
80264,4512776.25751905
80265,3354843.90811111
80266,4412376.88383333
80267,4264050.29509048
80268,4618097.8553
80269,4457369.0596
80270,3919350.3935381
80271,4346089.89951905
80272,4729007.1663
80273,4636639.0531
80274,4695565.98191905
80275,3850194.91959524
80276,4901700.87626666
80277,4744897.54853333
80278,4375145.35644286
80279,4569145.8037
80280,3930547.16146667
80281,4218277.5734
80282,4256258.77156667
80283,4313158.62685238
80284,4954690.4612
80285,5414055.13526667
80286,4197503.53253333
80287,4350494.19293809
80288,4268239.47536667
80289,4301563.92903333
80290,4702904.6854
80291,4417164.80736667
80292,4425678.95206667
80293,4989277.83076666
80294,4816852.89713333
80295,4248118.02246667
80296,3057543.20036667
80297,4401856.82680952
80298,4377031.3001619
80299,4136614.62116667
80300,4049310.31396667
80301,4290907.69566667
80302,2874128.27980953
80303,4250538.22726667
80304,4641716.55303333
80305,3862649.95276667
80306,3981852.0728254
80307,4062851.04839048
80308,4501331.5218619
80309,5406221.4563
80310,4197103.8691
80311,4432286.73724762
80312,3360386.97169206
80313,4556555.83659524
80314,3608829.60947143
80315,3725819.13575238
80316,5085726.70633333
80317,4315653.62240952
80318,4756928.43613333
80319,3098797.5778
80320,4002193.47536667
80321,4529438.04713333
80322,4470411.26490952
80323,4804608.8009
80324,4528970.18446667
80325,4043506.6998619
80326,4300693.888
80327,3879128.73252064
80328,4659696.50016667
80329,4864979.92333333
80330,4364921.59967778
80331,4667436.83309524
80332,4793414.52953333
80333,3475413.22671111
80334,4809088.43813333
80335,4538098.3829
80336,4676224.49253333
80337,4153064.94983333
80338,4710745.81311905
80339,5337513.5667
80340,5179514.30706667
80341,3339687.24701111
80342,4107620.82813333
80343,3546683.03737778
80344,4735414.95335238
80345,4652398.4903
80346,5228654.92586667
80347,4622249.43186191
80348,3902383.12350952
80349,4289338.73685238
80350,2871333.3323
80351,5094665.8173
80352,4936137.2968
80353,3908635.68562064
80354,4547625.6437619
80355,3300399.7881381
80356,3895459.18057143
80357,4639664.4489
80358,4729385.34610476
80359,2721486.80672857
80360,5082075.28607619
80361,3888560.25025238
80362,4127151.76866667
80363,4883221.65433333
80364,4334974.77866667
80365,4506386.3131
80366,4150913.9709
80367,4676060.0974
80368,4145804.47628333
80369,3075870.11045714
80370,3614486.45294286
80371,4419990.55596667
80372,4145848.67017143
80373,3765304.06733333
80374,4488835.30373333
80375,4470025.46443333
80376,4633901.93913333
80377,3598592.4065
80378,3540407.2627
80379,4569311.72536667
80380,4216843.9754
80381,4471744.73353333
80382,4486761.72865714
80383,4562790.9504619
80384,5319049.88793333
80385,4977209.1287
80386,3176493.9890381
80387,4328726.29886667
80388,3510471.97167778
80389,4334047.93466667
80390,3566211.79049524
80391,3267963.98047143
80392,4361783.0845
80393,4610948.92121429
80394,4652608.86096667
80395,4048978.47413333
80396,3729474.42646667
80397,3619976.21396191
80398,4183998.88523334
80399,5735446.6908
80400,4247837.91106667
80401,3555184.65216667
80402,4370356.87577143
80403,5083202.0643
80404,3717149.06371111
80405,4203032.64133333
80406,3133918.16306667
80407,3897673.54074286
80408,4322585.3449
80409,4324760.26744762
80410,4829617.12756667
80411,4988598.4809
80412,5415028.53856667
80413,5163094.30932381
80414,4146096.2024
80415,4555079.69386667
80416,3784507.84181429
80417,5051941.61316667
80418,3544688.84658095
80419,2399809.60325714
80420,4846398.41606666
80421,3965531.49423333
80422,5267678.98286667
80423,4273899.03443333
80424,4469496.04097778
80425,4547192.48205714
80426,4118591.50030476
80427,3540920.43296667
80428,3762758.0673
80429,3112907.8577
80430,4303488.98523333
80431,4492469.9691
80432,3270667.80030635
80433,4057691.26074444
80434,4093762.434
80435,4541800.68109048
80436,4262838.23996667
80437,4851350.82143333
80438,4568775.6133
80439,3978165.14959683
80440,3672498.59926667
80441,3747427.9004873
80442,3964750.53663334
80443,4737675.9486
80444,5052918.31583333
80445,4709257.5787
80446,4638422.9843
80447,4145849.06862857
80448,3107853.75723016
80449,4732109.63963334
80450,4061728.19936667
80451,4931819.89676667
80452,4294556.9383
80453,4512933.5364
80454,4302478.60393333
80455,4227817.1736
80456,4040282.1543
80457,3490678.5744873
80458,4425560.21303333
80459,4932604.183
80460,4507435.32149524
80461,4055754.03966667
80462,4569400.66053333
80463,4351881.12793333
80464,4407319.891
80465,5135286.36936666
80466,4326557.77693016
80467,4227121.1234
80468,3615766.8956
80469,4330686.2561
80470,3952206.87557143
80471,4549373.05473333
80472,3236958.79235715
80473,4239417.92246667
80474,4448803.22838571
80475,4515760.88906667
80476,4216286.57383334
80477,4580299.71741905
80478,4141813.54466667
80479,4405287.0698
80480,4159238.85101111
80481,4827127.7562
80482,4363512.32776667
80483,4356489.21326667
80484,5033055.35416667
80485,4203041.60586667
80486,4446101.35876667
80487,3868982.25197778
80488,4662166.51312857
80489,3936203.2156
80490,4455483.2176
80491,4399611.7402
80492,4493206.4674
80493,4551357.7263
80494,3827003.74923334
80495,4830650.52665238
80496,4954263.70516667
80497,4073938.21627619
80498,2825767.47680952
80499,4508901.15333333
80500,4774886.24363333
80501,3916224.3128
80502,4303943.3258
80503,4489668.4137
80504,4860863.78078571
80505,4665141.6467
80506,4172787.14624444
80507,3824576.19346667
80508,4586143.37223333
80509,4270200.82366666
80510,4039665.1916
80511,5193939.45120476
80512,4254177.6441
80513,3856391.43973333
80514,4783146.1718
80515,4136762.74516667
80516,3998133.35836667
80517,3847916.67366667
80518,4841013.85756667
80519,4378630.38801905
80520,4037420.32743333
80521,4095866.3623
80522,4068998.86846667
80523,3903403.5675
80524,5109666.53821905
80525,4295534.92646667
80526,3440493.78755873
80527,4265794.18563809
80528,3966017.6327
80529,5080108.72393333
80530,3997837.76446191
80531,5128526.0535
80532,5039185.25656667
80533,4101607.1092
80534,4236692.6575
80535,5049556.0713
80536,3472104.9665
80537,4350344.64726667
80538,4791266.27603333
80539,4833077.35256667
80540,4044563.38494286
80541,3976275.5156
80542,3795888.34739048
80543,5025283.8714
80544,4094704.3931
80545,4216643.4873
80546,5351029.9
80547,3666801.85186667
80548,4447827.61052857
80549,5320879.45379047
80550,3955311.48855238
80551,4892739.78116667
80552,4797353.71293333
80553,5419889.39768571
80554,4886999.7701
80555,3571193.67872857
80556,5420467.33802857
80557,4019763.62035873
80558,3736994.75471429
80559,4149418.0856
80560,4204761.85956191
80561,3947001.36563333
80562,4549953.496
80563,4732954.22683333
80564,3701795.25473334
80565,4169031.4611
80566,4654624.12216667
80567,4278698.56143333
80568,5345604.2948
80569,5454575.70483333
80570,4263721.14370476
80571,4364634.4659
80572,4216824.99923334
80573,2724048.17480476
80574,4147453.14935238
80575,4624055.359
80576,3750463.52653334
80577,6149156.3068
80578,3884413.28236667
80579,3466008.75443334
80580,4597091.84764445
80581,4302328.2587
80582,4271300.64346667
80583,4103799.50736667
80584,4775257.53686666
80585,4299840.74766667
80586,3237239.62973333
80587,4330053.94256666
80588,4948222.16743333
80589,4223555.17346667
80590,4603025.06063333
80591,4556617.9077
80592,4638265.81656666
80593,4556538.19393333
80594,4304305.07316667
80595,4630099.48733333
80596,4661128.83056667
80597,5078330.02003333
80598,4353476.83598334
80599,4612132.89573333
80600,4569266.71126667
80601,4483929.91673334
80602,4585086.59239524
80603,4710574.7067
80604,5010305.4291
80605,3680337.58629524
80606,3881359.97213333
80607,3437005.36817778
80608,4662988.49633333
80609,4565696.08168095
80610,4291530.84331905
80611,4424870.485
80612,3996026.32421111
80613,3669238.05773334
80614,4178057.31856667
80615,3479442.77825714
80616,4568297.775
80617,4465655.79666667
80618,4605825.09335238
80619,4511371.67256666
80620,4010793.15336667
80621,4857333.81325238
80622,3433136.43649206
80623,3811490.2333
80624,4411054.59104286
80625,3267639.8639381
80626,4340129.74243333
80627,4648791.59691111
80628,4237398.1996381
80629,4864120.82523333
80630,5026832.16863333
80631,3359078.98595238
80632,4747046.7571
80633,4338348.8827
80634,4299976.48221429
80635,3705760.82096667
80636,4621011.3814
80637,5065082.55246666
80638,4702663.5441
80639,4638851.76466666
80640,3194866.45822857
80641,5317848.13336666
80642,3611828.57056667
80643,5134446.33343333
80644,4249970.8352
80645,4074142.89625238
80646,4413678.42209048
80647,4193137.41766667
80648,4475920.10164762
80649,4057729.8188619
80650,4754292.79593333
80651,4431810.39916667
80652,4633313.07613333
80653,4657091.601
80654,4225394.52083333
80655,4655124.52798571
80656,4971224.1473
80657,4414375.0028
80658,4507073.11403333
80659,4484764.64763333
80660,4157472.69722857
80661,4958375.04133333
80662,3961914.52826826
80663,5974643.29426667
80664,4574272.94296667
80665,4476067.08135397
80666,2703080.08
80667,4798878.4459
80668,5203256.64383333
80669,4262701.23626667
80670,4477030.8115
80671,3858259.73100476
80672,4258103.23453334
80673,3713583.62386667
80674,4028770.27553333
80675,4535828.09723333
80676,4681468.519
80677,4145104.3665
80678,4506266.05327619
80679,3638648.12387778
80680,3955520.82403334
80681,3938076.46592381
80682,4549135.57606667
80683,5057040.37177143
80684,4923255.83224444
80685,4265402.0167
80686,3780066.50761429
80687,4021208.94762857
80688,4474146.13860476
80689,4386190.63023333
80690,4279429.828
80691,4549374.53166666
80692,4472199.40526667
80693,4373337.4517
80694,3613803.69184444
80695,3293778.66630952
80696,4495621.48513334
80697,5029549.39868571
80698,3699587.74794921
80699,3285260.24974286
80700,5061315.35493333
80701,2986780.05543333
80702,5790192.85473333
80703,4621027.00536667
80704,3937945.64595238
80705,4375242.11813333
80706,4669018.01835238
80707,4417508.21963334
80708,3193195.36757778
80709,4519288.96403333
80710,4475087.49046667
80711,4327256.98513333
80712,4184857.35641111
80713,5127464.36416666
80714,3757639.11593334
80715,3963791.60483334
80716,4066228.48566667
80717,4144546.12176667
80718,4618594.79216667
80719,4345091.62336667
80720,4419563.2924
80721,5140070.01273333
80722,4497862.83123333
80723,4002630.5322
80724,4556232.9765
80725,5267538.46003333
80726,3349373.97122381
80727,3736654.04485238
80728,3451959.1250381
80729,4469325.49996667
80730,4938675.0928
80731,4077277.97449048
80732,4928189.30466667
80733,4307352.07018571
80734,4526987.12514285
80735,3595454.27622381
80736,4981270.38976191
80737,4841904.38546667
80738,4224213.46476667
80739,4407206.5322
80740,4629336.5818
80741,4684195.93066667
80742,4368103.62247143
80743,4457750.67423333
80744,3618625.07990953
80745,4100922.50933333
80746,3340766.25473333
80747,3335967.11515238
80748,3657078.1372
80749,4407339.78906667
80750,5225912.98726667
80751,4551236.04703333
80752,4293590.3893
80753,3818651.5802
80754,4625514.56502381
80755,5016684.57853333
80756,4379393.63183333
80757,3790207.6929
80758,3951399.48538095
80759,4757504.76646667
80760,4467837.00113334
80761,4827005.80683333
80762,4678231.77723333
80763,4858806.31676667
80764,4278435.97267619
80765,4330240.531
80766,4745773.77761428
80767,4460993.95021587
80768,3897402.97806667
80769,4294375.6689
80770,4311797.43963333
80771,3651079.1538
80772,4421384.39171111
80773,4350902.43646667
80774,4795550.1033
80775,4377940.6218
80776,3916258.92854286
80777,4330502.37313333
80778,4531520.08593333
80779,3950461.11010952
80780,5055442.54989206
80781,3668221.0041
80782,4305496.2794
80783,4820187.72006667
80784,3599235.62781111
80785,4211574.69133333
80786,4347178.8866
80787,3450834.26696667
80788,4914007.07436666
80789,3646039.03563334
80790,4966899.67984286
80791,2890465.20406667
80792,4473167.50006667
80793,3883532.67790953
80794,4510054.73393333
80795,4824475.16046667
80796,4631195.3617
80797,4167815.93453333
80798,5060016.90873333
80799,4465586.5186
80800,4895337.36495238
80801,4920455.9608
80802,4406288.62783334
80803,4885006.12363333
80804,4176636.77814286
80805,3838607.4287
80806,4805555.65492857
80807,4685885.1041
80808,4325096.3846
80809,4523405.6971
80810,4901727.08073333
80811,5108515.4518
80812,4857498.9416
80813,4300042.8426
80814,4831450.94073333
80815,4340370.67243333
80816,4474233.77596667
80817,5324131.24136667
80818,4856884.00893333
80819,3900206.83541587
80820,3190365.4118381
80821,4600533.1732
80822,5000333.50383333
80823,3972898.56544444
80824,4949651.862
80825,4352457.688
80826,4131113.96406667
80827,4045234.68999048
80828,3785661.50603334
80829,3951140.4847619
80830,3332148.96261111
80831,4494908.8869
80832,4057757.93479206
80833,4130987.1044
80834,4075709.44616667
80835,3825812.9626
80836,2817239.47553333
80837,4244451.3939
80838,4706482.41543334
80839,4144083.51296667
80840,3725368.62209524
80841,4821777.09423333
80842,4213869.86916667
80843,4323344.44882857
80844,5369510.28076666
80845,3881398.15687619
80846,4567241.51916667
80847,4426369.72134286
80848,3319749.51253333
80849,4873033.30786667
80850,5084750.6337
80851,4238379.96316667
80852,4650271.1729
80853,4540306.25173333
80854,4821173.6295
80855,4421285.1778
80856,4070782.86776667
80857,4522098.1658
80858,4808546.8755
80859,4467413.69763333
80860,4525168.41916666
80861,4679301.877
80862,3878920.60586667
80863,4349982.37579048
80864,4297388.6247
80865,4707800.96696666
80866,3719290.75782857
80867,4244090.8401
80868,4626698.79466666
80869,5053767.5381
80870,3731221.51296667
80871,4294864.4355
80872,4784146.99223333
80873,4303061.569
80874,5276571.42313334
80875,3929086.38836667
80876,3918621.5957
80877,4892477.86893333
80878,4832994.91668571
80879,4297757.27583333
80880,4172844.0256
80881,4708484.30696191
80882,4453174.03506667
80883,4716843.31236667
80884,4515167.39008333
80885,3920324.6192
80886,5122503.65646667
80887,4848651.94833333
80888,4390128.54183333
80889,4176049.4552
80890,4868777.97413333
80891,3858000.10363016
80892,4410813.71596667
80893,3473171.90449524
80894,5185293.49836667
80895,3971769.96560476
80896,3512038.80689048
80897,4783095.1567
80898,4053119.98519048
80899,4535673.6867
80900,4006714.02666667
80901,4777698.03796666
80902,4821873.51176667
80903,3145495.76657143
80904,3882878.24210952
80905,3813658.59836667
80906,4343122.3845873
80907,5038288.04832857
80908,5394553.33423333
80909,4364860.4983119
80910,3543918.89936667
80911,3805016.30216667
80912,3557539.64843333
80913,4924578.45983333
80914,5597136.1496
80915,4687404.23392857
80916,4349477.69592857
80917,4527909.9678
80918,4374138.8404
80919,4175035.82673334
80920,3592740.19919524
80921,3718519.79466349
80922,4496030.91326667
80923,4344437.84796667
80924,4668223.81056667
80925,3464374.03555397
80926,5310318.3497
80927,4897665.15106191
80928,3776911.25486667
80929,4294209.93367778
80930,4668260.43226666
80931,3837103.81523333
80932,3975765.0188
80933,4475179.48453333
80934,4330335.80896667
80935,4438296.00976667
80936,4349523.23988095
80937,4158653.3549
80938,4815293.7907
80939,3359728.08313333
80940,4197939.17444445
80941,4319412.3323
80942,4446015.06307778
80943,3137922.79892063
80944,3798772.8360119
80945,5535706.72896667
80946,3634810.3053
80947,4405020.66660952
80948,3017380.46276667
80949,4776670.60043333
80950,3224933.96766667
80951,4314464.70326666
80952,4157889.40616667
80953,4626068.8540873
80954,4685299.44923333
80955,3999795.98826667
80956,3838208.65101587
80957,3874642.19156667
80958,4757853.18239524
80959,3803428.83938095
80960,4141685.22033333
80961,4256009.88433333
80962,3920070.70806667
80963,4018370.1089
80964,4128752.96389524
80965,4511671.2077
80966,4473066.4215
80967,4306977.92756667
80968,4828278.75216667
80969,4906643.23306667
80970,4588359.7557
80971,4490104.41683333
80972,4545525.9853
80973,3549716.41998572
80974,4669365.23783333
80975,4361053.34753333
80976,3818839.79246667
80977,4868475.13213333
80978,4822801.19543333
80979,3127582.97196667
80980,5104253.9682
80981,4492415.19404444
80982,3975878.35612857
80983,3690650.5196
80984,4203966.31272381
80985,4719523.33159048
80986,5210778.9356
80987,5192108.35853333
80988,4425106.78540952
80989,4639137.14246667
80990,3982365.3509
80991,3114852.09910159
80992,3654418.0784
80993,5033065.24423333
80994,4498347.4206
80995,3250923.86092381
80996,4393577.51946667
80997,4850168.53526667
80998,4515590.1502
80999,5799373.52503333
81000,4223396.64206667
81001,3240212.89143333
81002,4553934.80826667
81003,5010593.66786666
81004,5117694.8264
81005,4896469.5367
81006,3542981.8287
81007,4432378.95556667
81008,4637864.31211667
81009,4436619.9877
81010,4600948.773
81011,4739781.19273333
81012,4294836.36096666
81013,4530018.5947
81014,3741969.9353
81015,3822181.86517778
81016,4232526.55303333
81017,3467933.5301
81018,5175116.20961429
81019,4008897.5668
81020,4468868.40143333
81021,4887282.03803333
81022,3933501.69567778
81023,4388011.70106667
81024,4250161.84893333
81025,4050522.93836667
81026,5383138.68315238
81027,5020537.38803334
81028,4471327.65656667
81029,4552132.8847
81030,4542276.76872857
81031,4393838.1118
81032,4608890.1087
81033,4232477.8875
81034,4514154.31425238
81035,4514810.74141905
81036,4046772.3941
81037,4664445.80346667
81038,4703983.80936666
81039,4884002.96713333
81040,4315168.7864
81041,4712386.50983333
81042,4397611.98143492
81043,3389124.04223492
81044,4169980.74526666
81045,4416781.70413333
81046,4838860.4671
81047,4071401.3023
81048,4423097.06904285
81049,4283665.1269
81050,4548894.0256
81051,3971751.11700952
81052,3855776.46313968
81053,4063958.40866191
81054,4311332.5006
81055,4537251.75335714
81056,3458204.8702
81057,4271632.07656667
81058,4624407.36903333
81059,5015307.33193333
81060,4569298.398
81061,4087145.70136667
81062,3902391.23011111
81063,5024347.97846666
81064,5123137.60795238
81065,4594430.05223333
81066,3477828.86033333
81067,4916225.30823333
81068,4882550.24376667
81069,4561594.19626667
81070,4094483.274
81071,4065777.81786667
81072,4463553.8163
81073,4657377.8644
81074,2933228.39016191
81075,3746771.12959524
81076,3018306.926
81077,2573400.92097143
81078,4967391.09666667
81079,3335293.04206667
81080,4550550.2573
81081,4050104.18143333
81082,4326703.39046666
81083,4358713.05086667
81084,2990994.06234444
81085,4638121.4717
81086,4590494.1326
81087,4241510.25126667
81088,3504644.94366667
81089,4809582.76166191
81090,3629320.5629619
81091,3880473.6915
81092,3836019.723
81093,3993792.63063334
81094,4194790.31013333
81095,4906917.75115238
81096,4740343.7779
81097,4363063.76633333
81098,4585335.4105
81099,3810182.22833333
81100,4137926.27231429
81101,4248496.65241111
81102,5209321.17701904
81103,4759389.79886667
81104,4343719.82169524
81105,2916119.66051429
81106,3319506.79847143
81107,4679897.2571
81108,4589736.78163333
81109,4362785.49826667
81110,4764906.8021
81111,4552889.0806
81112,4656337.91846667
81113,3567742.78053333
81114,2261587.76207619
81115,3890606.94373334
81116,3623701.40786667
81117,3203902.79951111
81118,3754151.21206667
81119,4332822.63856667
81120,4567582.65543333
81121,2946205.46507619
81122,5072990.8822
81123,3647836.0232381
81124,3769779.72167619
81125,4758519.11539524
81126,4344504.82972857
81127,3913908.8961
81128,4401748.21479524
81129,4328376.79494445
81130,4751820.4308
81131,4468265.2892381
81132,5421153.03696667
81133,3049588.95829048
81134,4430022.52903968
81135,3934701.16711111
81136,3652804.12452857
81137,3839085.42856667
81138,4763658.75936667
81139,3287828.65700635
81140,5028414.47725238
81141,4735987.3472
81142,4130356.45761905
81143,4797489.4381
81144,5455351.48161905
81145,5165644.83663333
81146,4732842.7425
81147,4028432.29836666
81148,5392166.79463333
81149,4742712.96629524
81150,3942372.96786667
81151,4556786.15826666
81152,3098416.03623492
81153,5034650.53774286
81154,4542543.47116667
81155,4599433.87966666
81156,4477300.5003
81157,5045238.33693333
81158,3738967.50593333
81159,3531178.07344444
81160,4627623.04510952
81161,4407528.38263333
81162,4720845.72436666
81163,4967191.6262
81164,4550054.6737
81165,4013492.27026667
81166,3105577.66904444
81167,3184178.99693333
81168,4076966.31953333
81169,4011832.10541667
81170,3910743.5528
81171,4174617.41576667
81172,4424575.753
81173,3965234.38886667
81174,4614217.7089
81175,4734162.60023333
81176,5082676.8157
81177,4922320.50376667
81178,3880922.2051
81179,4207066.72036667
81180,4530330.96296667
81181,3542683.49683334
81182,5090290.39969047
81183,4559265.62679524
81184,4234912.23753333
81185,3600999.54013333
81186,4605680.29448254
81187,4300001.12414445
81188,4115124.69386191
81189,4894513.1118
81190,5025458.63946667
81191,5039594.1299
81192,4544614.4901
81193,3893830.9830873
81194,4373455.33433333
81195,3581790.79773334
81196,4614855.44856667
81197,5016630.99533334
81198,4326126.6429
81199,5091184.60986667
81200,4399224.37973333
81201,4164505.6575
81202,3995102.05663333
81203,3654299.67683333
81204,4233521.40073333
81205,4597973.76906667
81206,4372808.9177
81207,4815672.8479
81208,4800384.85796667
81209,4604263.4678
81210,4802643.8343
81211,5472392.09716667
81212,3812222.93784444
81213,5451228.7438
81214,4362369.3297
81215,4789439.8148
81216,4310688.57676667
81217,4245608.86447302
81218,3831751.93032857
81219,4073201.47360952
81220,4353560.68667778
81221,4324625.3368
81222,4417185.42973333
81223,5041504.8280381
81224,3908453.88646667
81225,5320833.66546667
81226,5093065.53103333
81227,3489837.21644444
81228,4210087.21043333
81229,4378542.55533969
81230,4480430.58976667
81231,3494668.25130953
81232,4193675.6941
81233,4124695.61303333
81234,3610528.52683333
81235,5219451.90736667
81236,3871195.37453334
81237,3997640.98507778
81238,5171207.57286191
81239,3946610.31884762
81240,4753247.48293333
81241,4590711.8076619
81242,4327849.206
81243,5384765.77493333
81244,5583624.13283334
81245,4520022.2375
81246,4587556.0769
81247,3714468.45301111
81248,4821016.35021666
81249,4408810.62516666
81250,3974534.0187
81251,4246193.65206667
81252,3954752.04139524
81253,3568717.97766667
81254,4037394.36252381
81255,4023179.2802
81256,5046880.8941
81257,5090733.2672
81258,4819262.39125238
81259,4447744.35766667
81260,4972300.23353333
81261,3735968.23363334
81262,3989501.64993333
81263,4512012.49473333
81264,3882878.24210952
81265,3809180.00486667
81266,4422494.65626667
81267,3127256.56150476
81268,4621237.13953334
81269,3941040.57990952
81270,3938850.17586667
81271,5098975.47978095
81272,4471647.96526191
81273,3462888.3310381
81274,4217284.03806667
81275,5346787.88296667
81276,4501341.80903968
81277,4693711.98996667
81278,4473735.75916667
81279,4473903.09876667
81280,4409329.34511905
81281,4279982.9735
81282,4531660.54255238
81283,4638505.93053333
81284,4191154.40803333
81285,4386548.93065715
81286,3964944.55574445
81287,4618990.62886667
81288,4145119.11923333
81289,3477945.68317778
81290,3871283.3354254
81291,4132766.52969048
81292,3985198.20460635
81293,4577320.47146666
81294,4140132.3544
81295,4052331.47863333
81296,4759488.00263334
81297,4165644.95453334
81298,5587673.32183333
81299,4764276.5359
81300,4048001.74263334
81301,4072163.73486191
81302,5373287.72063333
81303,4246806.32916666
81304,4256818.1185
81305,3936554.99524286
81306,4426567.11896667
81307,4774041.43463333
81308,5164610.32703333
81309,4511384.90023809
81310,4104232.986
81311,4279744.16457778
81312,4709371.0007
81313,4203795.31686191
81314,3772308.06833334
81315,4921286.95973333
81316,3960109.39113333
81317,4131778.31902857
81318,3955652.97553334
81319,5571160.23846666
81320,4454539.3859
81321,4052126.6112873
81322,5054789.74196667
81323,4882761.2072
81324,4449531.737
81325,3729633.99211587
81326,4277107.29677619
81327,4909547.28496667
81328,4065719.45886825
81329,3814383.85293333
81330,4827089.16576667
81331,3271956.24656667
81332,4376610.5941
81333,4267102.97476667
81334,4805161.37373333
81335,5054546.98019048
81336,4397031.89166667
81337,4500006.7183619
81338,4630868.64513333
81339,4265640.39503333
81340,4519949.97463333
81341,4172321.51301429
81342,4101115.17901111
81343,4000846.1023
81344,3998744.71860952
81345,4319210.14826667
81346,5084146.53196667
81347,4417962.24263334
81348,3581241.32843333
81349,4176130.3288
81350,4794259.6908
81351,4192320.02806667
81352,4713180.65413333
81353,3352392.0013
81354,4592467.54123333
81355,4000333.00186667
81356,4689300.66631905
81357,4733281.71996666
81358,4922811.1565
81359,5092458.1619
81360,4378541.76196191
81361,5097620.4796
81362,5183792.71432857
81363,4749777.56116667
81364,4683248.56406667
81365,4347863.08233333
81366,3170197.76376667
81367,5175570.80894444
81368,3971795.95313333
81369,3991118.3032
81370,4930388.70013333
81371,4557243.80916667
81372,4549760.528
81373,4427219.96449524
81374,5022522.4252
81375,3885685.2094
81376,4366104.7598
81377,4755626.85406666
81378,4328462.26973334
81379,4925193.84003333
81380,4215681.83829524
81381,3774642.96771111
81382,3880834.64696667
81383,4885081.9415
81384,5595419.33086666
81385,4605540.588
81386,4382690.32756667
81387,2825338.16366667
81388,4259141.3915
81389,4203041.60586667
81390,4483728.00436667
81391,3972931.99953333
81392,4526489.5015
81393,3631323.21632381
81394,4522508.77360635
81395,4736681.10756667
81396,4310886.84425714
81397,4175341.21333333
81398,3691633.24089524
81399,3010810.67383333
81400,4549119.89906667
81401,4371684.06986667
81402,4091072.13393333
81403,4550045.98223333
81404,4736736.89703333
81405,5453835.25646666
81406,4305110.8478
81407,4146099.5105
81408,5061384.97436666
81409,4035437.00593333
81410,4604332.18126666
81411,3762902.16574762
81412,5193717.37573333
81413,4521797.83063333
81414,4324743.36783333
81415,3797081.79136666
81416,5029511.7309
81417,4891436.42603333
81418,3766886.74803333
81419,3326539.13183333
81420,3873110.21472857
81421,4634911.2763
81422,3136515.19903968
81423,4215466.7929
81424,5234686.67956667
81425,4846801.50936666
81426,4220725.28104286
81427,4495529.48036667
81428,4777742.15313333
81429,3427573.4255873
81430,5461328.6194
81431,4625140.54715
81432,4209979.5465
81433,4547049.04476667
81434,5223406.89443333
81435,3326508.77656667
81436,4360089.4139
81437,4839735.39533333
81438,3515928.53577619
81439,4953577.30886667
81440,4555038.36936667
81441,2971833.29022857
81442,2838068.03729524
81443,3678488.0265
81444,3891271.89036667
81445,4236434.8814
81446,4479089.67333333
81447,5093849.71010476
81448,3859627.22474444
81449,4130909.17776667
81450,4543905.76396191
81451,4355792.67202857
81452,4372098.40793334
81453,3964238.60090476
81454,4300044.6949873
81455,3601966.49286667
81456,4924628.98289524
81457,4760230.92713333
81458,2926853.29754286
81459,4374000.8477
81460,4343379.88704444
81461,4167377.44223334
81462,4467376.29706667
81463,3826478.6803
81464,4345899.513
81465,4386366.21485238
81466,3970121.39649524
81467,4265727.31550952
81468,4345190.68373333
81469,3426576.18469524
81470,3277398.88750952
81471,4581074.3557
81472,3966690.59484286
81473,3219437.38033333
81474,4711912.4148
81475,5485655.40573333
81476,3935028.43883333
81477,4917111.84183333
81478,4614913.5264
81479,4915386.77406667
81480,4814577.3757
81481,4225544.09439524
81482,4784499.4582
81483,4651260.15563333
81484,4026790.08313334
81485,4595783.98516667
81486,4219003.99062381
81487,3977968.55181111
81488,4430275.00533333
81489,4426196.25502778
81490,3991131.01703334
81491,4511182.53593333
81492,4799738.82403333
81493,5803403.83596667
81494,5119990.63980476
81495,3945795.55073333
81496,4879106.99623333
81497,5064022.4431
81498,4500654.9059
81499,4141055.79493334
81500,4513767.81253333
81501,3880863.51698572
81502,3759321.4947
81503,4780338.82486666
81504,3822874.94927619
81505,4908510.22246666
81506,4508155.17783333
81507,4068738.95018572
81508,4314274.511
81509,3996252.70923333
81510,3794663.58245238
81511,3510537.74883968
81512,4555823.04651905
81513,4857795.76326667
81514,3545244.13713333
81515,4443708.1048
81516,5046734.63743333
81517,4326207.62245
81518,4461871.1185
81519,4076099.21643333
81520,4555774.2458
81521,4004501.90475873
81522,5050128.54086667
81523,4237356.79587143
81524,4955292.79476667
81525,3673607.88645714
81526,4856616.7188
81527,4705320.6112
81528,4703245.5336
81529,4306836.36119524
81530,3561607.56302857
81531,4874136.20673334
81532,4874986.29602857
81533,5026412.0433
81534,4955300.0332381
81535,4284878.40456667
81536,4193746.3744
81537,5058727.33653334
81538,5494394.87943333
81539,4564558.4544
81540,4475773.9569619
81541,4138287.72535714
81542,4053559.82543333
81543,4096648.4354
81544,4632327.3386
81545,4486832.58626667
81546,5084400.8487
81547,3759861.25090952
81548,3752868.1717
81549,4622915.7495
81550,4933648.3728
81551,3934598.56474286
81552,4366822.52343333
81553,4177678.36506667
81554,4880853.26537777
81555,5051581.8863
81556,3929707.128
81557,4752841.77396667
81558,3945494.99196667
81559,4354104.44326667
81560,3935700.66623334
81561,3588995.09253333
81562,4407323.79093333
81563,3602773.1848
81564,4781862.8187
81565,4353162.44853333
81566,5157384.0435
81567,3787621.70274444
81568,3528729.71953333
81569,4397019.22146667
81570,4694344.649
81571,3946257.08763333
81572,5052611.41
81573,5134609.99253333
81574,4513334.69432857
81575,3407223.57617619
81576,3761177.64823334
81577,3464611.84898095
81578,4084771.70623334
81579,4370382.38217778
81580,4524223.08196667
81581,4483504.46656667
81582,4230170.7302
81583,3970899.61353333
81584,4673494.40322857
81585,3432977.36038571
81586,3841507.5967
81587,5269526.09676667
81588,4276990.2872
81589,4318095.93826667
81590,4859433.96526667
81591,4334324.45376667
81592,4752938.87013333
81593,2919077.48427619
81594,4421798.02403333
81595,2799387.59995714
81596,4453898.99406191
81597,4253802.62023333
81598,4119620.78477143
81599,3863148.65156667
81600,3496859.9821
81601,4476023.28326666
81602,4588852.2288
81603,2715639.89707143
81604,2910241.27840952
81605,4687982.229
81606,4852650.68716666
81607,4831501.47321904
81608,3946973.21274286
81609,4371233.02098095
81610,2788566.93213333
81611,5014553.54672857
81612,3178121.90000635
81613,4331089.1674
81614,4586139.4377
81615,4016479.14429524
81616,5269723.59221905
81617,3988486.72393333
81618,3987583.7615873
81619,4638134.9538
81620,5132415.9306
81621,4784326.1427
81622,4971023.60643333
81623,4475831.79843333
81624,4791701.59413333
81625,3511732.03632857
81626,3975365.7765
81627,4369782.43073333
81628,4412240.77171587
81629,4314668.84496666
81630,4395829.97883333
81631,4683248.56406667
81632,4048085.2794
81633,4272021.99526667
81634,4415621.0996
81635,3537442.04393334
81636,3984527.00729683
81637,4725921.93337778
81638,4414257.95513333
81639,3988214.60476667
81640,3845979.3644
81641,3953180.81482857
81642,5726051.14478571
81643,4201394.69826667
81644,4145926.97249048
81645,4572810.72976667
81646,4291437.3724
81647,4455268.02156667
81648,4787833.25136666
81649,4047445.03639524
81650,2624168.35279206
81651,4105549.72216667
81652,6036866.36336667
81653,4408790.21393333
81654,5311857.8942
81655,4575270.70686667
81656,4677192.83365238
81657,4738798.0364
81658,3645018.93703333
81659,4811706.51633334
81660,3793717.86387778
81661,4367504.90097778
81662,3396846.3786873
81663,3905829.85604445
81664,4443728.13173333
81665,4084322.53063333
81666,4817358.48546667
81667,2480732.87586349
81668,3683049.02866667
81669,3782715.21243334
81670,3761689.95906667
81671,4732214.43596666
81672,3504403.31604286
81673,4241334.36381905
81674,4918079.13123333
81675,3823979.37436667
81676,3368080.63382064
81677,4674151.62716667
81678,4666965.12756667
81679,3807713.85489524
81680,4772786.33806667
81681,4498039.40916667
81682,4194209.74994444
81683,3021075.96727143
81684,4194854.64073333
81685,4440083.95108334
81686,4950468.4512
81687,4692475.9845
81688,3220554.8231381
81689,5098456.70633334
81690,3542795.751
81691,4454113.12066667
81692,4267817.32296667
81693,5007424.99026349
81694,5143348.6388
81695,5098291.25433333
81696,3901565.44009048
81697,4363836.74553333
81698,4837621.48676666
81699,4208240.77583333
81700,5717011.13373333
81701,3960978.88476667
81702,4130913.7634
81703,4081153.12987619
81704,5131738.6955
81705,4997475.4459
81706,4497401.7277
81707,4029800.9791381
81708,5091193.61976666
81709,2902084.48724286
81710,4436598.22614445
81711,3648884.62331111
81712,4943158.23905238
81713,4600794.2739
81714,3933056.06996667
81715,4555874.61236666
81716,3547222.94334444
81717,4056024.55766667
81718,4126079.64343333
81719,4057286.61693333
81720,3977942.0787
81721,4501018.66013333
81722,3695731.76633333
81723,4682816.0206
81724,3342572.33533968
81725,4025197.29633334
81726,4676998.51946667
81727,4755213.96346666
81728,6086194.12556667
81729,4677309.77599524
81730,4236998.44893333
81731,4310600.61265238
81732,4901727.08073333
81733,3891484.35271111
81734,4018968.39963333
81735,4955554.52223333
81736,4152754.42926667
81737,4391957.31329524
81738,2702990.10803333
81739,4977533.31936667
81740,5054367.16975238
81741,3854349.06093333
81742,4473044.59464444
81743,5173176.7647
81744,3745130.68816667
81745,4565862.1548
81746,4580421.66356667
81747,4434890.11875714
81748,4273860.15906667
81749,3940616.312
81750,4653200.03113333
81751,5283511.7093
81752,4054451.35886667
81753,4226206.1412
81754,4582607.2862
81755,3679157.43223333
81756,4007323.39595397
81757,4543550.96013333
81758,4474934.64428095
81759,4607922.98265714
81760,4710861.80936667
81761,4909857.50093333
81762,4802361.7434
81763,4209122.52184286
81764,4620482.5046
81765,3792630.46836667
81766,4202354.07196667
81767,4371924.90556667
81768,3877795.64495397
81769,3836645.429
81770,4266002.52561905
81771,4561391.75840952
81772,4510794.25883333
81773,5324708.29446667
81774,4112080.81973333
81775,4405811.04966667
81776,4928142.98485238
81777,5750105.40496667
81778,4317910.13741111
81779,5353220.8365
81780,3889514.9432
81781,4777831.86822857
81782,4807369.29423333
81783,4298986.22393333
81784,4675977.94056666
81785,4718013.07312857
81786,3565618.5333
81787,4192228.11656667
81788,4725652.32173333
81789,4628623.07953333
81790,4121502.81373333
81791,3835352.4511
81792,4170194.3707
81793,4799525.20033333
81794,4384487.8372
81795,5399896.1877
81796,4524796.19018571
81797,3906157.3051619
81798,5027579.94376667
81799,4089262.65156667
81800,4343302.22419524
81801,5527756.20268571
81802,3619505.82951429
81803,4545000.1688
81804,4203139.90711429
81805,3377421.24243333
81806,4666802.87767143
81807,5370461.97456667
81808,4102953.13083333
81809,4531363.87366667
81810,4128954.45083333
81811,4151726.3804
81812,5266746.98596667
81813,4281870.25296667
81814,3722850.98151429
81815,3394271.86874762
81816,4128794.4832
81817,4995220.87136667
81818,4219352.76086667
81819,4360789.81933333
81820,4525875.33263333
81821,5164284.93842857
81822,3586013.19673333
81823,2380054.7937381
81824,4669637.43672857
81825,3607696.52686667
81826,4439124.36233333
81827,5258502.444
81828,4471164.37945238
81829,3546980.39392857
81830,4780642.06216667
81831,2846991.25706191
81832,4117902.21720952
81833,3523481.03244762
81834,4854555.61176667
81835,4692602.7558
81836,4705866.6238
81837,4940739.61887778
81838,4592571.33756667
81839,4560238.04296667
81840,4616821.5237
81841,4680537.0656
81842,4197904.53980476
81843,4661284.48783333
81844,4311404.74886666
81845,4238355.747
81846,4668806.6568
81847,4858485.96173333
81848,4170962.61608571
81849,3896375.19726667
81850,4375950.7111
81851,4135298.2283
81852,4970744.60296667
81853,3782785.7692
81854,4558421.46056667
81855,4448062.98586667
81856,4679886.87566667
81857,3336930.22641111
81858,4281869.22576666
81859,4398856.86343333
81860,4857732.9968
81861,3174378.92111111
81862,4349862.67523333
81863,3632570.688
81864,3221942.05807143
81865,4962750.7408
81866,4581440.01216667
81867,4508463.51312381
81868,4558492.3398
81869,4741830.4571
81870,4230360.38403333
81871,3365671.92466667
81872,4852158.1424
81873,5144645.4423
81874,4988038.1902
81875,4287808.1181881
81876,4769843.96346666
81877,4257536.5152619
81878,3636542.6513
81879,4179492.91743333
81880,4103656.6045
81881,3568459.26813334
81882,4999585.37163333
81883,4964376.45347778
81884,4242213.291
81885,4373409.32619524
81886,4568527.087
81887,4168383.20755238
81888,3680258.71594444
81889,4391803.9869
81890,4043043.17264445
81891,4269877.84223334
81892,4111335.0952
81893,4359650.3932
81894,4531252.50403333
81895,3850473.60568572
81896,4000663.3902
81897,4242753.66066667
81898,4131412.16478095
81899,4720225.95257778
81900,4085207.2368
81901,3981115.05049524
81902,6416140.49003333
81903,4309887.10969048
81904,4360973.43876191
81905,3602430.00451429
81906,4409147.25714286
81907,4959246.00403333
81908,4850488.35769999
81909,5115296.23573333
81910,4764312.40399524
81911,5060443.8906
81912,2717576.33247143
81913,4716162.12903333
81914,4136297.72574445
81915,4624065.59116666
81916,4265370.62266191
81917,4130516.17676191
81918,4246890.9671
81919,4086113.31643333
81920,3890051.96012857
81921,4535014.52273333
81922,4126078.99133968
81923,4726225.21966667
81924,4474938.35782619
81925,4428004.43443333
81926,4963078.57593333
81927,4211393.75713333
81928,4201226.9781
81929,4811512.82473333
81930,4861307.59283333
81931,3749270.60903968
81932,4667761.5886
81933,4428342.8343
81934,3737364.91546667
81935,3664482.01306667
81936,4384648.1031
81937,4604787.78103333
81938,5022335.43986667
81939,4002652.43883334
81940,4255440.4582
81941,4610407.01126667
81942,5241753.4802
81943,4800922.23488095
81944,4460710.33386667
81945,2974157.27009524
81946,4469989.10293333
81947,4169544.46679524
81948,4761101.67683333
81949,3895308.4215
81950,4657603.41056667
81951,4703802.5213
81952,4242304.38646667
81953,4899832.9853619
81954,4671457.11726667
81955,4039356.25966667
81956,4370729.7902
81957,3386828.44540952
81958,4236657.92156667
81959,4700357.48353334
81960,4911608.92176666
81961,4741630.87308571
81962,4314796.8895
81963,4102707.89055397
81964,4167004.88279048
81965,4841659.63256666
81966,4103904.06033333
81967,4116932.0611
81968,4610124.54076667
81969,4174321.5789
81970,4137298.87563333
81971,4203822.51356667
81972,4200703.10536667
81973,4207255.06915714
81974,5005605.5684
81975,4794095.65173333
81976,5000485.62006667
81977,4643178.13446667
81978,4839779.1432
81979,4562607.26136667
81980,5171682.37056667
81981,4423061.8058
81982,4818621.18973333
81983,4912101.9594
81984,4430914.69373333
81985,4985901.53953333
81986,4555606.9562
81987,3857036.01486667
81988,5198116.5244
81989,4501645.2098
81990,4150671.48893333
81991,4239452.63802857
81992,4410682.42835714
81993,4968429.35693333
81994,4306712.5836
81995,3529677.1578381
81996,4307233.1346
81997,4202732.33973333
81998,5079583.84476667
81999,4069006.06177778
82000,2398661.97049048
82001,4020515.59876667
82002,4301307.6924619
82003,4707731.14013334
82004,4856978.18413333
82005,3905137.5764873
82006,4351428.06463333
82007,5445793.35693333
82008,4262322.3385
82009,4155394.92003333
82010,2895711.87244286
82011,4277853.93723333
82012,3959579.30554762
82013,5655742.36143333
82014,5281525.73915238
82015,4848887.83126667
82016,3837993.21736667
82017,4861386.04966667
82018,4565019.29953333
82019,4026835.69663333
82020,4749153.81246666
82021,4246265.97196667
82022,4218328.8083
82023,3703218.05400953
82024,3896089.35293333
82025,3854095.10049524
82026,5009604.21716666
82027,5345077.72983333
82028,4432329.23916666
82029,4166713.19106667
82030,4834098.57076667
82031,4616371.1989
82032,4308651.01896667
82033,5315318.46336667
82034,4157709.1224
82035,4656896.3846
82036,3840768.20286667
82037,3871010.69325397
82038,3734026.41441111
82039,4425203.81173333
82040,4126313.10936667
82041,3893474.73936667
82042,4526577.09045714
82043,4086501.34853333
82044,4219492.88786667
82045,4656040.28161111
82046,4057249.84753333
82047,4041077.30896191
82048,4036267.58953334
82049,5356624.64943333
82050,4550628.79503333
82051,5194553.1261
82052,4287167.39126667
82053,4259094.55956667
82054,4387425.4366
82055,4295085.10496191
82056,4092398.99556667
82057,4628424.1227
82058,2887894.6351
82059,2981526.28943809
82060,4153663.34523333
82061,4222644.30867619
82062,4738729.48196667
82063,3972677.20796667
82064,4522019.75006667
82065,4454290.22083333
82066,4078617.74213333
82067,4153567.57380635
82068,4952471.4369
82069,4417945.54052381
82070,3807076.31987778
82071,4048202.13292857
82072,3891363.80663333
82073,3879022.52723334
82074,2823257.46103333
82075,5258831.28466667
82076,4092161.17483333
82077,3903340.58306667
82078,4758183.50283333
82079,4609453.74956667
82080,4943633.17214286
82081,3934718.58375238
82082,3905619.67756667
82083,4186198.7197
82084,4069123.77776667
82085,4546813.4938619
82086,5376295.362
82087,4651299.96173333
82088,4523966.45595238
82089,3391606.85264444
82090,3851723.45398571
82091,4682078.33617778
82092,4855302.01516667
82093,4391117.8362
82094,5187381.98443334
82095,3697792.44662857
82096,3422614.0674
82097,4387653.9824
82098,3362863.12925714
82099,4001438.7652
82100,4268136.07066667
82101,4557549.41460952
82102,5468855.7576
82103,4576920.60188571
82104,4433707.61633333
82105,4539619.61066667
82106,4390193.94395715
82107,4497495.16156667
82108,3612055.99376191
82109,3666009.33293333
82110,4711248.3921
82111,4111764.05229524
82112,3541713.60158095
82113,4331339.20336667
82114,4822076.3422
82115,5299451.93106667
82116,4406951.17356666
82117,4426005.49873334
82118,3237828.9767873
82119,4455488.81390953
82120,4427931.7286381
82121,4418543.81826667
82122,4818353.73221111
82123,4592618.5305
82124,4453749.54783333
82125,3620390.16177619
82126,5101594.49342381
82127,3955116.5573381
82128,4230648.44843333
82129,4650833.30203333
82130,4294692.86716666
82131,4301709.7042
82132,4228249.0976
82133,4025855.46133334
82134,4045354.74766667
82135,4643423.22433333
82136,4505873.14932857
82137,4391188.55693333
82138,4085974.48366667
82139,3691765.76253333
82140,5134004.99862381
82141,4970193.75793333
82142,5059344.60573334
82143,4159268.44086667
82144,5842434.71193333
82145,4924863.22953333
82146,4365922.91630476
82147,4329546.6181
82148,3074413.38484444
82149,3844685.64117778
82150,4532841.72642857
82151,3758979.50852381
82152,4308217.2041873
82153,5216418.27213333
82154,4284110.72476667
82155,4776888.81366667
82156,4442283.87176667
82157,4321292.17226667
82158,5028202.25506428
82159,4515426.87946667
82160,4463511.5602
82161,4365769.55521587
82162,4920131.62383333
82163,4091711.77383333
82164,3691863.2482
82165,4587394.90413333
82166,4613585.1047
82167,4718787.0190619
82168,4796671.35063333
82169,4834085.7544
82170,5052611.41
82171,4229134.92673333
82172,4074132.23513333
82173,5622213.6826
82174,3328465.75377619
82175,4364696.15333333
82176,4895830.6783
82177,4841601.3653
82178,4896716.20905714
82179,3407223.57617619
82180,3884627.99423968
82181,4146827.22504445
82182,3206876.92756667
82183,4283540.0806
82184,4734793.05246666
82185,3759122.9851
82186,3397813.79425714
82187,5016806.47666666
82188,4270157.29013333
82189,3575923.13593334
82190,3414641.51848572
82191,5137116.31396667
82192,3919678.01337619
82193,4406000.1229
82194,4346289.64703333
82195,4136493.84283333
82196,4605909.76586667
82197,3840583.34194762
82198,5130057.39945238
82199,2689152.92056667
82200,4044580.47683334
82201,4222168.80866667
82202,3620205.878
82203,5250758.3085
82204,4313345.2907
82205,3352480.62096666
82206,3576609.5975254
82207,4621199.20026191
82208,4408505.49176667
82209,3515898.39753333
82210,4999660.4166
82211,3675752.62166667
82212,4672129.48192857
82213,4727847.21073333
82214,3714165.28121111
82215,4262728.5621
82216,3396499.23705873
82217,4318311.46295714
82218,4480560.56516667
82219,4598300.45993333
82220,5045522.77956666
82221,4802352.79886667
82222,3885685.2094
82223,5345231.50007778
82224,3748801.2775
82225,4784271.82716667
82226,4182769.88913333
82227,4657603.41056667
82228,4821264.0303
82229,4339004.68483334
82230,4312754.37983333
82231,4395772.95306667
82232,5128573.23666667
82233,3933324.29511111
82234,3535826.42067778
82235,3908843.63879524
82236,3079535.55654286
82237,4250538.22726667
82238,4767092.17998572
82239,3911904.23902857
82240,3981036.0537
82241,5340165.801
82242,4187920.98313334
82243,5043497.12706667
82244,3959330.6407
82245,3708199.61207778
82246,5017295.34173333
82247,3928875.97176667
82248,4416736.73253333
82249,4239434.5168
82250,3732028.05594286
82251,4182608.68476667
82252,3718327.0304
82253,4164297.04113333
82254,4483361.45650952
82255,4238156.28175714
82256,5019159.3414
82257,5286795.62703334
82258,4114901.34313334
82259,5053579.91341111
82260,4731519.6674
82261,4664475.76662064
82262,4563092.59953333
82263,4336747.45663334
82264,5571620.45186667
82265,3877326.627
82266,4509912.22479524
82267,4150400.21636667
82268,3986605.12871111
82269,4498031.35046667
82270,3988521.8571
82271,3545665.5054381
82272,4836264.94986666
82273,3020837.92794286
82274,5023669.3883
82275,4809959.04446667
82276,4246503.3919
82277,4255346.17395952
82278,4398141.75373333
82279,3682280.03488095
82280,5113225.2026
82281,3816713.82406667
82282,5128985.59726666
82283,4617112.74286667
82284,3010214.38724445
82285,3703560.77073334
82286,3418094.78547619
82287,4428182.7593
82288,4068929.61106666
82289,3640816.39333333
82290,4268695.83152857
82291,3654515.30106667
82292,4689266.277
82293,4657025.90596667
82294,4983051.3801
82295,4336487.20473333
82296,3582138.16013334
82297,4208006.8343381
82298,4693422.42384445
82299,3972514.93152857
82300,4743676.92266667
82301,3945296.13738254
82302,4587324.4521
82303,4418800.65676667
82304,4914016.72876666
82305,4147690.47987302
82306,3212423.3248619
82307,3817583.30548571
82308,4983718.18973333
82309,4391911.78481111
82310,3727181.3746
82311,3783534.43552381
82312,3726046.41674286
82313,3917488.06829524
82314,4348407.46014286
82315,3743999.82882064
82316,4660998.97106667
82317,3604830.81813334
82318,4868731.50266667
82319,4189309.97023333
82320,4112292.13976667
82321,4588054.06812064
82322,4362354.51263333
82323,3517315.00773333
82324,5274119.34923333
82325,4665580.11004286
82326,4738363.72243333
82327,4701415.4537
82328,3974566.0279
82329,4612606.19473334
82330,6265784.09433333
82331,4584440.00372857
82332,4527894.4511
82333,5037077.57136667
82334,3902872.5964
82335,4536288.0966
82336,4449634.2597
82337,3759700.003
82338,4568456.91034285
82339,3090027.5017254
82340,4849662.77616667
82341,4740683.6069
82342,4501724.9873
82343,4006915.4481
82344,5517328.99288572
82345,3356892.33033334
82346,4320252.30636667
82347,4375159.44026667
82348,3854929.46183333
82349,3914853.61486191
82350,4676140.14853334
82351,4041476.07359048
82352,3701933.9919
82353,4352482.7557
82354,3911948.4627
82355,4239212.78528572
82356,4179706.76723333
82357,4201901.22123333
82358,5019069.65433333
82359,4960941.53788571
82360,3789657.63537619
82361,4160391.5268
82362,4159947.11621111
82363,3971700.9032
82364,4939861.42006666
82365,5115210.85026667
82366,4115833.49673333
82367,3810260.57423333
82368,4718917.898
82369,4909757.58206667
82370,3963479.63936667
82371,5243857.67816667
82372,4693763.14376667
82373,4261616.55006666
82374,3848925.92806667
82375,3996174.71117778
82376,2502764.52663016
82377,4144155.86646667
82378,4034688.4201
82379,3990881.83987778
82380,4093224.91781111
82381,4584851.77843809
82382,4510201.3069
82383,5035302.8129
82384,4130053.3963381
82385,4458370.33827301
82386,3534511.74960952
82387,5166152.2381
82388,4337602.75177778
82389,5414895.33116667
82390,3987893.3454
82391,4079112.05204762
82392,5108623.34536667
82393,3315043.97747619
82394,4745150.21363333
82395,5289662.37933334
82396,4160214.87356667
82397,4756707.53074444
82398,3664086.38133333
82399,4776941.81221587
82400,4048263.28143809
82401,4696221.4159
82402,3833004.92253334
82403,4452461.51413333
82404,5033058.0125
82405,5299784.15336667
82406,3339747.25816191
82407,3549220.02166667
82408,4553057.31976666
82409,4482210.66906667
82410,4884150.10306667
82411,4497128.41863333
82412,4737844.78233333
82413,4512217.38213333
82414,4022560.26315714
82415,3995671.57533333
82416,4435469.14466667
82417,4234766.31683333
82418,5024406.91836667
82419,4486944.5857
82420,4377375.37263333
82421,4269378.0996
82422,3502060.59004286
82423,4252233.25313333
82424,3592901.87817619
82425,4631396.05181905
82426,4808828.23023333
82427,3300554.85519524
82428,4506376.77233334
82429,4725425.7779
82430,4287502.73474286
82431,4417099.43264762
82432,3996521.89733333
82433,3540778.44426667
82434,4776644.8181
82435,3647373.48933334
82436,4191610.50973333
82437,3659864.4543
82438,4601087.70889524
82439,3402091.26307778
82440,3707373.6633
82441,4718020.34791905
82442,3920454.8963
82443,3380383.27114444
82444,4741699.45786667
82445,5043805.19553333
82446,4345321.5955
82447,3735669.4235381
82448,4034981.17718096
82449,4574389.7265
82450,3591836.46694921
82451,4474616.84076667
82452,5582956.04184762
82453,5376649.14365238
82454,4717233.43086667
82455,4748566.12566666
82456,4312294.44443333
82457,4801795.01506667
82458,4654435.84793333
82459,3658914.3775
82460,4876712.56623333
82461,3791823.54767302
82462,4538456.25018254
82463,3874367.40236667
82464,3753874.56810952
82465,4380709.94666667
82466,4452955.22026667
82467,3911714.86433333
82468,4471927.65236667
82469,4695281.61303333
82470,4687085.4655
82471,4382152.474
82472,4282943.32503333
82473,3261327.17967143
82474,5253951.66403333
82475,4299368.15166667
82476,4649284.06476666
82477,4840166.46696667
82478,4739853.74976667
82479,5090683.65656666
82480,4687832.11393333
82481,3883708.35796667
82482,4779237.4956
82483,3691159.52246667
82484,4383286.50053809
82485,4152275.18336667
82486,4379321.23949048
82487,4218144.78118095
82488,4775558.3038
82489,4220609.94246667
82490,3801303.76209524
82491,4751855.33463333
82492,4608734.17673333
82493,4150602.0437
82494,4393223.81146667
82495,4948793.40203333
82496,4588253.2479
82497,4342417.18423333
82498,4563433.91363333
82499,4008952.95616667
82500,3984879.1174
82501,4070724.85106667
82502,4610694.19563333
82503,4291857.34156667
82504,4137159.24757619
82505,4443156.2584
82506,4482255.5669
82507,4409410.07366667
82508,4728075.48926667
82509,3601076.77453334
82510,4331772.4694
82511,4229871.64644444
82512,4531666.14361111
82513,5011752.1661
82514,4967716.84081905
82515,4729729.5922
82516,5143175.85543333
82517,4216342.7399
82518,4457704.66653334
82519,4888853.00726667
82520,3807093.9319
82521,4665837.92593333
82522,3770248.91317778
82523,4168560.46763333
82524,4099071.45703334
82525,3822213.96803333
82526,4492669.15066667
82527,4486523.411
82528,4720229.59638333
82529,4019572.25107619
82530,3803915.70236667
82531,4273149.24151111
82532,3869607.52994762
82533,4242267.43881667
82534,3799008.41423334
82535,4528772.5622
82536,4113054.18080952
82537,4598457.38603333
82538,2744243.07476667
82539,2624127.94231429
82540,3320960.7632873
82541,3573672.40265873
82542,4248105.3698
82543,3709031.85646667
82544,3964560.3478
82545,5099394.4751
82546,4612013.29356667
82547,4287785.13576667
82548,4856211.58063333
82549,4010082.46623333
82550,3096697.70423333
82551,3589958.62873333
82552,4459946.35351111
82553,3983424.60506667
82554,4424103.74943333
82555,4255953.1193
82556,5006350.58123333
82557,4108629.63519048
82558,3805803.81790476
82559,4977987.61232857
82560,3712003.86473334
82561,4864865.54349524
82562,4380117.28478095
82563,4052989.68893333
82564,4342877.7698
82565,4240811.84396667
82566,4775859.1803
82567,4899897.69119524
82568,4744277.9393
82569,4412014.73151429
82570,3737176.6258
82571,4439003.24203333
82572,4992361.9929
82573,3769472.85853334
82574,4150723.51739206
82575,4448419.5977
82576,3145836.1618
82577,4307348.55149524
82578,4890717.13855238
82579,5047104.3777
82580,4312286.08083333
82581,4121684.79912857
82582,4822242.20526667
82583,5529707.37545238
82584,4208771.96956667
82585,4227253.8192
82586,4092110.32189524
82587,4644859.84583333
82588,5103842.8869
82589,3919597.02486667
82590,3762793.31026667
82591,4336509.86793333
82592,4149887.35840476
82593,3720726.21061111
82594,5073031.0735
82595,4046309.89256667
82596,4394044.35813333
82597,4589572.45884444
82598,4508366.17563333
82599,4880393.5404619
82600,3622596.20384445
82601,4391183.44408571
82602,4761091.77803333
82603,3994690.33766667
82604,3240622.03865397
82605,4589423.00656667
82606,4198670.25593333
82607,3950694.75269524
82608,4160914.64956666
82609,4532345.93478572
82610,5086450.12123333
82611,3791600.52780953
82612,4106746.81620952
82613,3516452.72741905
82614,4852073.53223333
82615,3885268.0389
82616,5548015.81081904
82617,3156227.32690952
82618,3994137.16105238
82619,4417687.52193809
82620,4123997.24413333
82621,4406086.04377778
82622,4644867.5831
82623,4733565.76043333
82624,4933082.08983333
82625,5321053.9759
82626,4509776.08086667
82627,4558391.31616667
82628,4722945.96903333
82629,3975948.5678
82630,4450413.39563333
82631,4166042.87
82632,4633200.95486667
82633,4936018.89983333
82634,4365026.61166667
82635,4317942.22122857
82636,4015637.97793333
82637,4847902.80726666
82638,5192063.49629524
82639,4433994.28013333
82640,3507967.01182858
82641,4090476.29603333
82642,4749962.5084
82643,4547025.10800952
82644,3966811.22266667
82645,4183351.27023333
82646,4442452.9794
82647,4038710.5781
82648,4183169.08149524
82649,4229648.66987143
82650,4947160.30583333
82651,3570554.26927619
82652,4903756.00573333
82653,4482963.94096666
82654,4866202.3807
82655,4367975.3549
82656,4295145.08093333
82657,4163285.23358571
82658,3731751.03879524
82659,3208968.63706191
82660,4488204.6015
82661,4843708.26907142
82662,4952352.3753
82663,4386697.00583333
82664,2482811.89957619
82665,4870937.27683333
82666,4771011.5718
82667,3936595.3045
82668,4989483.92873333
82669,3999207.05376666
82670,3501618.87125714
82671,3979997.71084921
82672,4767460.23653333
82673,4364026.6095
82674,3644598.66128254
82675,4914504.44397778
82676,3958076.09156667
82677,3689035.20999524
82678,3939497.3659
82679,5065052.90943333
82680,4961651.8161
82681,3844321.79726667
82682,5038757.23965237
82683,4719064.1752
82684,3431279.5267
82685,5325834.60796666
82686,4793756.62439524
82687,4409325.80226667
82688,3281035.92830952
82689,4297057.71376667
82690,4879225.6249
82691,4440608.24581667
82692,4303124.5747
82693,4216029.56404286
82694,5006948.28100953
82695,4823128.79937778
82696,4970227.2619
82697,4297754.0708
82698,4010052.4446
82699,4405854.10616667
82700,4233234.3874
82701,4865227.78426666
82702,3911756.61296666
82703,4695284.54693333
82704,4752198.38194285
82705,4295388.1014
82706,4479551.38602381
82707,3748072.4568
82708,4708067.69893333
82709,4409569.00993333
82710,4674107.4268
82711,4598619.05912857
82712,3734398.65611111
82713,4809244.96546667
82714,4636485.14467778
82715,4433023.76763333
82716,5452509.84156667
82717,4586350.72146667
82718,4435916.44893333
82719,4484216.6505
82720,3650447.7098
82721,4509414.03176667
82722,4574651.24083333
82723,3697116.31916667
82724,4104860.07156667
82725,4217373.84227778
82726,4282284.89716667
82727,4009697.47123334
82728,4692094.96983333
82729,3986231.42826667
82730,4013586.46223492
82731,5034311.20386667
82732,4525772.54143334
82733,4231282.9456
82734,4317158.66706667
82735,3886598.1138
82736,3425537.45093334
82737,3199644.56280952
82738,4959978.59219048
82739,4044765.40784444
82740,5172764.15586667
82741,4106986.5835873
82742,3810501.06194444
82743,5069496.98523333
82744,4425284.74023333
82745,3528023.28719524
82746,4203586.4562
82747,4655186.6896
82748,4253692.59512857
82749,5008360.60036667
82750,4826849.22706667
82751,3988438.11563333
82752,4654908.23743333
82753,5083795.4144
82754,4757040.2104
82755,4242811.5681
82756,4141189.01146667
82757,4736502.39955238
82758,3984817.66325873
82759,3067721.60536667
82760,3996688.63868572
82761,4269790.06306667
82762,4441847.45881587
82763,4660659.1159
82764,4224835.19046667
82765,4615735.67526666
82766,4143659.22950953
82767,4188076.57637778
82768,4816057.88713333
82769,4450591.2474
82770,4130449.8644
82771,4766261.05106666
82772,4343391.89932381
82773,5124519.90433333
82774,4456886.05563334
82775,3603374.44764921
82776,5060498.22261111
82777,4280278.82676667
82778,4702690.11166667
82779,3843613.79896667
82780,5243067.17646667
82781,4334567.40723333
82782,3955814.05750159
82783,3901144.21386667
82784,3646107.07327302
82785,4265640.39503333
82786,3912363.7705
82787,4147873.58526667
82788,3515977.92891588
82789,4734780.80332857
82790,4757238.50073333
82791,5122413.54318571
82792,4544625.20496667
82793,2867550.02096191
82794,4607925.56346667
82795,4353881.29453334
82796,4207438.87974445
82797,4368765.43033333
82798,4232129.12687778
82799,4125214.83354286
82800,4960717.1191
82801,4869385.60592857
82802,4427936.6176
82803,4942327.86676666
82804,4770343.05136667
82805,4739551.7599
82806,3655997.59665714
82807,4116435.95924445
82808,5107342.03628571
82809,5409227.23848572
82810,3466235.7263873
82811,4524300.45363333
82812,5160796.7811
82813,4137626.94154444
82814,4812393.8522
82815,3437937.84263334
82816,4480248.09659524
82817,3567296.3263
82818,4279923.70916667
82819,4646239.73666667
82820,4839903.68886667
82821,4667615.03656667
82822,4907974.324
82823,5852855.29283333
82824,4172450.66753333
82825,4697333.6752
82826,4674829.34653333
82827,4362899.88282857
82828,2599052.32967619
82829,4590848.6036
82830,3771213.98473334
82831,3659467.40225238
82832,4525726.03102381
82833,5132082.95866667
82834,4787514.22713333
82835,3712738.81790952
82836,4434637.74943333
82837,4270474.82133333
82838,4340607.90376667
82839,4113776.33014444
82840,3965609.37581905
82841,3914506.41940476
82842,4431795.6805
82843,4598856.12515238
82844,5287215.81266667
82845,3699647.05012063
82846,4415564.1322
82847,5120624.61866667
82848,4193074.11127778
82849,4431651.51173334
82850,4518418.9957
82851,4698672.12452857
82852,3946811.87523333
82853,4565708.12466667
82854,3537734.502
82855,4460208.36961111
82856,4489502.6736
82857,4777238.82236667
82858,4082354.05306667
82859,4058537.81289048
82860,4671445.59613333
82861,5517638.49176666
82862,4153435.69066667
82863,4610605.78676667
82864,5075380.70976667
82865,4141417.40833334
82866,3805582.40995873
82867,4235468.5797
82868,4230341.0508
82869,5020413.93377619
82870,4367301.88057778
82871,3771152.267
82872,4143500.38936667
82873,4050438.9564
82874,3609385.21150635
82875,4284047.9740381
82876,3660829.62431111
82877,4375781.0883
82878,3922533.41296666
82879,4257178.3801
82880,3823788.76346667
82881,3845184.77276667
82882,3864786.84506667
82883,5214842.6997
82884,4765471.22106667
82885,5177824.37647778
82886,5602780.29013333
82887,3928898.72976667
82888,4360693.67509682
82889,3996250.88508095
82890,4950677.23413809
82891,4207255.06915714
82892,3800776.66443333
82893,4761788.7653
82894,4358396.7833
82895,3591085.99902857
82896,3462662.87346667
82897,4140764.17593333
82898,4067614.54684445
82899,3946591.9639873
82900,4130089.9692
82901,4583571.90643333
82902,4727108.71936667
82903,3892564.29180952
82904,3384010.15416667
82905,4465374.31260952
82906,4535853.92776667
82907,3145495.76657143
82908,4015453.31573333
82909,4421101.2716
82910,4424651.36113333
82911,4939889.68393333
82912,4519146.9046
82913,4724116.13593333
82914,4067487.30884286
82915,3947586.34816667
82916,3758765.93793334
82917,4909859.17895238
82918,5149532.11756667
82919,3144989.46907143
82920,4486392.73743333
82921,4220215.49446667
82922,3700598.89189524
82923,4100856.66063333
82924,3430443.09833334
82925,4121858.12523333
82926,4253897.00206191
82927,3454111.64657619
82928,3170903.11879206
82929,3452517.4331381
82930,4117473.07946191
82931,3747243.5893
82932,5119589.06553333
82933,4826591.54276666
82934,5097043.48512857
82935,4145447.91093333
82936,5111402.48163333
82937,4244738.12263333
82938,3490904.54266667
82939,4161040.55893333
82940,3873783.29166667
82941,5319723.93536667
82942,4106887.6519
82943,4385268.97653333
82944,4091242.63612857
82945,4837407.5056
82946,4262962.30576667
82947,3580396.62393334
82948,4619405.55366666
82949,4509281.4556
82950,4339861.32946667
82951,5313984.08406666
82952,4254927.69433333
82953,5381068.0441
82954,3584919.8956873
82955,3505139.55593016
82956,4279672.57406667
82957,4002334.83946667
82958,4651126.57316666
82959,4150394.11673333
82960,4467992.89193333
82961,5139290.20396666
82962,4347585.72352857
82963,4494386.1268
82964,3554794.0126
82965,5066945.0252
82966,4312716.47286667
82967,4808257.0603
82968,3726260.09133333
82969,4483527.28926667
82970,4438686.782
82971,4312592.79951905
82972,4699939.79453333
82973,4679903.52783333
82974,3821550.55463334
82975,4834474.02436667
82976,4123612.9795
82977,2734580.76834762
82978,4564416.1857
82979,4301052.42716667
82980,3713326.53951111
82981,5584151.7183
82982,4677861.59863333
82983,4568266.79503334
82984,4770123.4719
82985,2758565.69340952
82986,3465267.6531
82987,4241020.56023333
82988,4596686.29612857
82989,4706859.42163333
82990,4104898.67279048
82991,4278550.5419
82992,4064965.47676825
82993,4883543.01353333
82994,3131069.48980952
82995,3823463.9578
82996,4530528.92852857
82997,4535994.23453333
82998,5063433.9093
82999,4431892.92294762
83000,4117400.19713334
83001,4034021.5759
83002,4173592.15563333
83003,5117416.5158
83004,4191159.81159048
83005,4971275.91716666
83006,5106836.51803333
83007,4120305.33887778
83008,4260526.58756667
83009,4367305.35746667
83010,3957194.57883333
83011,4676242.25241429
83012,5224265.94416666
83013,5109667.79463333
83014,3705111.3641
83015,4384310.32444762
83016,4624047.95853333
83017,4564728.611
83018,4032629.76923334
83019,3533351.82967778
83020,5090517.72520476
83021,3886243.31406667
83022,4400644.11896667
83023,4833024.85366667
83024,4261404.24533333
83025,4802266.57124762
83026,3549052.48433333
83027,4849676.62526667
83028,4413815.92773334
83029,4170075.9576
83030,3887276.97221905
83031,2559550.28424286
83032,4477516.47249524
83033,4111142.49231111
83034,4412535.40899524
83035,4858720.12
83036,4171373.66833333
83037,4140397.77206667
83038,5220708.52223333
83039,4662852.18984762
83040,4092365.06107143
83041,3922247.83421429
83042,3331719.25075714
83043,4082478.44177778
83044,4139848.53806667
83045,4512315.6388
83046,4118293.0317
83047,4892356.93386667
83048,2795330.85498095
83049,4782994.72264921
83050,3379768.51523333
83051,4721463.31383333
83052,4805985.33036667
83053,5408461.7156
83054,4628016.15438571
83055,4746837.5804
83056,4071811.89900952
83057,5687561.59326667
83058,3953114.5329
83059,4615260.02811905
83060,5131634.34788571
83061,4349488.33005714
83062,3689838.34283333
83063,4784146.99223333
83064,3458598.28014445
83065,3911546.76636667
83066,4154673.99683333
83067,5227422.01511905
83068,5323788.60293333
83069,4312012.59853333
83070,4295269.92886667
83071,4319087.7995
83072,4761161.86056667
83073,4097397.84973333
83074,3041591.32950476
83075,5061563.19113333
83076,4825726.04333333
83077,3536887.18296667
83078,3581178.33994445
83079,4425745.09913333
83080,4077360.93846667
83081,5569518.63113333
83082,4106074.03096667
83083,4241884.69304444
83084,4327650.58345
83085,4086500.91236666
83086,3085072.48783334
83087,3503984.23910952
83088,3566261.53570953
83089,3581412.20607619
83090,5247928.56611905
83091,3145495.76657143
83092,4424255.1289619
83093,3444087.14859048
83094,4308444.60747619
83095,4809852.80236667
83096,4952294.60973334
83097,4343826.17746667
83098,4561659.87779524
83099,3806331.44937619
83100,4938865.82981905
83101,5463536.82363333
83102,4968296.27983333
83103,4008568.52353334
83104,3981689.1258
83105,4043054.6191
83106,3840305.33907143
83107,5422288.4068
83108,4661714.1574
83109,4526542.07976667
83110,3522077.30290952
83111,4265927.53601111
83112,5079590.95086667
83113,3906695.82833334
83114,4799491.13179048
83115,4358613.51966667
83116,4752818.16152857
83117,4232885.65646667
83118,4374677.13826667
83119,4364124.9791
83120,4638925.12813333
83121,5314266.8022
83122,4223654.56446667
83123,3466560.64110476
83124,3736777.9882
83125,4287565.48191905
83126,4770247.0082
83127,4371993.44404444
83128,4217370.15706667
83129,3945058.81407778
83130,3378365.93442064
83131,3969275.20682857
83132,4548870.8342
83133,5661370.30106667
83134,3813893.19687778
83135,4933605.08021905
83136,3471571.26467778
83137,4747351.2819
83138,3897693.34766667
83139,4731679.27183333
83140,4737171.40739048
83141,4286480.1843
83142,4027559.8547
83143,4330172.54247619
83144,5211055.89403333
83145,4801523.26966667
83146,4427077.7104
83147,4197699.77492857
83148,4573033.57833333
83149,4636367.59483333
83150,3881005.03780159
83151,4153318.91607778
83152,4168653.20636667
83153,4403225.06193333
83154,4220040.84495714
83155,4764752.8659
83156,4768755.53366667
83157,3944582.0129254
83158,4545153.84806667
83159,4638847.5915
83160,4416831.83552857
83161,4139997.73193334
83162,4256062.1757
83163,4411457.5651
83164,3889333.7032
83165,5422723.7524
83166,4055901.8576
83167,5139207.71516667
83168,4380313.97492381
83169,4090891.94763334
83170,4759394.34393333
83171,4172295.81283333
83172,4942818.38426667
83173,3785651.65297619
83174,2968222.4204873
83175,3513173.0478381
83176,5408375.11666667
83177,4309245.89086667
83178,4132586.63143334
83179,4938455.928
83180,3763400.22028254
83181,4377475.09835238
83182,4050747.3558
83183,5077110.95936667
83184,4553006.35928571
83185,4513686.21321666
83186,3928109.62213334
83187,4202620.71923333
83188,4608978.73593333
83189,3828672.43886667
83190,3877892.26963334
83191,3181165.45104286
83192,4360365.13033334
83193,5055957.1949
83194,4002530.9588
83195,4964436.03896667
83196,4364215.75976667
83197,4176454.33661667
83198,5083951.91653333
83199,3964097.72243333
83200,5519632.66636667
83201,3847375.8521
83202,3806755.80219524
83203,5196553.76943333
83204,4410599.90137619
83205,3863007.685
83206,3557589.77753334
83207,3790695.9589381
83208,4564190.97541111
83209,3314478.7383
83210,3463729.13446667
83211,4066540.28926667
83212,2932498.74932064
83213,4784282.6933
83214,3759346.73553334
83215,3521959.81745238
83216,4082455.63556667
83217,4578547.9694
83218,4407612.43314286
83219,4705461.05924762
83220,4357648.46196667
83221,4152723.04593333
83222,3927392.85196191
83223,4963008.27263333
83224,4555592.01643333
83225,4411707.2717
83226,4531189.0173
83227,4051355.72596667
83228,3617929.62248095
83229,4430277.54972857
83230,4978178.17313334
83231,4585721.2824
83232,4012581.56146667
83233,4907238.44785238
83234,4458134.23846667
83235,5119277.34353333
83236,4603795.45646667
83237,4319158.71846667
83238,4968464.5058
83239,4722671.7078619
83240,4280311.9877
83241,3665329.1845
83242,4120704.93346667
83243,3827849.1961
83244,4829108.31641905
83245,4066191.97100952
83246,5439373.31376666
83247,4258477.73836667
83248,4273093.01939048
83249,4662310.71046667
83250,3915567.5598
83251,4123152.03696191
83252,3924772.68190952
83253,4231592.01852857
83254,5301957.4447
83255,5099785.77601905
83256,4102401.109
83257,5277539.37853334
83258,4451742.98976667
83259,4239213.02393334
83260,4365522.3192
83261,4685110.0813
83262,4871563.52725238
83263,4345775.19563333
83264,3245016.28390952
83265,3862503.6032619
83266,3967941.30706667
83267,4063587.40618572
83268,4684865.67704445
83269,4355873.99594445
83270,4301585.30965714
83271,5240705.67876666
83272,4916460.54363334
83273,3648178.83876667
83274,4742804.29592857
83275,3903368.5262
83276,4805430.91063333
83277,4532019.52477143
83278,3349192.47747778
83279,5150033.82335238
83280,4054714.70186667
83281,4230945.63093334
83282,4880400.61226667
83283,4675954.6656
83284,5020312.01623333
83285,4460731.8264
83286,4443853.0018
83287,4205146.44599048
83288,4974403.80456667
83289,4113851.7409
83290,2569295.81760952
83291,4502008.77491191
83292,4571050.42206667
83293,4498087.7969
83294,4971482.02628571
83295,4325904.16552857
83296,4685905.6442619
83297,4291369.49906667
83298,5064450.20557777
83299,5233494.57766667
83300,4247438.38243333
83301,3831752.18724286
83302,4865105.57813334
83303,3575064.51385873
83304,4020991.28131111
83305,4896223.69856666
83306,4429312.5133
83307,4855580.91786666
83308,4750027.52296667
83309,4268202.02645714
83310,4379114.21663333
83311,4394223.8298
83312,3803308.17606667
83313,5673040.81143334
83314,4062625.06743334
83315,3864927.51841111
83316,3709395.14293333
83317,5093737.75202857
83318,5245292.038
83319,4509361.48553333
83320,3431918.78223334
83321,4842938.29806666
83322,4316466.9575
83323,4720983.4465
83324,4013157.60251429
83325,4499492.0825
83326,2853637.96749524
83327,4232872.4989
83328,4866622.7611
83329,4290049.64713333
83330,4909608.3491
83331,5093578.3502
83332,5000229.48033333
83333,4219223.739
83334,4669016.35593809
83335,4229497.34244762
83336,5085597.02066667
83337,3174023.24160953
83338,3041012.77885397
83339,3801694.54752857
83340,4525920.80467619
83341,4067505.62665238
83342,4259700.62113333
83343,4325509.7528619
83344,5130586.78
83345,3642598.49204445
83346,3134540.0524
83347,4821364.535
83348,5049504.25813334
83349,4694172.86243333
83350,4637165.79426667
83351,3050804.04923333
83352,3340616.52651587
83353,4462165.6446
83354,5039949.10894286
83355,3848849.00914286
83356,4084869.80053334
83357,3699814.16114445
83358,4541681.79518571
83359,4431550.4507
83360,5012543.80563334
83361,3644131.34162857
83362,3638234.12818254
83363,5154454.71306667
83364,4765805.2782
83365,3921166.2178
83366,4635602.45153333
83367,3728270.82083333
83368,5087196.92013333
83369,4890127.12496667
83370,4684828.3207
83371,4627906.10223333
83372,3070600.6892873
83373,5179861.98576667
83374,3841503.51319683
83375,4343425.87766667
83376,4784126.24556667
83377,3986715.47139286
83378,4015153.83106667
83379,4481418.95617619
83380,4021761.8439
83381,4414348.43736667
83382,3683947.82821111
83383,3979449.48796667
83384,4481099.67233333
83385,4059520.26663333
83386,4915300.73083333
83387,5141625.29683333
83388,3834796.89428095
83389,3786837.89623334
83390,4847545.72533333
83391,4076967.8353
83392,4870462.17923333
83393,4773892.74824445
83394,4774966.61283334
83395,3943402.45866667
83396,3970169.91375397
83397,4584561.85786667
83398,3861462.21790476
83399,4939924.77764762
83400,4962326.0732
83401,4803674.299
83402,5168209.72862619
83403,4147991.9509
83404,3968710.52815873
83405,4069143.15363016
83406,4694344.99103333
83407,4618474.76456667
83408,3394119.98203333
83409,4715142.8666
83410,3995476.4239
83411,4163635.0876
83412,4708510.3308
83413,3827316.79650635
83414,5381087.56346667
83415,5154328.19906667
83416,4377479.28543334
83417,4442100.34973333
83418,4854594.87306667
83419,5056188.74663333
83420,3764936.82193333
83421,4223689.50171905
83422,5551839.3831
83423,4736235.9854
83424,4641488.19286667
83425,3891018.68156667
83426,4545240.31486667
83427,4874895.1582
83428,4209969.86333333
83429,4033486.37173333
83430,4678650.80036667
83431,4664357.42183333
83432,4569421.72866667
83433,4107782.82586667
83434,4551147.6364
83435,4202426.17173334
83436,3618245.83101905
83437,3505088.66663333
83438,3573703.63566667
83439,4863718.37958095
83440,4625001.18036191
83441,3870541.96143334
83442,5817597.73006667
83443,5055451.2848
83444,4404260.4686
83445,3829903.82939524
83446,4746004.31633333
83447,5193593.3389
83448,4803628.23003333
83449,4474627.4486
83450,3740137.25387619
83451,4577379.89223333
83452,4006084.1347
83453,5279146.97803333
83454,4317597.52943333
83455,4921645.73523333
83456,3985823.0872619
83457,3685411.05520635
83458,4884833.46116666
83459,4208448.33553333
83460,4948480.7086619
83461,4940490.6385
83462,4749132.573
83463,4640326.6037
83464,4998736.9013
83465,5234400.9828
83466,5107625.57033333
83467,3217217.30644921
83468,4061169.5806
83469,4031453.59843333
83470,4736724.61133333
83471,3817579.43797143
83472,4640140.57626667
83473,3666009.33293333
83474,4906643.23306667
83475,4021546.50552857
83476,3899226.27333333
83477,3905296.18846667
83478,4584861.20724445
83479,4118182.04320953
83480,3663210.4294
83481,4078836.24243333
83482,4387490.61133333
83483,4867207.8162
83484,4698239.09023333
83485,4545303.6415
83486,3656282.3647381
83487,4537121.59816667
83488,4772659.33423333
83489,4350253.88143333
83490,3996460.30808095
83491,4107611.06413334
83492,3383810.5722
83493,4067494.47214762
83494,4250752.6498
83495,4353622.89046666
83496,4157607.40203334
83497,4350377.32826667
83498,5058655.15836666
83499,4432645.0372
83500,4008040.87809524
83501,5137921.43520238
83502,3792720.13886667
83503,4642954.34286667
83504,3541308.4782381
83505,4469869.3805
83506,5589293.7194
83507,3565187.65420476
83508,2924884.00949524
83509,5929038.52916667
83510,4794822.79456667
83511,3353248.46472381
83512,3874231.85770476
83513,3914107.21647619
83514,4706029.27269524
83515,3810503.17240477
83516,3829728.03477778
83517,5279562.93735714
83518,4721702.68916667
83519,4332582.4886
83520,4420466.46740635
83521,4412498.04451905
83522,3616046.5398
83523,4549108.98023333
83524,4973071.56053333
83525,4577449.2069
83526,4205438.36693333
83527,4502105.05037778
83528,4234070.51152857
83529,4704967.71276667
83530,4472228.67543333
83531,4247269.06603968
83532,4650956.35443333
83533,4708540.56448571
83534,3777616.71677302
83535,4442227.8284619
83536,4150196.76463333
83537,3379542.96196825
83538,5070735.87126667
83539,4289345.2964
83540,5188825.92593333
83541,4107502.31413333
83542,4321503.48384286
83543,4136975.9784
83544,3643062.35499048
83545,5082436.82565714
83546,4155428.36519048
83547,4851638.25959047
83548,3522077.30290952
83549,4620772.82839524
83550,4012604.32395238
83551,3922829.50567778
83552,3713839.51783333
83553,3778831.47396667
83554,4589232.67826667
83555,4597002.18333334
83556,4471469.09856666
83557,3873988.55149524
83558,3744994.97595714
83559,5115911.86476667
83560,4011044.43683333
83561,5102575.56619047
83562,4324691.12499047
83563,4041740.3231
83564,3831909.76108095
83565,5527409.74906666
83566,5464652.65986666
83567,4370510.86083333
83568,4155368.50558572
83569,3608081.72080476
83570,3175464.35167619
83571,4718496.46742857
83572,4824432.31263333
83573,5072497.28076666
83574,3469022.8021
83575,4428903.22456667
83576,4413702.64716667
83577,3717460.11923333
83578,4461032.7944619
83579,3075358.9545
83580,4011653.94926667
83581,4906777.1646
83582,2442191.69947143
83583,4492089.0501
83584,4143921.9064
83585,3776985.93889524
83586,4568604.01216667
83587,4190775.539
83588,4943687.8713
83589,5195979.25806666
83590,5100633.07566667
83591,5160473.155
83592,4125144.98779048
83593,3806574.06983333
83594,4902070.69756667
83595,3894994.24084762
83596,3563197.33729048
83597,4609591.6042
83598,3183220.2121
83599,4472900.44473333
83600,5292759.53316667
83601,4140211.7084
83602,4663931.48796666
83603,4465875.18213333
83604,4608857.9826
83605,3880107.62377778
83606,4242592.55736667
83607,5173846.29303333
83608,3092424.00875397
83609,3281420.61793333
83610,4074649.49716667
83611,4686091.83449524
83612,3962764.69166667
83613,4280833.98220476
83614,4773871.50763333
83615,4695129.6838
83616,4427608.6808
83617,4410578.28733333
83618,4884382.92076667
83619,5289674.45681428
83620,4470141.9409
83621,4425043.4863
83622,5265717.4884
83623,4112867.328
83624,4602099.86046667
83625,4277971.47226667
83626,5830210.45566666
83627,3017407.51535714
83628,4226837.83116667
83629,4795663.09973333
83630,4383169.45353334
83631,4527243.45353333
83632,3862470.1981381
83633,3798975.20216667
83634,3432836.43936667
83635,4145294.0111
83636,4106264.2404
83637,4866711.10756667
83638,4664711.56576666
83639,4496054.80893333
83640,3737151.17037619
83641,4826667.59406667
83642,4249118.66200635
83643,2404193.29339048
83644,4789106.714
83645,3995384.93476667
83646,4690913.67906667
83647,4645883.28306667
83648,3993220.56346667
83649,4633386.40199524
83650,4433993.7262
83651,3345117.2732381
83652,4744212.62296667
83653,4316395.69007619
83654,4096190.604
83655,4500105.47683333
83656,4401196.77803333
83657,5366147.70803334
83658,4589275.37061904
83659,4764622.1986
83660,4780321.4198
83661,4007456.17467778
83662,4929215.42293333
83663,3474039.10612381
83664,5144521.66583333
83665,4459459.78626667
83666,5040930.92346666
83667,3757668.30696667
83668,4459451.20886191
83669,4154983.07623333
83670,4421111.3835
83671,4724704.11071111
83672,2687533.18287619
83673,3905429.97333333
83674,3158697.8852
83675,4133674.9349
83676,5061734.361
83677,2902458.40357619
83678,4681242.71632857
83679,3958832.5015873
83680,3554132.5398
83681,5465414.93876667
83682,4127719.42926667
83683,4333067.00226667
83684,4286123.8104
83685,3926182.79569048
83686,4933504.99683333
83687,4253354.61626667
83688,4045400.435
83689,4116780.11893333
83690,4517446.3634
83691,4540049.79906667
83692,4061767.32994445
83693,3984987.9188
83694,3968233.10417301
83695,3985430.32266667
83696,4283002.40806667
83697,3912124.80603333
83698,4845831.19899524
83699,4574857.02163334
83700,2848085.73773333
83701,4923823.24023333
83702,4549893.5402
83703,3696237.8854
83704,3262670.40469524
83705,3930596.35612381
83706,4024221.6127
83707,4318171.0499
83708,4790483.18693333
83709,3986766.92034445
83710,4369395.72583333
83711,4094947.02258572
83712,4912082.83703333
83713,4464642.14726666
83714,4663017.9485
83715,5217954.8321
83716,4670179.81973333
83717,4491268.8224
83718,3613888.797
83719,5112418.81859683
83720,4573108.12287143
83721,4221082.97876667
83722,4007616.5606
83723,4821364.535
83724,4185252.93856667
83725,5308887.41926667
83726,5025465.66223333
83727,4448203.91656667
83728,3480927.3145
83729,4457295.64843333
83730,4730757.1085
83731,4660860.59335238
83732,3856271.96896667
83733,3656098.72450952
83734,4892778.49400952
83735,5191405.93569999
83736,3775608.84713334
83737,4895949.93653333
83738,4595805.87243333
83739,4939324.85895238
83740,4138526.63998095
83741,4027629.09361111
83742,4781123.91793333
83743,3681638.21077619
83744,4595114.0124
83745,4966364.15766667
83746,4596225.51506667
83747,3274630.78510953
83748,4613067.439
83749,4552777.4738
83750,3600451.13253333
83751,4418618.03646667
83752,4070525.26130476
83753,4390699.3636
83754,4952585.58633333
83755,3920014.80873333
83756,3675234.9908
83757,5264366.44693333
83758,5047106.6825
83759,4417078.89316667
83760,4694255.22662857
83761,4557235.99326667
83762,4602355.82686667
83763,3349308.9287873
83764,3812534.55003334
83765,4152214.00933333
83766,4673545.3052
83767,4212768.2778
83768,4595770.15523333
83769,5068051.7368
83770,3915201.09249524
83771,5573456.1188
83772,4171311.25983333
83773,4587890.43646666
83774,5622445.9809
83775,4456150.2359
83776,4288491.5714
83777,4233635.49151587
83778,3870297.92501111
83779,5187218.84142857
83780,2935746.61900159
83781,4109438.06826666
83782,4263615.77153333
83783,4700712.602
83784,3966858.64470952
83785,4337534.12044444
83786,4548077.43963333
83787,4571066.96365238
83788,4276852.40169047
83789,4616899.64563333
83790,4501617.05133016
83791,4697546.91297778
83792,4801226.58524286
83793,5146291.32603334
83794,4264821.28487778
83795,3555775.03839048
83796,4510056.2712
83797,3610392.06632064
83798,5412918.71006666
83799,4629724.24053333
83800,5258683.68396667
83801,4720599.81116667
83802,3690651.21163333
83803,4796296.32886191
83804,3720873.1692
83805,5281977.58276667
83806,4716188.80123333
83807,3508438.54436667
83808,3800905.70714286
83809,4279128.49173333
83810,4717518.38253333
83811,4299414.03346667
83812,3659541.10915715
83813,4681233.0272
83814,4581833.3894
83815,3816937.98728571
83816,4534341.8719
83817,4350516.23683333
83818,4302078.0486
83819,3880107.62377778
83820,4692722.39223333
83821,3734134.41475873
83822,4282839.24666666
83823,4183181.8844
83824,4839877.8313
83825,5461292.7021
83826,3564002.19994286
83827,4579573.0788
83828,4879741.4512619
83829,4700597.9663619
83830,4716161.14193809
83831,3992575.4859
83832,4612669.20486667
83833,4144891.98693333
83834,4575515.28113333
83835,4177169.27130952
83836,4211074.7207
83837,4531141.54736667
83838,4945569.69549999
83839,3526649.44547778
83840,4395716.89793333
83841,4414168.84606666
83842,3770711.30380159
83843,3248621.87068095
83844,3894499.01636667
83845,2848248.3772
83846,4673514.1434
83847,3599966.9259
83848,3678764.09553333
83849,4066369.1529
83850,3491128.54582857
83851,4866138.9294
83852,4096833.44666825
83853,3933445.4193
83854,3191844.42714445
83855,4752627.47033333
83856,3904834.31687619
83857,3668253.29153968
83858,3856857.86869206
83859,4619608.63893334
83860,3987919.72868095
83861,3921121.178
83862,4668579.7802
83863,3457946.02737619
83864,4767686.5186
83865,3342743.71196667
83866,4390258.64476667
83867,4096290.37353333
83868,5008299.45536667
83869,4895393.23551905
83870,4371895.30327778
83871,4903279.6689
83872,4847436.73796667
83873,4031178.217
83874,4011227.35739048
83875,4577667.0789
83876,4609435.74468571
83877,3587325.10497778
83878,3765685.63796667
83879,4005677.87576667
83880,4057699.42726667
83881,4925620.51356667
83882,5127526.18823334
83883,3843704.2852
83884,3163839.04197778
83885,4558558.79033333
83886,5226085.67611904
83887,4388821.43510952
83888,3348808.38377143
83889,3964193.20086667
83890,4130875.79793492
83891,5445345.36143333
83892,3963343.2794
83893,4251178.15963333
83894,4258143.09470952
83895,4891473.5183619
83896,3395907.33626667
83897,4520650.73450159
83898,4334097.6711
83899,4591993.4782
83900,5162612.85173333
83901,3668997.20731428
83902,3981479.8059
83903,4747551.67893333
83904,4874965.5621
83905,4821395.68028334
83906,4719712.73923333
83907,4620948.24834444
83908,5191458.21733333
83909,4374706.107
83910,3414252.36483334
83911,4607946.2883
83912,4355170.49466667
83913,3853884.05346667
83914,4689641.541
83915,4192155.84107778
83916,4708273.08632857
83917,4803439.4884
83918,3936990.30456667
83919,4721914.20396667
83920,4827104.0836
83921,5712152.71786667
83922,3960858.15803333
83923,4879812.8507
83924,4357293.38970952
83925,3904830.56408571
83926,5271938.4232
83927,4432664.44393333
83928,4682690.02791111
83929,3662940.5527
83930,3940131.87496667
83931,4561115.26533333
83932,5380922.42785238
83933,5100657.38686667
83934,5016064.46803334
83935,4830387.98973333
83936,3943370.26123333
83937,4965147.07036667
83938,4608228.93981905
83939,5009724.75036667
83940,4510803.52640476
83941,4051355.72596667
83942,4515792.24956667
83943,4712219.18656667
83944,3895499.54368095
83945,4713494.43056667
83946,4804484.9528
83947,4182786.9179
83948,4392057.77503333
83949,4082336.26423333
83950,4457344.77736667
83951,5253604.0371
83952,4702715.88733333
83953,5182839.4447
83954,3185893.02198095
83955,4670498.66066667
83956,4513083.13166666
83957,3067081.40385397
83958,4584113.2712
83959,4135504.27076667
83960,4171005.18613333
83961,5728357.9076
83962,4273592.80571905
83963,5361619.19463334
83964,5135009.26106667
83965,4423202.5157
83966,4449344.614
83967,3320002.34551428
83968,4933690.46043334
83969,4624826.62187778
83970,3588262.90672381
83971,4626906.94843333
83972,4510683.06986667
83973,5010703.22013333
83974,3197555.09077619
83975,5021604.13703333
83976,4328633.79286667
83977,5478077.17587143
83978,4426115.75296667
83979,4076681.38463333
83980,3505084.20176667
83981,4733504.46826666
83982,4538703.45881111
83983,4259340.27547778
83984,4355895.85109524
83985,4026667.1395
83986,3582062.46625397
83987,4492994.2267
83988,4497529.1715
83989,4626026.01153333
83990,4807183.97674762
83991,3841360.57105397
83992,3008280.79996667
83993,5495615.49193333
83994,4273851.53988095
83995,3594506.80877619
83996,4597408.40003333
83997,4397688.877
83998,4358343.0296
83999,4487720.1022
84000,4824662.34689999
84001,3589412.06153333
84002,3378361.6772
84003,3342210.51216667
84004,4512094.25596666
84005,5422918.38096667
84006,4744951.51231905
84007,5175625.0729
84008,3646990.2225
84009,5017486.0138
84010,4795658.36626667
84011,4617939.4071
84012,4556972.12629524
84013,4147436.72256191
84014,3728854.9943619
84015,3491520.68351429
84016,4187212.03221111
84017,3459097.2827
84018,4335209.99896667
84019,3530127.86233333
84020,3837397.85700952
84021,4639910.76428333
84022,4044972.5825
84023,4743889.3925
84024,4067412.8297
84025,4744737.7949
84026,4928658.35516667
84027,4683521.42381905
84028,4376104.70980952
84029,3850150.1395
84030,3579612.57388254
84031,4249808.21205238
84032,4721031.35953333
84033,3445835.73663333
84034,4791393.3582
84035,3641750.50273333
84036,5379857.54666666
84037,4524802.96033334
84038,3839704.80492381
84039,4504028.55354286
84040,4245021.47827778
84041,4743886.72433333
84042,3626013.30344444
84043,4213801.34426667
84044,4791753.6839
84045,4577975.65007778
84046,4591191.4678
84047,5112472.37043334
84048,4770375.99403333
84049,3549790.25141111
84050,3504138.53488095
84051,4338314.17517778
84052,4148921.3276
84053,4656591.07257143
84054,4306547.86403334
84055,4323358.49886667
84056,4295175.53010952
84057,4426101.3065
84058,4105599.68634286
84059,5298086.38399524
84060,3668018.09063334
84061,4758487.74946667
84062,4641577.2257
84063,4048320.13506667
84064,4921272.37606667
84065,4751180.57696667
84066,4465431.4694
84067,3715886.48598095
84068,3717151.42816667
84069,3967094.48063333
84070,3639466.53037778
84071,3931294.1463381
84072,4254787.17533334
84073,4115772.42126667
84074,3758172.3074
84075,3244399.60949683
84076,3936643.58226667
84077,4624667.90396667
84078,4610352.63741667
84079,3300319.37347302
84080,4736245.59665238
84081,4353910.41818572
84082,4420705.51944444
84083,4220950.52756666
84084,4396199.46605
84085,4352760.55259524
84086,3784485.69723333
84087,4003502.55490953
84088,4516201.02743333
84089,3512280.23739524
84090,3826349.59146667
84091,4548252.533
84092,5484177.76096667
84093,4383716.32565397
84094,5026374.0453
84095,4273576.08866667
84096,3630265.58949048
84097,4533806.82513333
84098,5216239.03296667
84099,4150703.10912381
84100,4500411.0695
84101,3966266.62538096
84102,4431267.69293333
84103,3773468.81562063
84104,3915052.49780952
84105,3636332.08863334
84106,3803870.76453334
84107,4493157.32
84108,4577529.98412857
84109,4518018.66926667
84110,4809291.77423334
84111,3044922.10467778
84112,4715390.73566667
84113,4205311.60835397
84114,4126911.23769524
84115,4535519.9881
84116,4546808.70267301
84117,4400287.3828
84118,4965426.6121
84119,4429693.1765
84120,4517025.13813333
84121,4586736.66786667
84122,4009873.52317778
84123,3088779.44864286
84124,4392365.79244444
84125,4682744.72936667
84126,4787560.38450476
84127,4924574.0801
84128,4169012.77257619
84129,3106443.31092063
84130,4679039.5241
84131,4499975.16863333
84132,3055455.93231111
84133,3081391.86492857
84134,4126820.09156667
84135,3282691.54320952
84136,4306398.85303333
84137,4865262.1097
84138,4543234.4558
84139,4641156.968
84140,4355220.36726667
84141,4546719.18959683
84142,5306001.79306667
84143,3839524.70302857
84144,5105347.00336666
84145,4729205.2473
84146,5008798.4963
84147,3723949.43582857
84148,4282056.37909048
84149,4747962.57716667
84150,4328496.0761
84151,4540293.93153333
84152,5935081.13396667
84153,4832907.5419
84154,4142735.7696
84155,4022498.4463619
84156,4000738.16435714
84157,4954535.35
84158,4529423.46536667
84159,4420980.7415
84160,3988222.80693334
84161,4641269.62323333
84162,3873805.01236667
84163,4313104.82947302
84164,5199980.4952
84165,4040367.31045714
84166,4068302.06899524
84167,4374155.94226667
84168,4481746.49483333
84169,4552388.08803333
84170,4189297.26542857
84171,4818764.06817778
84172,3775271.88176667
84173,5156944.3188262
84174,4062514.1205
84175,4556911.67383333
84176,3786820.14258095
84177,4129572.6283
84178,3481840.73281429
84179,4850554.4672
84180,5262650.2448
84181,3208968.63706191
84182,4976966.01408571
84183,5013266.66756667
84184,4032301.46754762
84185,4503945.07211111
84186,4875477.22226667
84187,4310135.57015238
84188,4354342.30885714
84189,4247519.8021
84190,4307233.1346
84191,4441330.56663333
84192,3328089.57873333
84193,4667004.47853333
84194,5036078.70685238
84195,3716271.07469683
84196,4444556.56516667
84197,5506536.19543333
84198,3593539.15771429
84199,4667889.01406666
84200,4718078.75013333
84201,4116994.55943333
84202,3973494.6339
84203,4895465.0528
84204,4307435.66893334
84205,4222642.81991111
84206,4951118.22416667
84207,3418962.81744286
84208,3505353.867
84209,4222762.3463
84210,4131779.0654
84211,3480662.06362857
84212,4608481.26866667
84213,4372544.34343333
84214,4173967.95483333
84215,3758637.11021111
84216,5046244.47366667
84217,4783421.99654444
84218,4383028.19446667
84219,2975893.01437143
84220,4590514.72703334
84221,4352428.35590952
84222,4797543.001
84223,4370568.859
84224,4495877.36946667
84225,4252199.56956667
84226,3330597.98633333
84227,4081281.58936667
84228,4688673.36446667
84229,4176900.81797778
84230,4241952.1954
84231,4421588.76923333
84232,3727243.97745714
84233,4518028.03523809
84234,3706228.15690953
84235,4786649.74853333
84236,4511776.304
84237,4088619.19628571
84238,4195662.3147
84239,4691624.98443333
84240,5321142.0381
84241,3770393.84916667
84242,3613123.5541
84243,3638499.83193968
84244,3969158.35989524
84245,4195642.23806666
84246,3530386.9138
84247,5424254.2696
84248,3788905.01538095
84249,3236958.79235715
84250,4713359.10880476
84251,4484333.3659
84252,4285186.88693334
84253,4496014.11806667
84254,4463839.09709524
84255,3340809.97274286
84256,4351783.40616667
84257,4740444.7058
84258,4184520.9448
84259,4251422.42957619
84260,5193475.41936667
84261,4514769.04076667
84262,4031110.69066667
84263,4446464.29193333
84264,4158519.48803334
84265,3657245.23713968
84266,3245492.72224286
84267,4492503.30613333
84268,3529475.26513333
84269,3545725.55104445
84270,4459726.37983333
84271,3423015.5949
84272,4062625.06743334
84273,4888096.08481904
84274,3582993.25717778
84275,4695104.34146667
84276,4681249.51716666
84277,3584525.96714286
84278,4421270.29754444
84279,4907021.76628572
84280,3224133.07479524
84281,4514959.54626667
84282,4406113.41653333
84283,4208583.23666667
84284,4743112.52533333
84285,4920774.83685397
84286,4682319.00233333
84287,4044684.70696667
84288,4305332.1465873
84289,3547100.9842
84290,4532754.37116667
84291,5151322.05843334
84292,3831324.11153334
84293,4879239.12893333
84294,4652093.5842619
84295,4691759.2126
84296,4497132.09574285
84297,4554711.63513333
84298,4911888.1926
84299,4317326.26747778
84300,4617282.09406667
84301,4515639.16872381
84302,5402265.6416
84303,4668539.8558
84304,4680000.86256667
84305,4092167.13486666
84306,4513216.63566666
84307,4770565.3498619
84308,5108062.5636
84309,4551515.91836667
84310,3693417.72816667
84311,4923610.80106667
84312,4603885.83656667
84313,4855552.43173333
84314,6007399.06106667
84315,4394054.19036667
84316,2669628.8248381
84317,4205522.73552064
84318,5021229.37612857
84319,4305318.7102
84320,4533272.15213333
84321,3930637.05786667
84322,5326381.84613333
84323,4651038.46663333
84324,4538039.7158
84325,4573571.4944
84326,4104057.9199
84327,3885872.24191429
84328,4763932.98383333
84329,4618470.6525
84330,3064524.26411428
84331,3435851.9670873
84332,3647286.34852064
84333,4104625.14913333
84334,4741377.4937
84335,3849661.9538
84336,4551031.87859524
84337,4485387.52976667
84338,4238634.6277
84339,3087155.22840476
84340,4125960.50057619
84341,4919105.18240952
84342,4390781.37791905
84343,4469876.85736667
84344,3626842.08506667
84345,3622453.4834619
84346,3974200.63271111
84347,3388106.77443333
84348,4490631.01758095
84349,4899203.1057
84350,3823712.43886667
84351,3979189.48626667
84352,4771047.93333333
84353,4421375.90873334
84354,4407760.4961
84355,4150509.45481429
84356,3487991.99124286
84357,4644525.49536667
84358,3097219.0571873
84359,4087009.13459524
84360,4396935.99396667
84361,4243924.60097778
84362,4584692.48123334
84363,4456890.21973333
84364,4704225.5113619
84365,4930403.11803333
84366,4332083.4075
84367,3736165.08194444
84368,3987371.8317619
84369,4353287.77930476
84370,4410905.01013333
84371,4657048.6904
84372,4139389.59467778
84373,3870491.39392857
84374,3770460.89839524
84375,4045861.55086667
84376,4485530.04143333
84377,4066985.4485
84378,4246530.524
84379,4605933.02278333
84380,4911502.41096667
84381,4459665.4016
84382,4164607.35633333
84383,3725051.48157619
84384,4312408.07011111
84385,4396053.41266667
84386,4963725.05042857
84387,3674924.0646
84388,4821629.46186667
84389,4804122.49693333
84390,4690988.04383333
84391,3353898.67443333
84392,4375794.77084286
84393,4381040.93713333
84394,4333019.50883333
84395,4984251.74323333
84396,3548281.7733
84397,4119990.75424286
84398,3499041.13923333
84399,4391912.52813333
84400,3571986.70476191
84401,4153769.21306667
84402,4111734.00913333
84403,4020441.94513334
84404,4472614.07333333
84405,3199937.16668095
84406,3638687.04121111
84407,3671305.6250381
84408,4243841.2192
84409,3363783.35270952
84410,3881124.6429
84411,4119973.12743333
84412,4467413.69763333
84413,5319151.77173333
84414,4766335.3278
84415,4373756.10763333
84416,4612170.9204619
84417,4599469.37386667
84418,5030788.811
84419,4863054.9524
84420,4148147.52436191
84421,4806052.96926667
84422,4713620.09533333
84423,4424871.96343333
84424,4163879.55643333
84425,4270032.82984444
84426,5169627.91433333
84427,4490587.8726873
84428,5100993.96873333
84429,4457759.53017778
84430,3377391.08314444
84431,4910274.75893333
84432,4651688.44643333
84433,4795019.30983333
84434,4446216.7061
84435,4801829.75626667
84436,4823958.25043333
84437,3863528.43167619
84438,4081843.5322
84439,4811606.33462857
84440,4036581.3645
84441,4164699.42193333
84442,3484091.13372064
84443,3874345.33349048
84444,3755951.76703334
84445,4262686.36036667
84446,2971833.29022857
84447,3731011.67703333
84448,3820834.03543333
84449,5042925.71265238
84450,3793726.64098095
84451,3214574.09500952
84452,5741686.4502
84453,4600103.26852857
84454,4853672.80176667
84455,4527692.46626667
84456,4572345.85669047
84457,4586278.2443
84458,3408652.4631381
84459,4431477.3054
84460,4276028.81537619
84461,3024687.7483381
84462,3154026.76230953
84463,3707009.0339
84464,4519825.3969
84465,4420055.75023333
84466,5173023.18003333
84467,4105909.82263333
84468,4023108.90356667
84469,4886159.20576666
84470,4912591.96366667
84471,4110089.32926667
84472,4161496.73903333
84473,4485926.34623333
84474,3930111.96446667
84475,4278071.06
84476,4121619.12727778
84477,5110511.45653333
84478,3343616.80846667
84479,4354906.9823
84480,3314848.5081
84481,4562553.94603333
84482,4577539.74374445
84483,4437103.25973334
84484,4327829.94103333
84485,4669854.5069
84486,4772521.204
84487,6334096.9807
84488,4166042.87
84489,4622836.1837619
84490,4446763.21566666
84491,4108557.76513333
84492,4719751.89846667
84493,4434682.31333333
84494,4459780.98366666
84495,4909784.73646667
84496,5210983.8521619
84497,4840834.28703333
84498,4862144.0942
84499,4091181.23556667
84500,3805858.4762
84501,3724637.70096191
84502,4476253.38976666
84503,4267538.26776667
84504,5042532.51453333
84505,4274989.0143
84506,3309290.74520952
84507,4709589.3975
84508,5154239.81313333
84509,4261643.1487
84510,3496828.0416
84511,4369771.34999524
84512,3749408.58668095
84513,4084921.35213333
84514,4570207.68006667
84515,3229847.3327
84516,4131118.5096
84517,4063584.0169
84518,4818575.78846667
84519,4802756.64213333
84520,4830405.1266
84521,4868826.92463334
84522,4354299.16214444
84523,3584642.20422857
84524,3252943.6773
84525,4266710.633
84526,3513267.377
84527,4946845.13463333
84528,4374047.46079524
84529,4618274.1574
84530,5261797.8829
84531,3200986.05745397
84532,4108285.18472064
84533,4657645.38490952
84534,4967986.83411111
84535,4858790.0328
84536,5080614.3233
84537,3901653.96596667
84538,4521454.1987
84539,4802998.64311111
84540,3497596.6946
84541,4436759.02593809
84542,4119786.3729
84543,4087015.76267619
84544,4875815.96089048
84545,3874841.95830476
84546,5084992.11033333
84547,4059638.1713
84548,3641418.39204762
84549,2502586.39410952
84550,4933955.8892
84551,3175458.3922
84552,4596710.14426667
84553,5234134.78798571
84554,4333235.29623334
84555,4136987.43633334
84556,5074946.99037619
84557,4051994.2184
84558,4886185.1327
84559,4403432.7748
84560,3237828.9767873
84561,4062746.23347619
84562,3712463.28653333
84563,4165248.6761381
84564,3780464.08030159
84565,4263186.6547
84566,5403064.7965
84567,4363680.84852857
84568,5169478.6796
84569,4264858.66022857
84570,4629081.76751905
84571,4403388.65566667
84572,3672713.3802
84573,4612234.29003333
84574,4825899.428
84575,2779208.59477619
84576,4742446.45563333
84577,4387474.0215
84578,4603009.8456
84579,4542495.63640952
84580,4845886.13877777
84581,3496862.53472381
84582,4729741.97566667
84583,4666009.93733333
84584,4311031.13421667
84585,4624292.9385
84586,4060841.29206667
84587,4169671.15376191
84588,4820916.74033333
84589,4933130.3276
84590,3426399.81337778
84591,3961835.82540476
84592,3296726.4554
84593,4704753.97243333
84594,4603810.70607143
84595,4457105.3797
84596,5337478.974
84597,3720803.2318
84598,4232237.65841905
84599,4155536.98405238
84600,3891578.42721111
84601,4501418.13463333
84602,4303589.92324285
84603,4211047.21043333
84604,4760296.74556666
84605,4057080.61744286
84606,4262545.98566666
84607,3577364.51813333
84608,4402530.9619
84609,4939080.46073333
84610,4702329.71123334
84611,4896270.54913333
84612,4857252.22796666
84613,4534847.30803333
84614,5167398.37980952
84615,4013794.50014444
84616,3797930.58311905
84617,4130113.68726667
84618,4402309.37043333
84619,4271306.5475
84620,4542117.55473333
84621,4675011.69747619
84622,5133574.922
84623,4163976.8968
84624,3621619.42296667
84625,4792751.22826666
84626,5243882.91819999
84627,4723471.4039
84628,4878138.63843334
84629,4677594.3853
84630,4641269.69953333
84631,3369791.63343333
84632,4716117.0456
84633,4191099.52075238
84634,4512069.00109048
84635,4326749.07583334
84636,5938096.08743333
84637,5149209.38033333
84638,4112485.43501111
84639,4033032.0747
84640,4319172.72746667
84641,3846841.03223333
84642,4308677.39269524
84643,4291818.02826666
84644,4799525.20033333
84645,3775065.8549381
84646,4130160.98545238
84647,4409556.064
84648,3677272.52506667
84649,4336304.0399
84650,5098130.3635
84651,4733424.3652
84652,4231166.66066667
84653,4724913.69923334
84654,4753842.4005619
84655,4630908.9844
84656,4661430.57156667
84657,4661225.25806667
84658,3649650.7182
84659,4426999.66844444
84660,4143276.80693333
84661,2931653.79253333
84662,4924421.9453
84663,5024126.61506667
84664,3471139.2028
84665,4111052.99333333
84666,4540615.87076666
84667,4708036.32986666
84668,4754958.9188
84669,4641375.87436667
84670,4847734.60206666
84671,3698326.18090953
84672,4049152.74033334
84673,3968329.59147778
84674,2971977.63560476
84675,4673706.02282857
84676,4213929.13873333
84677,4279601.84173333
84678,4277421.32066667
84679,4537308.16606667
84680,3177887.02513333
84681,3587895.35795714
84682,4434697.57559524
84683,3848873.83965714
84684,4105020.6582
84685,4551711.6517
84686,4768360.85823333
84687,3347383.74007778
84688,3975207.94463334
84689,3722810.25913333
84690,5365385.56078571
84691,4055628.7848619
84692,3759415.0355
84693,5356528.45176667
84694,4879936.09791904
84695,4963548.79473333
84696,4243230.51183333
84697,3562581.77663333
84698,5126412.3771
84699,3687260.3582
84700,3851154.78133333
84701,4356530.2198
84702,4375977.031
84703,4553755.14812857
84704,4208722.05313333
84705,4079553.00905952
84706,4830554.27716191
84707,3979316.0905
84708,4422988.83623333
84709,4282963.1637
84710,3377461.5516
84711,3864649.98534762
84712,4719326.53091904
84713,4074408.60606667
84714,4359274.80878095
84715,3897848.17019286
84716,4527964.98246667
84717,4136793.25233333
84718,3008900.18091111
84719,4917175.43893333
84720,3008043.50851111
84721,4583342.18653333
84722,4473638.3766
84723,3742508.73306667
84724,4613092.5633
84725,4057878.51033334
84726,4312951.35005873
84727,3152099.20711428
84728,4537352.6034
84729,4092193.56376667
84730,4081456.69903334
84731,4094398.02567143
84732,4782527.07973333
84733,5088926.019
84734,4520198.51353333
84735,4988856.61385238
84736,4895082.10776666
84737,4922331.30642619
84738,4072006.13320476
84739,3726748.03123016
84740,5633340.92796666
84741,3683495.28354286
84742,5053685.13560635
84743,3906935.5168
84744,3637469.57288095
84745,3966920.11836667
84746,4023618.9057619
84747,4308726.27069524
84748,2806090.33376667
84749,4871149.24113333
84750,3836364.24926666
84751,3574555.9069
84752,5021409.6396
84753,3656121.19967619
84754,4236095.46427778
84755,5028584.20102857
84756,4325631.69246667
84757,4889886.84566666
84758,3968660.51116667
84759,4257414.18712381
84760,3862242.58687619
84761,4684814.8164
84762,4937617.41923333
84763,3857015.77456667
84764,3911602.55273333
84765,5284250.05596667
84766,4011933.69126667
84767,4113073.34556667
84768,3134025.59986667
84769,4584482.8821
84770,3873569.83839048
84771,4380556.58796667
84772,4630844.23473333
84773,3713062.1506
84774,4653588.62626667
84775,3083585.04764762
84776,5189868.08706667
84777,4764133.05151905
84778,4448325.39613333
84779,5100324.23393333
84780,2359698.44534286
84781,2972441.07342381
84782,5319151.77173333
84783,3931954.2254
84784,4879205.35333333
84785,4595800.29033333
84786,3215583.5396381
84787,3007191.8825
84788,5241589.40366667
84789,4659807.70354762
84790,4925381.1601
84791,3755829.70503334
84792,2851770.42030476
84793,3742373.59346667
84794,4299440.33766667
84795,4428344.04303334
84796,4833375.29713333
84797,5266827.2995
84798,4502523.36725238
84799,4954139.3215
84800,4401063.41407619
84801,5323483.34586667
84802,4315695.95719524
84803,4643417.0409
84804,5059112.02436667
84805,3949582.20824762
84806,3987138.94976667
84807,4344725.92921429
84808,4064068.99273333
84809,3386686.89849524
84810,4984890.98370476
84811,4597710.08293333
84812,4455079.9241
84813,4770565.3498619
84814,4489337.266
84815,5497787.31856667
84816,5122672.2601
84817,4142878.03399524
84818,3137978.24716667
84819,4031993.544
84820,4181176.96543334
84821,3927158.1835
84822,4068472.54373334
84823,4933378.51131905
84824,4815247.65463333
84825,3369711.2132
84826,5452575.01501905
84827,4766506.81836666
84828,3977539.99436667
84829,4086474.52986667
84830,4539345.07896667
84831,4359740.28583333
84832,3859575.75816667
84833,4297746.402
84834,4419676.73766667
84835,4469766.64469683
84836,4230512.96984444
84837,4403401.48673333
84838,4607198.11257778
84839,4321292.17226667
84840,4933694.58043333
84841,4547477.16223333
84842,4538360.08093333
84843,5090000.0466
84844,4888393.47986667
84845,5181110.37073333
84846,3455991.84999048
84847,4449793.73136667
84848,4638552.80738571
84849,4914095.28645
84850,3710217.44990635
84851,4544741.91103333
84852,4378865.18307778
84853,3639358.52293334
84854,4792680.4114
84855,4603655.8862
84856,4321402.46019524
84857,3907960.48103333
84858,4328985.32307778
84859,4507468.56606667
84860,4663221.85176667
84861,4685028.42156666
84862,4515517.4626
84863,4511576.88602857
84864,4806061.30560952
84865,4997934.02733334
84866,4334928.77082857
84867,3806306.82119524
84868,3459431.01279524
84869,4392416.43707778
84870,4529333.3803
84871,4980620.41113333
84872,4297914.78287143
84873,3616780.3741
84874,4147234.74326667
84875,4275900.60853334
84876,4723223.38829524
84877,4893319.9124
84878,4321100.88846667
84879,5768084.08023333
84880,4596292.38350952
84881,3840068.8338
84882,4462226.64461111
84883,5547755.36616667
84884,4284145.78323333
84885,3228295.97143334
84886,4067445.1703
84887,4510084.61346667
84888,4164938.80196667
84889,5176026.35713334
84890,5002799.19553333
84891,4306397.7027
84892,4339416.4489
84893,4320530.83904445
84894,4387318.1556
84895,4597046.63726666
84896,4776491.641
84897,4070283.80946667
84898,4436209.66912064
84899,4238069.9572
84900,4762241.2231
84901,4243635.48646667
84902,3081701.78322063
84903,5113028.48906667
84904,4225750.927
84905,5035470.3789
84906,4174659.69131905
84907,4328091.07953333
84908,4284642.18765873
84909,4346348.44543333
84910,4201081.6228
84911,5615503.79983333
84912,3903508.6598
84913,4805594.2332
84914,3899133.18481111
84915,3987790.19941428
84916,4065712.34163333
84917,4476219.86103333
84918,3308273.07523334
84919,4171157.80226667
84920,4695110.07922857
84921,4121474.81796667
84922,4016671.09296666
84923,4849269.1905
84924,4052187.36186667
84925,5214209.75666666
84926,4735877.7119
84927,4556405.24056666
84928,4225607.44822857
84929,3062125.89268571
84930,4576113.69363333
84931,4767536.22763333
84932,4295578.9568
84933,4156741.2041
84934,4913169.97753333
84935,4890761.72743333
84936,4931807.81806667
84937,4392054.98373333
84938,4023254.74643016
84939,4922949.5504
84940,4839626.4395
84941,4850625.2944
84942,5387497.8781
84943,4218446.21565714
84944,3573900.4287
84945,4098735.65756667
84946,4510404.24993333
84947,4171615.42763492
84948,4555363.15203333
84949,3370364.0923619
84950,3519818.47476667
84951,4893969.5433
84952,4377203.28053334
84953,4255130.1205
84954,4298225.4102
84955,4471885.322
84956,4036625.8718
84957,4620647.0549
84958,4074009.8448
84959,3764760.42658095
84960,4070646.25291111
84961,5395249.1253
84962,4396868.83596667
84963,4956669.72006667
84964,5247916.20196667
84965,4351229.50916667
84966,4098427.53233333
84967,3744253.71156667
84968,3839617.92686667
84969,4590756.32488095
84970,3284861.16142857
84971,2963200.21203334
84972,4668084.4962
84973,5649412.90623333
84974,4011741.59873333
84975,3992973.57766191
84976,5296718.17936666
84977,4507912.4405
84978,4376730.83786667
84979,4717155.95073334
84980,4223491.27567619
84981,4923054.87713333
84982,4823156.31426667
84983,4120851.73557619
84984,4653302.97583333
84985,5360618.35213333
84986,4726193.06643333
84987,3869479.63571111
84988,5280293.87306666
84989,4628828.85406667
84990,3777529.93163016
84991,4582756.05420952
84992,3843702.36137778
84993,4104117.8276
84994,4450726.8288
84995,4511572.69643333
84996,3698420.12546826
84997,4011663.56749524
84998,4496412.13653333
84999,4483082.61188571
85000,5654330.09726667
85001,4614859.80543333
85002,4441712.8081
85003,4819341.39666666
85004,4588913.6238
85005,4694248.11993333
85006,4429741.62991905
85007,4853143.27876667
85008,4402973.3979
85009,3973876.49342857
85010,5521518.23683333
85011,4255021.97003333
85012,4575910.08533333
85013,4388252.28506667
85014,3177887.02513333
85015,3833193.8544
85016,4434319.40285238
85017,3822192.99623334
85018,4753423.03171111
85019,4779173.1304
85020,4188166.30786667
85021,4213540.63781111
85022,4733565.76043333
85023,4503468.02043333
85024,4622661.4075
85025,4633729.9518
85026,4479894.29563333
85027,4817308.09413333
85028,3564904.9535
85029,4590547.859
85030,5088785.78446667
85031,3751178.8828
85032,5162646.90836667
85033,3898287.83603333
85034,4780444.9991
85035,3753285.02593334
85036,3254477.35723334
85037,3794663.58245238
85038,4606139.7521
85039,4203439.14104445
85040,4180821.54923333
85041,4572427.0709
85042,4076806.81016667
85043,4119761.42103333
85044,4851043.40294286
85045,4173874.28697143
85046,4212271.07083333
85047,4637550.01229524
85048,4391333.79816666
85049,4771519.93173333
85050,5170125.4627
85051,4332435.3756619
85052,4244113.91915714
85053,4505004.27963333
85054,4436161.34876667
85055,4107620.65686667
85056,3973975.92423333
85057,4717343.5754
85058,3987156.74993334
85059,3912165.41134286
85060,3931417.47303333
85061,4045244.79680159
85062,4281840.06961428
85063,3799098.5993619
85064,3859190.40606667
85065,4157100.61946667
85066,4622125.7441
85067,4635140.98416667
85068,4557282.2998
85069,3561284.41076667
85070,2817039.34407619
85071,3628438.37473334
85072,4297831.85266667
85073,4107750.86103333
85074,3995703.38590476
85075,3888332.66260952
85076,4155897.20656667
85077,4647196.65955238
85078,4338908.98004444
85079,4365611.33386667
85080,4206427.60196667
85081,5962542.41061904
85082,4157779.28332381
85083,2978641.08570952
85084,5174562.48776667
85085,4825865.59874286
85086,5475575.93688572
85087,3854349.06093333
85088,3093161.70950952
85089,4625008.48843333
85090,4547250.30246667
85091,4228113.43156667
85092,4545490.3835
85093,2969824.91032063
85094,4628403.7366
85095,4293613.8027
85096,5165043.90796667
85097,3973526.0174
85098,3475887.12946667
85099,4467966.766
85100,3935560.73073334
85101,4232237.65841905
85102,4527758.29226666
85103,4965951.2457
85104,5197287.52506667
85105,4194129.9034
85106,3869384.3166
85107,3373928.80996667
85108,5256195.7279
85109,4533200.15164445
85110,4129761.69436667
85111,3907001.81466667
85112,3891754.60174445
85113,4521645.7948
85114,4075815.50463333
85115,4720599.81116667
85116,4554560.2953
85117,2661879.82001429
85118,3939475.879
85119,4391746.04026667
85120,4175422.557
85121,4890022.56462857
85122,4893606.42353333
85123,3829536.68662063
85124,4286176.83003334
85125,4841084.68513333
85126,4565720.7092619
85127,4221112.261
85128,4954446.51003333
85129,3791163.86193333
85130,4503986.67996667
85131,4328854.43303333
85132,4156334.42893333
85133,4892998.6395
85134,4631257.07553333
85135,4670334.57619524
85136,4043308.59404444
85137,5052597.19053333
85138,3719686.42686667
85139,3877700.20317302
85140,4752486.93706667
85141,4876941.25133333
85142,4881924.8922
85143,4727568.67116667
85144,5101155.85053334
85145,4402684.01696667
85146,5520005.77655238
85147,4324968.56227619
85148,3743893.29312857
85149,4144598.27446667
85150,4872606.0214
85151,5162491.46339524
85152,3158219.4707
85153,3924462.66546667
85154,3177887.02513333
85155,4561340.03386667
85156,4015082.50256667
85157,4036927.04554444
85158,4076420.70522619
85159,4138752.8114
85160,5156759.29023333
85161,4435877.28966667
85162,4029393.2619
85163,3383910.64750476
85164,5157358.45863333
85165,4469717.72093333
85166,4109019.18676667
85167,4995436.66253333
85168,3913979.4655
85169,5365150.8871
85170,3696609.15612857
85171,4708391.77886667
85172,3974277.6184
85173,4049068.48256667
85174,4069019.43133334
85175,4845006.12003334
85176,5208399.28386666
85177,4422749.49243333
85178,4542926.80637143
85179,4169470.50677143
85180,5020018.94331905
85181,4560093.44379523
85182,5038499.71586667
85183,3969355.66096191
85184,3512158.28935714
85185,3201197.00072381
85186,4356246.7997
85187,4466618.5194
85188,4905040.55243333
85189,3880385.11996667
85190,5105305.79976666
85191,4654366.6056
85192,3547251.58676667
85193,3963589.22023333
85194,4847015.79196667
85195,4929489.60663334
85196,3874545.6693
85197,3543555.25401587
85198,4198430.18826667
85199,4762139.41363333
85200,4385426.65703333
85201,4746065.7683
85202,4283856.59496667
85203,4824077.10786667
85204,5238481.07113333
85205,4007255.84733333
85206,5299166.71846667
85207,4777602.8575619
85208,4572897.64471111
85209,4911218.93803333
85210,4376728.70216191
85211,4416956.1455
85212,4765758.26806667
85213,4841720.88236666
85214,5014320.03353333
85215,4056445.59533334
85216,4007570.23237143
85217,4711086.26533333
85218,4273408.23596666
85219,4691084.76487143
85220,5552349.26428571
85221,4724398.78113333
85222,4784450.2474
85223,4767701.92493333
85224,5009811.50849524
85225,5003474.03333333
85226,3866744.12854286
85227,3626619.0148381
85228,4163236.45649524
85229,4214713.90520635
85230,4247056.77535952
85231,4320430.76333333
85232,4437103.25973334
85233,3816596.31786191
85234,4535872.92876667
85235,4948874.78125238
85236,4434855.73977778
85237,4884126.42456666
85238,4976397.96278572
85239,4483764.59996667
85240,3578488.52730476
85241,4613427.147
85242,3672895.60173334
85243,5062800.08237143
85244,4220228.82186667
85245,3873393.75596667
85246,3925937.4306
85247,3410147.54687619
85248,3969936.10424286
85249,4306641.90916667
85250,4929938.3583
85251,3967767.30526667
85252,3953559.42845714
85253,5005865.1724
85254,4293545.12031111
85255,5197701.64193334
85256,4014825.93926667
85257,5134121.8359381
85258,4499887.20120952
85259,2464243.15038095
85260,4257500.9218381
85261,4686145.5808
85262,3807311.05852857
85263,3391031.635
85264,3823859.5954619
85265,3865865.58819048
85266,3961217.18996667
85267,4233433.31543334
85268,4643402.90086667
85269,4915115.89343333
85270,4145872.59586667
85271,2252845.65467619
85272,4463962.98770952
85273,3928641.20046191
85274,4199887.11226667
85275,4038074.4116
85276,3629542.19677619
85277,4922566.77903333
85278,4211968.63648572
85279,4370213.34156667
85280,4242375.742
85281,4231052.8134
85282,4844518.02323333
85283,4278388.95456667
85284,5046172.29203333
85285,4266720.9434
85286,4748038.69683334
85287,4481244.34988571
85288,3706914.6808
85289,4763342.1616
85290,4631076.17886667
85291,4502151.2881
85292,3527808.92446667
85293,5047094.0674
85294,5148422.5712
85295,4771748.37706667
85296,4219776.25352857
85297,3435051.20854286
85298,4316964.31086667
85299,5033382.92369524
85300,4936446.53472857
85301,3764932.37640952
85302,4768543.03706667
85303,4506846.51964286
85304,4265003.29961905
85305,3126196.42042381
85306,4379893.32769999
85307,3984414.76523334
85308,4722631.37725238
85309,4239469.95266667
85310,4463962.98770952
85311,3049921.92025873
85312,4646355.317
85313,4336951.6416
85314,5096713.65896666
85315,3536455.09210476
85316,4119359.17439524
85317,3388533.02972064
85318,4077009.3186
85319,4392384.40703333
85320,5026375.84381111
85321,4452017.97872857
85322,4405917.37723333
85323,3571207.30376667
85324,4062596.35173333
85325,4404732.21062381
85326,5243856.60936666
85327,4815547.75681111
85328,3369753.66353333
85329,5000630.1077
85330,4805294.62366191
85331,5285877.5595
85332,4831271.72503333
85333,4640508.82006667
85334,4918719.96511429
85335,3336535.22654762
85336,4328996.85926667
85337,4608584.53633333
85338,4454290.22083333
85339,4184588.1395
85340,4908028.92766666
85341,4841996.71826666
85342,4017701.43281905
85343,4551210.97680476
85344,3635898.77044445
85345,3341255.7656619
85346,4529001.42626667
85347,3250796.56786667
85348,4427361.6847
85349,4691157.80268572
85350,4314590.00596667
85351,3512696.65186667
85352,4362519.33043333
85353,4612514.06843333
85354,5119766.97316667
85355,3888813.0704
85356,3958010.4169
85357,4242617.31583333
85358,4724935.25551111
85359,3642351.96406191
85360,3608802.1150873
85361,5166395.0479
85362,4605306.9751
85363,3435527.0988
85364,4453657.92925714
85365,5856796.29411905
85366,4260566.3645
85367,4102755.506
85368,4625511.71323333
85369,4570806.66266667
85370,4904584.37117778
85371,4084323.15294444
85372,3698446.42527619
85373,4394001.34136667
85374,3904602.98636191
85375,4247799.32844286
85376,4981323.5324
85377,4476673.30776667
85378,4406850.63079047
85379,5537585.5335
85380,3708094.49461111
85381,4309912.8173
85382,2938745.00260952
85383,4702263.1525
85384,4637491.11943333
85385,3365011.65010635
85386,4239424.91713334
85387,5420337.85593333
85388,3968967.5255
85389,3407156.48913333
85390,3683924.60813333
85391,3739761.76051111
85392,4027743.60003334
85393,4922786.07229524
85394,4512902.38946667
85395,4027554.0091
85396,5200790.6963
85397,4768923.87473334
85398,4016701.57986667
85399,4037900.19541905
85400,4402652.78393333
85401,3004828.3480381
85402,4675751.49113333
85403,4121404.53982857
85404,3231435.72959048
85405,4306837.73333333
85406,4785500.22028572
85407,4726331.87
85408,4073275.64271111
85409,4274150.67974444
85410,4504879.9598
85411,4272191.2928619
85412,4584642.7828
85413,4244592.23593333
85414,3409183.83979048
85415,5402822.37128571
85416,3890378.40816667
85417,4708453.58643333
85418,4697698.34357778
85419,3712385.44406191
85420,5056746.66476667
85421,3795728.39174445
85422,3411014.8408
85423,5120944.76656666
85424,4592556.489
85425,4328602.1097
85426,4652632.42633333
85427,3176263.11193333
85428,4909600.4978619
85429,4144213.39096667
85430,4098213.5093
85431,3581783.93583333
85432,3783982.54291111
85433,3987304.78250952
85434,4658542.01876667
85435,5160848.35256667
85436,4006849.07287619
85437,5025841.15016667
85438,3881741.98852857
85439,3362761.99116349
85440,4433985.3224
85441,4096884.4434
85442,4215383.83797778
85443,5914139.66633333
85444,4125241.07526667
85445,4188488.24176667
85446,4787560.38450476
85447,3994667.99316667
85448,3848347.04116667
85449,3682447.29621429
85450,2954616.14227143
85451,4379101.64117778
85452,3845168.90307778
85453,4360800.97203968
85454,4043207.13150952
85455,4331244.67066667
85456,4878322.98359999
85457,4292382.30686667
85458,4619851.44236667
85459,4350055.94233333
85460,3916256.89146666
85461,4336363.39126191
85462,5344025.744
85463,3582133.12978254
85464,4864414.4646
85465,4608537.6918
85466,5284849.04863333
85467,3931259.5512
85468,4562271.28977143
85469,4113893.45783334
85470,4588651.79722857
85471,4162808.1799
85472,3881187.94427778
85473,4876201.64756666
85474,4331303.22045714
85475,5075863.44766667
85476,4506977.9617
85477,4186439.8292
85478,4882436.53773333
85479,2676097.95052857
85480,4114461.4036
85481,3933636.36864445
85482,4967655.7094
85483,3436594.88222064
85484,4594983.46019524
85485,4780456.6936
85486,3672134.67333333
85487,4722047.22043333
85488,4409233.49708572
85489,3632166.03847619
85490,4639473.94811667
85491,4473187.81884444
85492,3743638.6884619
85493,4453217.61993333
85494,4684697.62683333
85495,4460735.25963333
85496,4110333.45622381
85497,3981396.59532857
85498,4726262.71253333
85499,4044985.6853
85500,4457369.6957
85501,4491948.65432064
85502,5341596.15863334
85503,4524058.59003333
85504,3424720.14810952
85505,3971206.12686667
85506,4695128.5467
85507,5411492.65666667
85508,4268427.65726667
85509,4747993.24316667
85510,5031659.5448
85511,3350133.28643333
85512,5058109.7515
85513,3743293.48265397
85514,5417946.92116667
85515,3927683.627
85516,2573013.73459206
85517,4935096.36776667
85518,4112481.86226666
85519,4996596.81718571
85520,3833892.19976667
85521,4345196.88960952
85522,4021662.23346667
85523,4754297.5339
85524,3467122.47497778
85525,4777743.36476667
85526,3809144.8343381
85527,4692557.60023333
85528,4410381.31083333
85529,4151309.12163333
85530,4367197.99722857
85531,3618871.2379873
85532,3704305.28537619
85533,4933916.1584
85534,3879636.43346667
85535,3450163.61274444
85536,3574389.44733333
85537,3488180.35811429
85538,4506407.813
85539,4636333.77596666
85540,4649999.41356666
85541,4663166.22576667
85542,4647667.07196191
85543,4746250.15445
85544,4231972.1412
85545,4231013.50653334
85546,4675643.63542857
85547,4006090.61726667
85548,4956082.56126667
85549,3934755.28023334
85550,4831867.25197619
85551,4065439.35293333
85552,5055713.60593333
85553,4642947.53713333
85554,3079006.08770476
85555,4118065.6473
85556,5306055.18496667
85557,5340951.6511
85558,2999215.0252873
85559,4490955.97866666
85560,5266557.16040001
85561,4584362.5574
85562,4714792.21256667
85563,3979474.751
85564,4374081.21806667
85565,4405049.8983
85566,4263293.32179048
85567,4923443.70143334
85568,4955643.12554761
85569,4460651.04631905
85570,3827920.61643334
85571,3879283.86096667
85572,4980508.34373333
85573,3415032.35744444
85574,4779924.24816666
85575,5097023.802
85576,3987960.91336666
85577,4105885.87466666
85578,3663750.5636
85579,4885536.7054
85580,4687366.79666666
85581,4069207.5857
85582,3951355.86637143
85583,4870305.74012857
85584,4290209.63576667
85585,4924437.4004
85586,5316346.67993333
85587,5019549.75326667
85588,4572381.6102619
85589,3846454.59865238
85590,4249446.2066
85591,3055403.33407302
85592,4904432.6050619
85593,4293077.13433333
85594,3431966.5708873
85595,4440118.6193
85596,4305166.71136667
85597,4782734.0562
85598,4502654.44644444
85599,4223667.73296667
85600,4813862.83693333
85601,3859901.18453334
85602,4240000.53673333
85603,3824134.54054762
85604,4332670.63182857
85605,2332470.42048095
85606,3989095.57234762
85607,4230284.01806667
85608,4537575.63092381
85609,4703938.3815
85610,4689830.0492
85611,4541368.51713333
85612,4447412.62036667
85613,4729610.52373333
85614,4766183.73196666
85615,4462708.8912
85616,3735820.74756667
85617,4997706.68591905
85618,3386935.82913334
85619,4213628.23463334
85620,3706210.7451
85621,4335198.19996667
85622,3406382.64481111
85623,4272579.33596667
85624,4886681.00649524
85625,3752473.25366667
85626,4301754.37591429
85627,4340472.97233333
85628,4350406.34524445
85629,2874730.3907873
85630,4814446.62829524
85631,3343329.67094286
85632,4230926.34111111
85633,4090109.87636667
85634,4970809.62656666
85635,4396285.17896667
85636,4390131.827
85637,4038996.94099524
85638,4447096.85192857
85639,4366489.76763334
85640,4702633.08726666
85641,4192599.01886667
85642,3646858.33024762
85643,4488884.9678
85644,4299440.33766667
85645,3928215.66083334
85646,4480105.2662
85647,4015504.8607
85648,4583380.79450476
85649,4030347.33954444
85650,3593539.15771429
85651,4000245.6559
85652,4754290.7031
85653,4071478.2592
85654,4163453.51973333
85655,5335429.76943333
85656,4533644.13953333
85657,3769287.81840952
85658,4736728.47273333
85659,4708956.8655
85660,5218762.80156667
85661,4237615.45952857
85662,4793618.40713333
85663,4659888.72004762
85664,4534098.14936667
85665,3168976.64479524
85666,3481997.99416667
85667,4256664.25516667
85668,4308188.53733333
85669,4126744.5727
85670,4312918.7826
85671,3751727.33866667
85672,5104634.41396667
85673,4434043.2354
85674,4313376.89499286
85675,4571785.89866667
85676,2976832.25476667
85677,5073921.4038
85678,3889875.60977619
85679,3508292.31501429
85680,4753443.03383333
85681,4877257.74773333
85682,3578226.10796825
85683,4847464.6771
85684,4758523.9211
85685,4629252.31306191
85686,4425518.26496667
85687,4302767.3771
85688,3996315.45643333
85689,4533036.45486667
85690,4966127.77315714
85691,4576139.21023333
85692,4605320.89563016
85693,4521330.6543
85694,4604443.07596667
85695,4091065.37655714
85696,4885271.93931905
85697,4576744.25446667
85698,3100014.1767381
85699,4398663.6808
85700,3877451.50780952
85701,5419564.29023333
85702,4345835.44057778
85703,3884480.09371111
85704,4729645.1456619
85705,3989988.59634445
85706,3963196.25553333
85707,5184726.75663333
85708,4783793.146
85709,4148743.842
85710,4065471.7454
85711,3416862.18286191
85712,4581595.73386667
85713,2369409.74723492
85714,4335611.33976667
85715,4230771.62203016
85716,4706651.84893334
85717,5186483.2749
85718,3971861.66286191
85719,3261394.26719524
85720,5213588.3169
85721,3772744.33773334
85722,4369152.39053334
85723,4598853.05745714
85724,3693199.04297302
85725,4660860.59335238
85726,3509372.48375238
85727,4465041.09200952
85728,4297365.43577619
85729,4121596.18676667
85730,5017051.55383333
85731,4508177.44011904
85732,5002514.25496666
85733,4297674.48056667
85734,4787624.64313333
85735,4274524.67536667
85736,4204398.10845238
85737,5071606.9856
85738,4795801.48653333
85739,4629848.8306
85740,3744750.64896667
85741,3639032.64404444
85742,3164587.58103333
85743,3878182.1872619
85744,3782603.2927
85745,4697558.67913333
85746,4612661.98731667
85747,4460970.68636667
85748,4756989.4309
85749,3972414.06701111
85750,3468464.65243333
85751,3683516.57906667
85752,4103320.3132
85753,4690879.65476667
85754,4192320.02806667
85755,4416030.55237778
85756,3851057.37033334
85757,4778710.27506667
85758,4611183.74863333
85759,4611743.92913333
85760,4306016.2145
85761,4522478.7576
85762,3927891.1298
85763,3642483.53437619
85764,3140471.4282254
85765,3668021.15513333
85766,4647353.88093334
85767,3113968.06259048
85768,4187651.88861905
85769,3959673.52456667
85770,4669952.29033333
85771,4426324.77993333
85772,4235301.95833333
85773,3852611.19578095
85774,4892457.939
85775,5158466.16561905
85776,4361874.4699
85777,3924267.7997
85778,4888596.72415238
85779,3801189.49324444
85780,3819555.61256667
85781,4709694.46262857
85782,4301091.49146667
85783,3556133.38999524
85784,3881454.59266667
85785,5503281.47136666
85786,4347263.98761905
85787,4790332.1643
85788,3586443.27542857
85789,3230028.64211428
85790,4060031.08294445
85791,4354169.02163334
85792,4365621.4919
85793,4482732.86963333
85794,5019776.4916
85795,3752779.1906
85796,3854051.19685397
85797,4263999.62526191
85798,4460508.60126667
85799,4216184.51366667
85800,4200405.83120635
85801,4651320.89219524
85802,4218414.32747143
85803,4240942.98616667
85804,4050495.36823334
85805,4613598.6585
85806,4257460.86942619
85807,4810720.72396666
85808,4382977.2422
85809,2815496.43493334
85810,4489892.69915873
85811,4616780.58297778
85812,4607532.1605
85813,3955729.40563333
85814,4861246.89153333
85815,2897459.23046667
85816,5234273.12253333
85817,4380831.05603333
85818,3954053.2041
85819,4643184.0322873
85820,4850782.3896
85821,4707328.82853333
85822,3955112.84386667
85823,4414504.4938
85824,5430178.62973334
85825,4513334.69432857
85826,3433685.43823333
85827,4709384.26833333
85828,4620541.51846667
85829,4304687.51753333
85830,4300480.80076666
85831,3475611.1577873
85832,3531285.9262
85833,4111280.98906191
85834,3157891.12951429
85835,4303576.3408619
85836,3860982.31264286
85837,4564580.1755
85838,4538986.33503333
85839,3594120.4152
85840,3889356.94486667
85841,3231096.26354762
85842,4453876.94401905
85843,4668372.9675
85844,4230106.69476667
85845,4357290.58840476
85846,4627923.66497619
85847,3860886.49756667
85848,4510271.099
85849,3938862.76576667
85850,3101455.02617619
85851,4331028.48115397
85852,4548235.4458
85853,4042075.82793333
85854,4017223.448
85855,4579099.80003333
85856,3586828.72173809
85857,3975788.12354762
85858,4097650.38758333
85859,4610143.16116667
85860,4500435.59153333
85861,3967941.30706667
85862,2977420.01407619
85863,4859951.49426666
85864,4408943.1175
85865,3968655.17093333
85866,3732542.88153333
85867,5956757.7016
85868,4440003.58419047
85869,4583697.32419524
85870,4010797.5636
85871,4447842.56526667
85872,4051671.29640953
85873,4320679.2353
85874,5406965.28928571
85875,5028527.59003333
85876,4111908.56716667
85877,4398790.65287619
85878,5369510.28076666
85879,5711832.16693333
85880,4205150.16486667
85881,3839677.30193334
85882,4453170.0859
85883,4431892.92294762
85884,3584622.33437143
85885,4019795.71419524
85886,4655569.35306667
85887,4306232.23116666
85888,3802634.24517619
85889,4511790.01076666
85890,4139611.36686667
85891,4119340.95653492
85892,3286119.47590476
85893,4361917.65546667
85894,3862272.83996667
85895,4068506.63553334
85896,3914539.16797143
85897,3815793.36923334
85898,4064549.96368095
85899,4188562.88477619
85900,3844190.6422
85901,3829724.34576667
85902,4136988.7548381
85903,3988944.62959524
85904,3794821.27516667
85905,4576509.26736667
85906,3927389.1443
85907,3801694.54752857
85908,4516532.3262
85909,4364866.43130953
85910,4106691.13680953
85911,3665311.8079
85912,4497052.16666667
85913,4647124.56746667
85914,3941362.59634286
85915,3654043.48087619
85916,3857311.01416667
85917,4449082.59273333
85918,3589150.02908572
85919,5251441.3066
85920,3922256.6055
85921,5795226.55863333
85922,4059512.67256191
85923,4369836.06566667
85924,4403276.20203333
85925,3456690.27996667
85926,4683259.621
85927,4115024.67296666
85928,2689343.53247619
85929,4503081.5782
85930,3628109.03440476
85931,4523881.35042857
85932,4621714.87386667
85933,3997608.84046667
85934,3811502.44913334
85935,4142262.09607778
85936,3928879.28223333
85937,4857707.6055
85938,4260968.63315
85939,3970288.82316667
85940,4561912.95273333
85941,5096770.12102857
85942,4381336.44156667
85943,2927657.08328095
85944,3798364.59477778
85945,3186548.74048095
85946,2985626.2663619
85947,3714952.35341111
85948,5071486.14176667
85949,5756364.29536667
85950,4061755.60090952
85951,3915800.6485
85952,4143736.99326667
85953,5378750.03736667
85954,4450162.87045714
85955,4032521.39254762
85956,3851087.66596667
85957,4897740.52393333
85958,3621894.15844286
85959,5018573.25193333
85960,4863442.47514444
85961,4263326.12035952
85962,5048141.85549524
85963,3928122.22564286
85964,3794483.1146
85965,3879030.46101111
85966,4467250.44526666
85967,3501657.51676667
85968,3780818.94636667
85969,3860847.06256667
85970,4590847.78195873
85971,4247186.939
85972,4257941.40116667
85973,4673267.15333333
85974,4055330.67563333
85975,3891999.44476191
85976,3998019.3137
85977,4514677.36203333
85978,4575595.596
85979,4175345.25197619
85980,4525264.56416667
85981,4002637.70135714
85982,4382175.08556667
85983,4440200.00001905
85984,3708551.51365715
85985,4532761.44176667
85986,5363624.64906666
85987,5335798.96146667
85988,3431376.07549048
85989,4735287.11784286
85990,4099380.92047778
85991,4075381.55397619
85992,4262369.16570635
85993,4096403.89553334
85994,4807419.09713333
85995,3696151.3923
85996,4328592.70176667
85997,4942695.02157777
85998,5649929.5881
85999,4453599.98913333
86000,3222154.16557778
86001,5339190.39916667
86002,3746352.0686
86003,4697982.02262857
86004,4689245.64119524
86005,3363351.26366667
86006,4492624.3735
86007,3952206.08343333
86008,4076561.8247
86009,5378076.7216
86010,3904830.56408571
86011,3798776.4289
86012,4705114.92856666
86013,3222875.10743016
86014,3990476.23523333
86015,4588716.18286667
86016,3846487.7911
86017,4778099.03026667
86018,4421095.63868095
86019,3911541.02784286
86020,3709521.8786
86021,4471980.1795
86022,4061134.46276667
86023,4815069.71255238
86024,3591401.22094444
86025,4692442.55866666
86026,3257831.23461587
86027,4518725.89176667
86028,4097046.68156667
86029,4587105.09716666
86030,4273648.75536191
86031,4733724.20713333
86032,3361270.24417619
86033,3889059.5031
86034,3592418.9272619
86035,4351107.22227778
86036,5012559.10936666
86037,2930548.38236667
86038,4615351.3685
86039,3618119.45824445
86040,4150423.14887302
86041,4179429.32743333
86042,4019655.16263333
86043,4226206.1412
86044,4548011.60046666
86045,4173819.74793333
86046,4473194.5729
86047,5230595.80863333
86048,3463194.43593333
86049,4197321.6663
86050,4037844.46994286
86051,4389503.3594
86052,4547169.97716667
86053,4353385.44732857
86054,4871853.91873333
86055,3882407.9218
86056,3942296.63296667
86057,4608673.3555
86058,4237645.10273334
86059,4450942.8449
86060,4189833.1099
86061,2526172.08514762
86062,4198328.67036667
86063,4103444.35276349
86064,3090801.48829048
86065,4988103.18876667
86066,4149864.9078
86067,4413767.90663334
86068,4346917.59113333
86069,3958199.28477301
86070,4365065.4283
86071,4607753.0958
86072,4495118.92603333
86073,3634409.07606667
86074,2691774.09296667
86075,4511416.55202857
86076,4833099.40473333
86077,5171365.8338
86078,4382622.95746667
86079,4679195.40106667
86080,4222884.94880952
86081,3964327.80773334
86082,5372407.75026666
86083,5272361.49846667
86084,5073200.94586667
86085,3732178.0534
86086,5079111.5688
86087,4008782.87773333
86088,4596741.26071667
86089,3206931.9867
86090,4351149.7196
86091,4651791.30006667
86092,4645824.4095
86093,4961463.69925714
86094,4701803.08106666
86095,4260484.06122857
86096,3884549.79273333
86097,4013574.56433334
86098,4886634.2135
86099,4161727.42636667
86100,4769175.2903619
86101,4691306.7028
86102,3973862.43893333
86103,4005133.88709206
86104,4709456.2817
86105,4662806.19626667
86106,3868035.41971111
86107,3733646.2
86108,4396142.56230952
86109,4559181.1803
86110,5501091.93633334
86111,3796981.787
86112,4986304.09326667
86113,3898627.6569619
86114,4939421.53353333
86115,3604766.92016825
86116,4028604.92366667
86117,3510854.5181
86118,4442621.90336666
86119,3510549.2236873
86120,4368706.66376667
86121,3763592.36047143
86122,3312011.23084921
86123,4551964.17597619
86124,4987724.55551905
86125,5178866.50713333
86126,4301134.67442063
86127,4436067.13496667
86128,4456924.20773333
86129,3566418.4992
86130,4141148.15509048
86131,4119851.75583333
86132,4738612.78664286
86133,4987640.72331111
86134,3978512.56057778
86135,4339621.56806667
86136,3373788.53635714
86137,4870393.26766667
86138,4424039.43064444
86139,4198550.8018
86140,4197587.54002778
86141,4409723.96596667
86142,4046947.27319524
86143,4403835.26186667
86144,3578570.71813334
86145,3896021.06727143
86146,4935536.3735619
86147,4416858.5542
86148,4584592.606
86149,3104044.11697619
86150,4055379.72697619
86151,4602886.08773333
86152,4484450.18316667
86153,4902879.19562857
86154,4828602.90716667
86155,5159082.20875238
86156,4139238.55753334
86157,3533782.494
86158,4268668.71104762
86159,4666922.15856667
86160,5121650.2984
86161,4028929.31783333
86162,3670489.05585873
86163,3235397.30875873
86164,4691680.47303334
86165,4385557.85146667
86166,5586914.97366667
86167,3973775.84301111
86168,4773452.02383333
86169,4155419.34086667
86170,3213499.96573333
86171,4645329.84333334
86172,4034044.63585
86173,4148724.95186667
86174,3678173.10733334
86175,4059750.56256349
86176,4715254.09991905
86177,4454107.77053333
86178,4857841.38466667
86179,4501663.73312857
86180,3859966.95851111
86181,4368690.9224
86182,4867444.47233333
86183,4558816.14056667
86184,4767976.82883333
86185,4761218.10193333
86186,4062693.14723333
86187,4687310.93106667
86188,5357834.2668
86189,2490326.12760476
86190,5472772.47476666
86191,3778367.34816191
86192,5214023.4077
86193,4468281.27875714
86194,4282862.14973333
86195,3607759.00075238
86196,4839749.46113333
86197,3346154.013
86198,4993046.67776667
86199,4479292.7165
86200,5039140.781
86201,4778314.94183333
86202,4310741.07573333
86203,3890524.98323334
86204,4198863.93664286
86205,3728182.25195714
86206,4350768.69816667
86207,4016078.54283333
86208,4675501.07316667
86209,4574984.58133333
86210,4168462.66143968
86211,4655935.56406667
86212,4378125.0085
86213,4104397.78494444
86214,5195891.7308
86215,4795477.5156
86216,4057858.73326667
86217,4226400.84348254
86218,4088751.07023334
86219,4963034.78546667
86220,4185553.05116666
86221,4192746.89893333
86222,4686394.81216666
86223,3812181.58743334
86224,4635107.9973
86225,4648179.92873333
86226,3869607.52994762
86227,4192007.86856667
86228,4612073.59863333
86229,4960107.56283333
86230,4603145.39123333
86231,3919675.69036667
86232,5415106.32593333
86233,5017910.0949
86234,4748949.1541
86235,4235394.6104
86236,3272370.53616191
86237,4273408.91993333
86238,4083463.37536667
86239,4304133.99688095
86240,4748861.04686666
86241,3968329.59147778
86242,4630396.7495381
86243,4493850.77014286
86244,3676880.61153333
86245,4670895.41303333
86246,4643343.49166667
86247,4660006.3985
86248,4854190.35316667
86249,4502386.53296667
86250,4234143.7627
86251,4386833.58186667
86252,3351714.9522381
86253,4542344.9994
86254,4702906.28873334
86255,4784375.2922
86256,3771085.67056667
86257,4241423.00766667
86258,4649156.72626667
86259,4763608.59706667
86260,3912513.44086667
86261,4637091.96716667
86262,3364661.91812064
86263,4927782.73965238
86264,4542584.89893333
86265,4156655.67343333
86266,3957022.97487778
86267,4983649.72803333
86268,4525355.2203
86269,3217215.23755397
86270,3851933.945
86271,4690963.27719524
86272,3386694.94956667
86273,3545468.15177619
86274,5028414.47725238
86275,4646739.29251429
86276,3693780.79480953
86277,5096816.84973333
86278,4269814.43647778
86279,4382655.21772857
86280,4472687.42923333
86281,3805631.69924286
86282,4809312.80183333
86283,3582085.54103333
86284,4903861.50586667
86285,4801572.9709
86286,4037859.91203334
86287,4549461.30686667
86288,4798703.5976
86289,4607419.74676667
86290,5196303.3115
86291,4773454.73913333
86292,4667406.38933333
86293,4563613.91450476
86294,4116578.33126191
86295,4321292.17226667
86296,4808832.37546667
86297,4820938.66076667
86298,4175650.43106667
86299,4668399.503
86300,4132694.58996667
86301,3969194.88027619
86302,3379679.84823492
86303,4618342.4067
86304,3647789.25347778
86305,4698264.51936667
86306,3506691.79868254
86307,5333566.35806667
86308,4691410.7725
86309,5420460.87884444
86310,3085274.45289207
86311,4205098.3632
86312,4095388.11727143
86313,2769688.1021
86314,4405712.60171429
86315,4127763.51896667
86316,5139600.36533333
86317,3364784.45773333
86318,3827654.7527619
86319,4245351.1739
86320,4570520.9191
86321,4295963.00756191
86322,4600211.78913333
86323,3567454.99163333
86324,4987698.74996667
86325,4332798.66716667
86326,4874377.2922
86327,3847686.33451429
86328,4858751.52103334
86329,3752039.08898095
86330,3296265.13512381
86331,4425927.77733333
86332,4060747.1839
86333,4978708.76519524
86334,4439505.47616667
86335,5089016.9674
86336,4752193.71816667
86337,4366050.7797
86338,4003851.09596667
86339,4748873.99203333
86340,4076273.01478571
86341,4200067.61623333
86342,4004678.31912381
86343,4589236.5417
86344,2557377.7859
86345,3794441.86462857
86346,4212571.12762857
86347,4365190.66766667
86348,4664274.1717
86349,4706785.75643334
86350,4073168.69543333
86351,4964758.0525
86352,3428547.5224873
86353,4895611.17963333
86354,4477175.21637778
86355,3910251.41173333
86356,4409576.33123333
86357,3744999.22473333
86358,4960427.35316666
86359,3839971.07903333
86360,3573632.91400476
86361,3896375.19726667
86362,4729291.28193333
86363,3290809.28023333
86364,4806717.749
86365,3995006.12609524
86366,4048615.20006667
86367,4479511.11453333
86368,4679414.6275
86369,4733658.8544
86370,4757753.32086666
86371,4067616.87904445
86372,4410261.2597
86373,5161289.79763333
86374,4515009.1117
86375,4606025.90753333
86376,4417077.52004762
86377,5103030.91643333
86378,4391828.70183333
86379,3406348.83404286
86380,4045800.95481905
86381,4886431.18703333
86382,4608351.9953
86383,4104939.57602381
86384,3157627.13065714
86385,4164489.29323333
86386,5299390.74766667
86387,3947026.83526191
86388,5209012.70914762
86389,5033057.36966666
86390,4676545.79243333
86391,5233827.1433
86392,4797564.38531111
86393,5278143.90396667
86394,4060158.73910953
86395,4494004.98546191
86396,5208377.66386666
86397,4735303.62038333
86398,5007976.53413333
86399,4060210.28704286
86400,4443166.72976667
86401,3086947.07083333
86402,3823230.92732857
86403,4550725.2234
86404,4381816.30414921
86405,3634037.62682857
86406,4669652.11096666
86407,2860476.82290476
86408,2505887.32315714
86409,4673776.20546667
86410,4441824.37502857
86411,4208868.86262857
86412,4979504.9894
86413,4744269.813
86414,4698200.18782857
86415,4857438.95253333
86416,4827240.51853333
86417,4621121.6796
86418,4643382.68444762
86419,4216079.58646667
86420,4412013.22506667
86421,5026485.65176667
86422,3956414.5999381
86423,4046871.36779524
86424,5001989.93396667
86425,3875828.71390953
86426,4283069.84363334
86427,4360378.34546667
86428,4888410.25676667
86429,3840034.32032381
86430,5007452.8854
86431,3897518.40757619
86432,4306541.23323333
86433,4199179.0582
86434,3539174.61193968
86435,2523908.21746667
86436,4410825.11104445
86437,3605898.12689048
86438,3982763.16763968
86439,4270427.91457619
86440,3658775.07202857
86441,4809615.3086
86442,4266245.02863333
86443,3801554.69834286
86444,5008489.17993333
86445,4895245.23653333
86446,4544466.5982
86447,5387975.1053
86448,4778448.66256667
86449,3998206.19986667
86450,4489603.7861
86451,4434077.64153333
86452,3390547.73273333
86453,5120559.0516
86454,4662661.25263333
86455,3337712.5881
86456,3930063.29696666
86457,4703366.19526666
86458,4804966.60906666
86459,5072585.2415
86460,5234521.777
86461,4386934.75328095
86462,5228475.93693333
86463,4134976.85947619
86464,3795513.83940159
86465,4078838.32894445
86466,4645983.09892857
86467,4855062.73956667
86468,5228752.42116666
86469,4369851.2804
86470,3325110.70333333
86471,3946324.52773333
86472,4103306.3854
86473,4153695.98853334
86474,4532940.03233333
86475,4194817.42883333
86476,4809984.5087
86477,4071824.14714762
86478,4842813.01042857
86479,4952441.29522381
86480,5028777.32596667
86481,4779204.71693334
86482,4760620.97416667
86483,3934728.44863333
86484,5099686.6225
86485,4856707.75913333
86486,3779664.99773334
86487,5014486.79593333
86488,5029449.77873333
86489,4894660.78916666
86490,3958321.06203334
86491,4829678.76003334
86492,2448955.82266349
86493,4089071.51606667
86494,4369426.0038
86495,4362112.33931111
86496,4287450.75537778
86497,4072477.55412857
86498,4132059.96314286
86499,3962028.56479524
86500,4387962.976
86501,3996593.79556667
86502,3801694.54752857
86503,4336624.5647
86504,4378192.69427619
86505,4455261.39812381
86506,4913243.2544
86507,4816239.3379
86508,4240071.74597619
86509,5201691.77676667
86510,3633233.40958572
86511,6086018.5778
86512,4493097.00530952
86513,4504212.67471111
86514,5198194.58146666
86515,4555006.23075238
86516,4233011.5361
86517,5544640.19278333
86518,4798747.3774
86519,4458952.8077
86520,4136845.9305
86521,4687673.67803333
86522,4961719.3785
86523,4780068.90683334
86524,4158734.88187619
86525,3392317.76250952
86526,4399063.86926667
86527,4758093.1947
86528,4859415.51406667
86529,4178368.0892
86530,4786104.17583333
86531,4941882.43685238
86532,4876430.67866667
86533,3461413.21660635
86534,4466455.44363333
86535,4464313.8372
86536,4371730.38783333
86537,4264969.9118619
86538,4156581.81896667
86539,4413988.04130635
86540,5184233.97749524
86541,5349960.64006667
86542,5243036.7868
86543,4660547.3393
86544,4506615.37913333
86545,4825498.40096666
86546,3187907.39469524
86547,4070413.87484286
86548,5048627.3975
86549,4788466.8963
86550,4344337.87349524
86551,4469780.41944286
86552,4481047.9351
86553,4355346.52986667
86554,4613600.97756666
86555,3979563.32383334
86556,4748825.196
86557,4989394.7241
86558,4324582.33197143
86559,3967968.85740476
86560,4697043.12513333
86561,3384956.36037143
86562,3621273.15326667
86563,4409777.47305714
86564,4206875.17826667
86565,4480863.19556667
86566,3178294.83799206
86567,4648395.54736667
86568,4036204.5545381
86569,3007154.93882063
86570,3818354.93579048
86571,4430985.21196667
86572,4595531.97636667
86573,3940461.00843333
86574,4861478.4575
86575,4771280.30442857
86576,3761689.95906667
86577,4601352.25286667
86578,4507292.9575
86579,4028750.80258571
86580,4941832.26176667
86581,3867809.31314286
86582,5728302.99923334
86583,4611185.93166667
86584,4158413.84393334
86585,4258268.36643333
86586,3051845.0475254
86587,3926305.04400476
86588,5040560.52306667
86589,5175035.926
86590,4228614.1513
86591,5010560.26213333
86592,4234557.8197
86593,4567905.69433333
86594,4293029.72233333
86595,5452530.66723334
86596,4413186.1202
86597,4536876.94673333
86598,4578662.96653333
86599,4432007.20826667
86600,3976813.91548571
86601,3758120.49567778
86602,5069217.94243333
86603,4754730.83763333
86604,4441250.87944444
86605,3576021.77237778
86606,3906974.1077381
86607,4225330.65156825
86608,3408538.38890476
86609,3936493.42613334
86610,4182717.05933333
86611,4742444.2841
86612,4231546.43974921
86613,5428995.30913334
86614,4645394.51616666
86615,4855831.845
86616,4000999.31929524
86617,4763949.34463334
86618,4924606.10726667
86619,4038321.52762619
86620,3919838.30396667
86621,4854426.1319
86622,4752207.8858
86623,3852139.84693333
86624,4667855.7943
86625,4609015.14546666
86626,4487535.61549524
86627,5458236.1527
86628,4463611.87
86629,3404471.55936667
86630,4136610.69957778
86631,3651297.35726667
86632,4016132.76356667
86633,4085133.26619524
86634,4445946.2656
86635,3336266.5533381
86636,4238406.14708095
86637,3588770.93685397
86638,4541996.327
86639,4655303.58586667
86640,4553567.59966667
86641,3177555.75736667
86642,4307605.5276
86643,3819054.2408
86644,4754550.61293333
86645,4224732.53403333
86646,3383078.8422
86647,5270730.16513333
86648,5213789.1345
86649,5537076.43376666
86650,3944949.51303333
86651,3953582.51386667
86652,3549721.02419048
86653,4825035.41913333
86654,4645997.26450952
86655,5072498.7333
86656,4478222.46689524
86657,4599228.21656667
86658,4566592.37946667
86659,4268663.2293
86660,4043196.18663333
86661,5002560.13525238
86662,4489777.20096667
86663,3420894.13113334
86664,4190297.86137143
86665,4023252.13286667
86666,4838285.09411905
86667,3934971.62800952
86668,4448753.99246667
86669,3593539.15771429
86670,3580870.675
86671,4369266.23286667
86672,4608322.62018571
86673,4780241.99406666
86674,4289912.40639524
86675,3276075.09426667
86676,4881329.56996667
86677,3296450.11674286
86678,3894648.41133334
86679,4813915.27083333
86680,4049667.86766191
86681,4205397.46241905
86682,5064860.4042
86683,3999316.22625873
86684,4758334.99806667
86685,4973381.892
86686,3152184.39370476
86687,5105312.0889
86688,5291226.6013
86689,4408416.49118571
86690,4449552.38183333
86691,4836979.09856666
86692,4766116.65123333
86693,4916638.69103333
86694,3496895.23470159
86695,4862038.22193333
86696,2859019.05303333
86697,3798472.94186667
86698,4435349.69321111
86699,4756400.12006191
86700,3801887.6589
86701,4176015.84153333
86702,4640582.43446666
86703,4871898.85556667
86704,3508034.4508
86705,4915568.43276667
86706,4126073.4669
86707,5022467.58579048
86708,4505278.65466667
86709,4089108.62823333
86710,4479754.98979524
86711,4836606.01933333
86712,3664772.23760635
86713,4032933.72126667
86714,4656575.41223333
86715,4318304.28676667
86716,4630730.11326667
86717,5144658.72116667
86718,4494153.0134
86719,4688794.6958381
86720,3536877.56429524
86721,4854692.9402
86722,4727781.0066
86723,3869785.48033333
86724,3058550.68372063
86725,5212278.60256666
86726,4366189.30946667
86727,4719062.77336667
86728,3559835.28014445
86729,4738883.35593968
86730,4831703.23763333
86731,5505708.84816667
86732,4751199.56206667
86733,4383875.37293333
86734,4733428.05934445
86735,4066721.8497
86736,5026713.98316666
86737,4506839.6174
86738,3931688.1955
86739,4727199.1294
86740,4118226.33053333
86741,3802832.77323333
86742,3244155.76926667
86743,4654488.54944444
86744,4005477.19950953
86745,4755768.23073333
86746,3154338.75743333
86747,3603517.46792857
86748,3772479.2171
86749,4365532.41976666
86750,5036972.20953333
86751,4925946.74883333
86752,4008392.8519
86753,4114499.72939048
86754,4372973.99546667
86755,4747852.04463333
86756,4138399.70603333
86757,3424953.1494
86758,3731112.38644445
86759,4025853.18106667
86760,4541368.51713333
86761,4256918.1517
86762,4848588.45143333
86763,3246679.6418
86764,4583680.9871
86765,4833667.76826667
86766,5006285.75983333
86767,3458744.72916667
86768,2539112.4789
86769,4182125.33104762
86770,4773458.6505
86771,4761034.08022857
86772,4075107.28596667
86773,3739910.80664286
86774,4528365.23476667
86775,4537060.13367619
86776,5096960.9761
86777,4302011.4633
86778,3251040.2998
86779,4325464.82143333
86780,4707027.68813333
86781,4069703.49103333
86782,4907553.08869524
86783,4648293.4748
86784,4264787.5121
86785,4070875.84466667
86786,4545217.4524
86787,3234358.37364445
86788,4395926.49913333
86789,3906708.40066667
86790,4851919.7414
86791,5095445.9518
86792,4541643.64976667
86793,5186084.4299
86794,4106168.08199524
86795,4058052.16563333
86796,4632695.97573333
86797,4420458.98856667
86798,3867469.29591429
86799,3087745.69544762
86800,4312309.1563
86801,3664638.5822
86802,3821273.07051111
86803,4016563.2936
86804,4287041.0724
86805,4700916.09159524
86806,3405700.50761111
86807,5143225.51443333
86808,4660285.86106667
86809,5013283.54823333
86810,3964585.26196667
86811,4046977.93246667
86812,4420230.5326
86813,4073168.69543333
86814,5523256.78183333
86815,4277675.5017
86816,4094331.21117778
86817,4578468.833
86818,5056441.29016667
86819,3214989.04046667
86820,4437377.81982857
86821,3629246.94086667
86822,4795654.13066666
86823,3213731.33473333
86824,4227790.17450476
86825,4033250.12646667
86826,3979957.6862
86827,4017274.71886667
86828,3495350.9422
86829,4613584.24496667
86830,4364744.00276191
86831,4773913.77253333
86832,4757459.48793333
86833,4983626.31455238
86834,4504223.78
86835,3865921.02033333
86836,5299039.62006667
86837,4191845.0876
86838,4241130.01263333
86839,4452514.52143333
86840,4436238.53886666
86841,4324217.4447
86842,5389055.97143333
86843,4490822.32653333
86844,4360022.22906667
86845,4503486.68746667
86846,4588960.87301111
86847,5242188.18336667
86848,4937846.00872857
86849,4323744.5682
86850,3246790.20333969
86851,4650082.2846
86852,4621687.9608
86853,3030020.7333873
86854,4635359.81256667
86855,4002429.506
86856,4246890.9671
86857,3477865.62925715
86858,3993436.7410635
86859,4222712.38586667
86860,3730514.63977143
86861,4141650.92206667
86862,4698659.98662857
86863,3528535.50478254
86864,4625547.61126667
86865,4051420.57323333
86866,4176037.48026667
86867,2832867.3945873
86868,5233874.08523334
86869,3579713.15302064
86870,4202920.78406667
86871,4479074.10441111
86872,4289528.69533333
86873,5294722.51736667
86874,3949121.3322
86875,4150233.44103333
86876,3237873.55350952
86877,5077503.3764
86878,4375212.09896191
86879,4223181.01353333
86880,3968909.2335381
86881,3191721.13357778
86882,3795220.60288334
86883,3883027.90527778
86884,3866611.98424762
86885,3851372.45977619
86886,4181102.27520635
86887,3973803.13162857
86888,3798366.08166667
86889,3420718.21043334
86890,4162725.3602
86891,5179131.5538
86892,4442427.4648
86893,4183472.10963334
86894,4815839.33513333
86895,3939027.65872381
86896,4802712.7513
86897,4170577.95253334
86898,4406157.9714
86899,3788666.62171905
86900,4474997.38966667
86901,3366407.16329047
86902,4105652.58757778
86903,3716388.11403334
86904,4004695.98413333
86905,3679102.16420159
86906,3877595.3267
86907,5466522.397
86908,4466925.62330159
86909,3655360.469
86910,4686701.68991587
86911,3901347.35366667
86912,4139979.59603333
86913,5033057.36966666
86914,4550599.51766667
86915,4336740.98983333
86916,4068787.46606667
86917,4102452.8696
86918,4689677.7025
86919,5110613.31
86920,4906015.39073333
86921,4459981.30823333
86922,3898521.05773333
86923,5323260.20876667
86924,4014878.95546667
86925,3493998.2708
86926,4569426.22096667
86927,4825220.11186667
86928,4455230.925
86929,4260769.00493333
86930,4629724.24053333
86931,4148032.3128619
86932,4615761.95413333
86933,4374434.53724286
86934,4740814.439
86935,4589240.32893333
86936,4195830.96596667
86937,3518205.44224286
86938,4640888.73453333
86939,4059693.16236667
86940,3920485.92506826
86941,4048010.78213333
86942,4150441.06833333
86943,3793566.12954286
86944,3244138.2144254
86945,4032660.01483333
86946,4747423.1574
86947,4029584.99729524
86948,3632891.36484762
86949,4035475.59973334
86950,4766108.01303333
86951,4781145.28436667
86952,4708349.6948
86953,3896237.6084
86954,4354960.21139286
86955,3632762.84872857
86956,4089384.3059381
86957,4484053.14436667
86958,3466854.30391111
86959,4267427.63553333
86960,5675491.73833333
86961,3807613.76253333
86962,4561054.49536666
86963,5366212.79343333
86964,3532128.135
86965,5172391.71748254
86966,3722204.99476667
86967,5055368.1573
86968,4238896.58101905
86969,3625928.25174444
86970,3153396.17871429
86971,3079535.55654286
86972,4401300.19543333
86973,3267948.94204286
86974,5007976.53413333
86975,4975739.27228333
86976,4512182.84814444
86977,4599027.43460952
86978,5133152.96166667
86979,3579979.53166667
86980,4539861.99126667
86981,3544578.14256667
86982,3389363.94126667
86983,3923813.1914
86984,3728402.95302857
86985,4172773.84353333
86986,4991675.90640952
86987,4746110.55393333
86988,4476008.04513333
86989,4636633.07851905
86990,4493309.12573333
86991,4125747.19519524
86992,4209351.76496666
86993,3898156.59033333
86994,4640174.92836666
86995,3998228.68435238
86996,3576090.90250159
86997,4271147.04693333
86998,5012343.97609999
86999,4864186.34276667
87000,4313934.86570635
87001,5083950.88265238
87002,4507714.38293333
87003,4318082.1807
87004,3759619.76803334
87005,4589111.89476191
87006,3530233.53123333
87007,2815370.73587619
87008,4852357.1966
87009,5017099.69556667
87010,3407223.57617619
87011,4218815.72303333
87012,3898067.63183333
87013,4468573.32803333
87014,3018723.41649524
87015,3789177.32640953
87016,4172322.61993333
87017,5498382.9576
87018,4002080.67637778
87019,4587457.18866666
87020,4970247.72676667
87021,3372567.54423333
87022,3757106.42021111
87023,4203988.36161111
87024,3674582.27571429
87025,4131208.49482619
87026,5532706.17643334
87027,4247311.2161381
87028,4312002.31433333
87029,4301500.2256
87030,4337824.07168571
87031,3801098.85089524
87032,4717307.79576667
87033,4131153.10763333
87034,4302547.17486667
87035,4025865.94276667
87036,4676595.18412857
87037,3606092.07927778
87038,5075505.7407
87039,4164735.66856667
87040,4492620.609
87041,3843448.42936667
87042,4583931.8988
87043,4839805.58906666
87044,4614387.6014
87045,4603614.19616191
87046,2663678.93824286
87047,4734783.94408571
87048,5433257.98273334
87049,5110589.60363333
87050,3986318.0987
87051,5441549.44606667
87052,4119785.1887
87053,4661676.77326667
87054,4780413.49711904
87055,4332976.6938873
87056,4993499.8456
87057,3357300.75326667
87058,4247990.1356
87059,4304344.90726667
87060,4076815.51675714
87061,4724380.18884444
87062,3721233.46556667
87063,4370315.65991111
87064,3917523.06011111
87065,3930371.3813
87066,5240177.79661905
87067,4586717.42356667
87068,4758076.10532857
87069,4990896.41681905
87070,3887958.32367143
87071,4349769.52746667
87072,3578324.59466667
87073,4243514.31466667
87074,5254151.7843619
87075,4287493.2645
87076,3965887.7601619
87077,3641144.9914873
87078,4588856.42
87079,3901175.8703
87080,4510743.9372
87081,3197937.16785714
87082,3501618.87125714
87083,3456094.91603333
87084,4929353.4052
87085,3131838.54470952
87086,3839781.97646667
87087,4753953.08609524
87088,4903766.50825238
87089,3275027.34123334
87090,4774117.25584762
87091,4245351.1739
87092,4045533.91986667
87093,4230803.13163968
87094,4610590.76983333
87095,4851663.2013
87096,3974566.0279
87097,5007064.65816666
87098,4517125.68730476
87099,4931921.19316666
87100,4770308.3076
87101,4592078.33362857
87102,3773347.27644445
87103,4453003.17121905
87104,4442831.04906667
87105,4239930.14889524
87106,3472938.43101587
87107,3983876.83681111
87108,3907434.01805714
87109,4743330.93233333
87110,4205769.1132
87111,4039393.04906667
87112,3478594.48029524
87113,4640027.35596667
87114,4606779.32536667
87115,3572332.24974445
87116,4244207.0235
87117,3062431.38513333
87118,4533732.56475238
87119,3196016.5399873
87120,4597510.9249
87121,4501182.3959
87122,4328852.15596667
87123,4681409.73433333
87124,2663286.19740952
87125,4118469.23063333
87126,4433993.29796667
87127,3754378.15786667
87128,4319416.24596666
87129,4063816.69218095
87130,4245394.90843333
87131,4432033.8122
87132,4732942.28643334
87133,3644211.6518
87134,4272371.4428
87135,4345688.52116667
87136,4319339.41008571
87137,4665816.6981
87138,4151454.9478
87139,3704290.85012381
87140,3157772.55270952
87141,4653705.73756667
87142,4091456.18296667
87143,3213198.16099048
87144,5723115.29083334
87145,4270592.64039524
87146,3954752.04139524
87147,4239895.75540635
87148,5367144.98583333
87149,4357749.56976667
87150,5300433.3717
87151,4008938.60377778
87152,5031355.72483334
87153,4426503.53783333
87154,4372946.46160953
87155,4375102.3858
87156,4927138.2122
87157,4338921.6781
87158,3704219.35701111
87159,2784715.59420476
87160,2925840.74514444
87161,4430324.05193333
87162,4273909.24786191
87163,3335293.04206667
87164,2543546.23702381
87165,4518467.185
87166,3672705.09815238
87167,3846599.6312
87168,3754552.19955397
87169,4229069.56954445
87170,4147657.49923333
87171,4390622.38913334
87172,4665110.24813334
87173,4294018.4858
87174,4115854.61209206
87175,4801413.1594
87176,5169372.99496667
87177,3501433.79246667
87178,3877940.89793334
87179,4437667.66656667
87180,4016651.16609524
87181,4119791.35396191
87182,3271379.0531619
87183,4324331.38701111
87184,5141957.90836667
87185,3261743.50566667
87186,5481360.46766667
87187,2360455.02707143
87188,4376066.55121111
87189,4168168.93425714
87190,3994261.21389524
87191,5201591.26983333
87192,5065464.72313333
87193,4688891.9083619
87194,4862602.6966
87195,5207132.52703333
87196,4530241.32566667
87197,4889964.36926667
87198,4354949.2404
87199,4948057.1686
87200,4488475.7712
87201,3795211.01246667
87202,4216371.29896667
87203,4384220.315
87204,4685873.83674762
87205,3942440.07915714
87206,4102879.87024762
87207,4101449.0734
87208,4486783.17585238
87209,4891814.20633333
87210,4720784.56036667
87211,5219048.66163333
87212,3076337.20644444
87213,4822174.9719619
87214,3563477.10370952
87215,4090197.50263333
87216,4474396.83623333
87217,5037910.47093333
87218,3647807.0489762
87219,3932671.74762857
87220,4249273.77078096
87221,3692112.22865397
87222,3935313.21926667
87223,4061043.31566667
87224,4153377.66406667
87225,4675140.80776667
87226,4153039.084
87227,4420375.1175
87228,4821670.8997
87229,3713554.21757778
87230,4499429.3222
87231,3408241.70673334
87232,3510823.56384445
87233,4765677.3583
87234,5734364.23716667
87235,3819340.42343333
87236,4985382.23523334
87237,4096314.96473334
87238,4729948.2149
87239,4020237.64259048
87240,3448579.06696667
87241,4173891.011
87242,3841081.37606667
87243,3210274.88060476
87244,3505987.21184762
87245,4099571.83466667
87246,4648841.0021
87247,4231845.4671
87248,4443832.2823
87249,4538303.2665
87250,4481631.59176667
87251,3383425.7880254
87252,4029587.54766667
87253,3762400.82806667
87254,5318236.77386667
87255,4598318.92929524
87256,4203660.08140952
87257,4427726.76841111
87258,3084072.33139206
87259,3993429.06903333
87260,3791340.30566667
87261,4170152.29
87262,4728738.7005
87263,4930867.66256666
87264,3731865.05316667
87265,3819403.56671429
87266,4826179.2393
87267,5030663.88903333
87268,3937293.07946667
87269,4721774.3342
87270,4915552.9346
87271,3196589.61370159
87272,4038694.43081111
87273,4304185.92175
87274,3504404.33426667
87275,4414928.6459
87276,4239388.11553333
87277,4967072.28213333
87278,4469488.2108
87279,4089801.03273333
87280,4641142.831
87281,4585233.25991111
87282,4215808.62623333
87283,4016686.99754444
87284,4399798.8302
87285,4150611.4677
87286,3286182.07183333
87287,4446088.9193
87288,4442330.72
87289,3793381.4036
87290,2832792.29506667
87291,4756168.76276666
87292,4600357.37602857
87293,3866781.6747
87294,4871791.36163333
87295,4967655.7094
87296,4669738.33536667
87297,4163089.0568
87298,4106169.4846
87299,4485640.3488
87300,5310366.60973333
87301,4884009.76293333
87302,5319660.8006
87303,4745959.72026667
87304,4475522.41512381
87305,4343994.33864286
87306,4018309.49577778
87307,5074066.21671111
87308,5381947.44835238
87309,4034658.50444444
87310,3849330.609
87311,3853749.62782381
87312,3312225.6408
87313,4505025.6130492
87314,4657196.83166667
87315,4756456.40203333
87316,4620740.6749619
87317,3548477.35902063
87318,4020483.4109
87319,4472982.29846666
87320,4515253.77245714
87321,4393684.28172381
87322,3220445.92943334
87323,4396020.53473333
87324,4412237.8229619
87325,4100833.7705
87326,4421856.5158
87327,3779247.38328254
87328,4175664.58953334
87329,4199132.674
87330,4213279.11609524
87331,3956991.20574286
87332,4215747.37282064
87333,4413548.86992857
87334,3148298.6868873
87335,4493123.5273381
87336,3958961.69686667
87337,4603772.81963333
87338,4777994.0534
87339,3989660.53043334
87340,4402389.51833333
87341,4818859.3145
87342,4418868.69903333
87343,4434861.88713333
87344,4627225.53176667
87345,3779575.55872857
87346,3678482.68479048
87347,4430539.68059048
87348,3798635.78582857
87349,4348980.61990476
87350,4094972.59255397
87351,4351804.46349524
87352,4605737.0693
87353,4200061.20106667
87354,4795756.17946667
87355,4125931.85062857
87356,3160544.4379
87357,4454414.39562381
87358,3973222.73403334
87359,4330928.98333334
87360,5106648.24993333
87361,3878233.79956667
87362,4206773.63321905
87363,3605231.78224286
87364,6273440.96166667
87365,4873562.4011
87366,4785356.32566667
87367,4406277.4946
87368,4390265.75739524
87369,4640073.1784
87370,2434669.89503809
87371,4634234.35403334
87372,4181529.40926667
87373,2976746.73731429
87374,4036792.5334619
87375,4049476.99310952
87376,4911677.9587
87377,5009259.80523333
87378,3219092.19229048
87379,4809065.1386
87380,3946075.68486667
87381,5618155.85283333
87382,4637459.58605238
87383,4210151.27116667
87384,3892076.93946667
87385,4459425.19346666
87386,4192418.94927619
87387,4398936.83006667
87388,4649853.4796
87389,4539965.41816667
87390,3647107.81666667
87391,4120215.62934286
87392,4677673.85943333
87393,3049911.85903333
87394,5355000.59803334
87395,4169016.99832857
87396,3642206.8326
87397,4825180.44993333
87398,4209596.00196667
87399,3681220.0801
87400,4589651.79176667
87401,4600603.29657619
87402,4461347.69616667
87403,5305806.58716667
87404,4713234.92516666
87405,4780423.78443333
87406,3651954.59132381
87407,3964507.2382
87408,4252732.98826667
87409,3231585.70133809
87410,4799074.21366667
87411,4019789.39784762
87412,4500333.20976667
87413,3952092.56254445
87414,4259305.88701111
87415,4741627.85183333
87416,4797154.27966667
87417,4256623.69123333
87418,3963343.2794
87419,4160696.3132
87420,4522652.37236666
87421,3822639.6159
87422,4454751.38023968
87423,3662187.54
87424,3348323.43830952
87425,4549051.53574286
87426,4045135.50739048
87427,3277978.07597143
87428,4656312.61473333
87429,4579890.21333333
87430,4127889.48232857
87431,4874895.08396667
87432,3331080.8200381
87433,5384159.17836666
87434,3458189.90510953
87435,3648791.70197619
87436,4407036.89993334
87437,4359919.1722
87438,4649475.06583333
87439,4953153.5146
87440,3923675.0563
87441,3891363.80663333
87442,3669780.64073334
87443,3707920.86550953
87444,4372324.51215238
87445,4682856.0588
87446,4469123.98096667
87447,5338642.50856667
87448,5192929.26
87449,3420320.27601111
87450,4884889.02073333
87451,5014393.70743333
87452,3700808.43303334
87453,4061338.08549524
87454,3695498.1299
87455,4635154.88556667
87456,4553702.53770476
87457,5288372.01392063
87458,4151180.82723334
87459,5666683.03888571
87460,4233625.17216667
87461,4048206.61383334
87462,4256101.2069
87463,4550656.11493333
87464,4133984.69446667
87465,4961900.46524762
87466,3917313.173
87467,4259057.48973333
87468,4887404.0799619
87469,4522864.4957
87470,5200917.6707
87471,4333361.90543333
87472,3323363.8409
87473,3608593.5756
87474,4853387.85454445
87475,4855915.58703334
87476,4528958.34311905
87477,4612610.98803333
87478,4385522.23388095
87479,3511575.83895873
87480,4036015.4266
87481,5135185.86663333
87482,4289097.27146667
87483,4935797.05196666
87484,4684208.15053333
87485,4268755.37653334
87486,4123235.46667302
87487,4839096.06571905
87488,3550451.79002857
87489,3852302.00399524
87490,4733565.76043333
87491,2880653.86277619
87492,4277784.00576667
87493,4442877.87097619
87494,3738304.83564921
87495,4107325.43323333
87496,3286406.69236667
87497,4829474.2658
87498,4444123.9516
87499,4840240.33216666
87500,3608801.47593333
87501,5800764.57166667
87502,4151661.644
87503,3336348.79589048
87504,4425593.57863333
87505,4045013.10866667
87506,2899633.52086667
87507,3561786.23324444
87508,4029763.54446349
87509,3914510.64936667
87510,4218275.19966666
87511,3815095.96343333
87512,3870696.35434286
87513,4589016.67503333
87514,5356682.27026667
87515,5370455.66776667
87516,2785941.12934286
87517,4911571.78646667
87518,5266973.2148
87519,5181266.06024286
87520,3374195.8927
87521,4890544.90463333
87522,3378605.28674762
87523,5114206.05633334
87524,4025895.86057619
87525,4372607.18523333
87526,4755711.3444
87527,5372564.06373334
87528,4890022.56462857
87529,5129372.99926667
87530,4169532.55613333
87531,3223215.78531905
87532,3845569.69086667
87533,4932036.70143333
87534,3885900.23643333
87535,3829673.7515
87536,3967586.39068095
87537,3750557.0855
87538,3702736.69924286
87539,3981975.85223333
87540,2945508.92697143
87541,4064712.7361
87542,4692997.31305238
87543,4377956.75043333
87544,4960029.2919
87545,4449450.52157778
87546,4547143.464
87547,4656467.5071
87548,4013033.80723333
87549,3455644.99643334
87550,4225934.22315714
87551,3872853.95274286
87552,4638518.5365
87553,4985857.2069
87554,4594600.30876666
87555,4703889.749
87556,4690414.48666667
87557,3334801.48063333
87558,4224367.87997778
87559,4877852.54227619
87560,3758208.60097143
87561,4570251.46296666
87562,4445246.01846667
87563,3308261.14702857
87564,4454415.127
87565,4114017.94256667
87566,3850314.7904
87567,4105997.05523333
87568,4178956.4224
87569,4617784.0257
87570,4750909.1279
87571,4195526.20283333
87572,4649866.21936667
87573,5050855.14773333
87574,4332038.27414444
87575,4417271.49303333
87576,3068705.26036667
87577,4579898.88296667
87578,4810729.69066666
87579,4201868.45193333
87580,5018542.21313333
87581,4825869.29338571
87582,3087624.63775397
87583,4163828.98023333
87584,4527122.91024286
87585,4834382.413
87586,3868030.26936667
87587,4005672.61634445
87588,4451046.31446666
87589,4769364.1599
87590,4716304.39753333
87591,3983715.48564444
87592,4252595.11373333
87593,4255229.17775238
87594,4250117.36833334
87595,4612402.96406666
87596,4727706.602
87597,4202918.44417619
87598,4493755.55546666
87599,4017548.2149
87600,4857209.50253333
87601,4184250.5026
87602,3679189.64238572
87603,4342063.96306667
87604,4007370.493
87605,3796297.17067778
87606,4242883.44406667
87607,4274512.3117
87608,4488163.42801905
87609,3659122.25288095
87610,3699735.97736667
87611,3071623.66097778
87612,4884533.4773
87613,4243116.70817778
87614,3981651.62983333
87615,4167054.7087
87616,2984192.06504286
87617,4553529.28686667
87618,4239513.78013333
87619,4410920.37903333
87620,4431725.11138572
87621,3966595.05252857
87622,5155296.82966666
87623,4034111.4287
87624,3992251.28246667
87625,4537383.12013333
87626,4598276.91786667
87627,4287970.03470476
87628,4672878.82286666
87629,4404576.1076
87630,6278034.02416667
87631,4167537.34763333
87632,4799185.65426666
87633,3825163.80544444
87634,4541484.09289999
87635,4385002.49746667
87636,4613623.99773333
87637,4800848.55483333
87638,4668383.33196667
87639,3227385.498
87640,4422596.82863333
87641,3396428.6583
87642,4540775.57503333
87643,6219638.43446666
87644,4000249.45784286
87645,4947257.53059999
87646,4195282.3176
87647,3215010.55020635
87648,3086923.3873
87649,3426089.45404286
87650,3267237.0411873
87651,4352060.4638
87652,4373749.3874
87653,3946513.4574
87654,3024710.75437619
87655,4713817.47173334
87656,4165965.57123334
87657,3989435.78053333
87658,5213241.01738571
87659,4365592.08016667
87660,4685876.60126666
87661,5173725.84473333
87662,3589134.81287619
87663,3497804.3862254
87664,4740236.1467
87665,4862071.19103334
87666,4247669.08983333
87667,4527151.40933334
87668,3995831.09763333
87669,4054276.96267143
87670,5061849.9607
87671,3606871.82197619
87672,4158695.5188
87673,4139700.32326667
87674,4296104.20623333
87675,4105299.75803333
87676,4594176.17372857
87677,4547630.0802
87678,4779147.15126667
87679,4835165.13016667
87680,4057421.27113333
87681,5212338.5405
87682,4081093.79259047
87683,4043085.04026667
87684,4477886.8366
87685,4226724.28017143
87686,4826432.18876667
87687,3464527.60413333
87688,4779116.07203333
87689,4240944.01795238
87690,4394614.51203333
87691,4109575.8881873
87692,5287363.37493333
87693,3859769.17138096
87694,4144143.71191111
87695,4074761.27248095
87696,4864377.62103333
87697,4084371.2111
87698,3539407.05891111
87699,4570380.52473334
87700,2747539.09887778
87701,3870198.80922857
87702,4777447.17349524
87703,4334199.84453333
87704,5089775.03682857
87705,3383814.93991111
87706,4762334.13916667
87707,2466428.39027619
87708,4579186.572
87709,4029981.7235381
87710,3999914.61662857
87711,4845576.3195
87712,3946818.49326667
87713,3835386.4556
87714,4159181.07351111
87715,4169501.07433333
87716,4789137.93173333
87717,4071901.17914445
87718,4949422.514
87719,4392463.48384286
87720,4684084.95363333
87721,4727051.15723333
87722,3710697.17204286
87723,4333985.61957778
87724,3980763.71876667
87725,5114939.19732857
87726,4421736.57346666
87727,3887173.61866667
87728,4753803.78503333
87729,5282499.22826666
87730,4050776.71694285
87731,4426386.40223333
87732,4314926.32736667
87733,5043326.84603334
87734,4943262.49226666
87735,4196984.55407778
87736,5493392.41396667
87737,4619554.0901
87738,4621044.85283333
87739,4126211.45356667
87740,4056625.52506667
87741,4285411.72901429
87742,4327670.99046667
87743,4410115.058
87744,4289762.89705
87745,4832114.76656667
87746,5243321.30027143
87747,3622374.70954286
87748,4479617.40667619
87749,4576829.75943333
87750,4674596.08396667
87751,5266746.98596667
87752,3749260.85057778
87753,4766235.62483333
87754,3539336.69983334
87755,2908745.79473333
87756,4011339.63096667
87757,4764616.02456666
87758,4376033.91483333
87759,4975808.50563334
87760,4714684.92486667
87761,4457560.55933334
87762,4245849.08333333
87763,4194847.95881905
87764,4650913.87193333
87765,4466188.28626667
87766,4236875.30990952
87767,5167729.71655238
87768,4527095.7256
87769,3351714.9522381
87770,4688778.30613333
87771,3761659.3933
87772,4404331.55742857
87773,4147132.76716667
87774,4064128.08816667
87775,4212402.9812
87776,4077452.54006667
87777,4814868.0028
87778,4897536.3469
87779,4230641.1437
87780,5084505.1579
87781,4819314.44663333
87782,3917876.83995714
87783,4168318.46272857
87784,4280383.66323333
87785,4064668.85273333
87786,3938513.50193333
87787,3968599.54543334
87788,3915967.852
87789,4481253.4821
87790,4479784.96416667
87791,4684583.38873333
87792,4094740.20793333
87793,4076602.77883334
87794,3744631.4763
87795,4442544.56433333
87796,3965534.59446667
87797,4494354.38368095
87798,3687119.0963
87799,4318131.1945
87800,3253303.81457143
87801,3995254.08023333
87802,4277571.52093333
87803,3724409.33742857
87804,3980653.53954444
87805,4377082.67863334
87806,4325952.6272
87807,3965106.50854286
87808,3816776.71257143
87809,2746019.55916667
87810,4678928.85803334
87811,4615419.12644286
87812,4108098.7517
87813,4651663.00817778
87814,3447627.13189682
87815,4329123.51016667
87816,3988259.82333334
87817,4147688.4777
87818,4348885.1907873
87819,4759339.8739
87820,4230685.05150635
87821,4418499.78923333
87822,4752323.7499
87823,5325117.94693333
87824,3974172.0369
87825,2559550.28424286
87826,3575377.67253334
87827,4400595.93003333
87828,4128217.95949524
87829,4864295.93375714
87830,4517825.03386667
87831,4405420.0887
87832,4384514.18233333
87833,5049368.76783333
87834,4055894.72253333
87835,4848968.89533333
87836,4410126.16126667
87837,4873602.04836666
87838,4955018.32153334
87839,4766670.33966667
87840,3736358.00293334
87841,3143041.22824286
87842,4603154.922
87843,5297377.01636667
87844,4236579.6234
87845,4038795.3012
87846,4962906.78491905
87847,3996467.4267
87848,3985284.66743333
87849,4370022.65976667
87850,3864663.96356667
87851,4104586.3605
87852,4777231.49867778
87853,4298577.31593333
87854,4235709.59460952
87855,3357467.64157143
87856,3833995.46306667
87857,4242017.27556667
87858,3731834.13551111
87859,3100335.20881111
87860,3416040.8882
87861,4387544.94816667
87862,4267022.19016667
87863,3970513.62846667
87864,2958406.59130159
87865,2665474.89916825
87866,4421552.8624
87867,5054963.91686666
87868,4533814.0846
87869,4343316.4347
87870,4458378.8141
87871,4414970.19693333
87872,4858359.5605
87873,3080836.4549873
87874,3712104.4986381
87875,3916889.97989206
87876,4939680.624
87877,4383249.70953333
87878,5124670.47843333
87879,4127316.94898095
87880,5253023.07633333
87881,3725265.06643333
87882,4152972.85603333
87883,4480712.11296667
87884,5300575.47016667
87885,4587986.89846667
87886,4347442.25203333
87887,3731751.03879524
87888,4566542.15200952
87889,4215967.52456667
87890,3813314.34566191
87891,4898573.36956667
87892,3561720.50244762
87893,4966880.64787778
87894,5041757.1017
87895,4563284.29616666
87896,4074775.7588
87897,4539816.40180952
87898,4600024.23584286
87899,4008054.02761905
87900,4700496.37066667
87901,3762395.74572857
87902,4634423.2903
87903,3835090.19083334
87904,4336198.6343
87905,5062133.46001111
87906,3269935.52745714
87907,3657669.55487619
87908,4431354.59620635
87909,4371773.13842857
87910,3190897.72787143
87911,2936576.50270952
87912,3986608.82363334
87913,4219477.47533333
87914,5121911.01056667
87915,4808080.88738571
87916,5006939.48336666
87917,4199265.61343334
87918,3806285.99196667
87919,4081583.08407143
87920,4431243.57179048
87921,3233652.83423333
87922,3036995.61793333
87923,3063764.77945397
87924,4228289.2401
87925,4430298.0474
87926,3449157.62377143
87927,3293137.74127619
87928,3258008.12493334
87929,4185481.31
87930,4617394.808
87931,4761718.4567
87932,4386557.33836667
87933,4777554.52359047
87934,3494974.25236667
87935,4207443.63053333
87936,4517172.51856666
87937,4015306.85866666
87938,5304907.65093333
87939,4416502.68343333
87940,4038358.6194
87941,3697031.23224445
87942,5428211.0654
87943,4756237.17303333
87944,3636142.15819048
87945,4264779.85596667
87946,4322130.45386667
87947,4545647.03993333
87948,4044149.2573
87949,4652643.24983333
87950,3997607.4392
87951,4090027.6838
87952,4067145.81229048
87953,5206602.11423333
87954,3747094.54314286
87955,2758177.83634286
87956,2926884.54511111
87957,4287913.47918571
87958,4204829.61541111
87959,4144563.41176667
87960,3433261.86391111
87961,4783708.06793333
87962,4581339.21643333
87963,4722653.31031111
87964,4503421.27113333
87965,4244462.004
87966,4425088.1145
87967,3890724.45557619
87968,4251861.48607778
87969,5208987.1986
87970,5031276.50443333
87971,5272418.36903333
87972,3682225.3696
87973,3759359.03276667
87974,3749966.0954
87975,3597845.49486667
87976,3843546.09082778
87977,5028448.67626666
87978,4482935.2806
87979,4902041.10821111
87980,5146810.6718
87981,2849868.03376667
87982,4384197.0860619
87983,3558121.04233334
87984,4276844.36116667
87985,4983805.7422
87986,4560235.6054
87987,4079208.71532381
87988,4438445.18447619
87989,4419570.90677778
87990,5003943.64553334
87991,4895541.37816191
87992,4923319.4736
87993,3964614.17283333
87994,4374242.47313333
87995,3603647.61567619
87996,3818250.11013333
87997,4462219.91316667
87998,4801525.19273809
87999,4504392.66663333
88000,4498849.78176667
88001,4356308.1682
88002,4875602.98513333
88003,4589352.6972
88004,3078402.62562064
88005,4124099.88153333
88006,5568268.73996667
88007,5329774.41743333
88008,4264169.4972
88009,4808499.2847
88010,4858530.87183333
88011,4427388.91886667
88012,4930325.2183
88013,3480502.39015714
88014,5215049.1903
88015,4810434.51073333
88016,4619067.25780952
88017,3341805.103
88018,5300880.15874762
88019,4787937.29053334
88020,5433190.65076667
88021,5529277.93593333
88022,4710112.3526
88023,4830706.16793333
88024,4175584.72206667
88025,3133747.93037143
88026,4719210.4545
88027,4927314.43103333
88028,4200972.3125
88029,4778439.09853334
88030,3425633.815
88031,5125504.39963334
88032,4634749.2756
88033,4612948.346
88034,4655088.2616
88035,3858126.88062857
88036,4294358.77273333
88037,4220294.57096667
88038,4720637.9949
88039,4691158.05299524
88040,4848080.88903333
88041,4359412.30553334
88042,3701755.63566667
88043,3861312.3969381
88044,3225935.58897619
88045,4852843.01052857
88046,4166156.06253334
88047,4373725.9215
88048,4523835.9742
88049,4060698.5768
88050,4567292.2028
88051,5241101.67676667
88052,3978612.40173334
88053,3426719.91061111
88054,4265992.67763333
88055,4029630.44976349
88056,4568623.50816191
88057,4361561.32847778
88058,4415095.14463333
88059,4298448.02286667
88060,4434870.09823334
88061,4261583.63546667
88062,4288947.3798
88063,4002358.97859524
88064,4461099.63137619
88065,3134025.82076667
88066,4954108.96463333
88067,5406032.69493334
88068,4612281.714
88069,4440662.1659
88070,4462767.04986666
88071,4689945.16176667
88072,4436071.75026667
88073,2998036.76499206
88074,3758642.19448254
88075,4036718.95816667
88076,3962783.34333333
88077,4660456.39883333
88078,4806879.42496667
88079,3661240.9252
88080,4842439.821
88081,4114425.05856667
88082,4438362.20233333
88083,4617958.8734
88084,4550378.8808
88085,4340828.95801905
88086,3970205.93453333
88087,5309350.40438571
88088,3863957.0494
88089,4516898.6803
88090,5007077.88773333
88091,3459619.20576667
88092,4310892.07953333
88093,3605965.65391429
88094,4371510.4308
88095,3750416.85113334
88096,5137833.5661
88097,4400156.88644286
88098,3705347.22664286
88099,2989081.4896381
88100,4772854.18476667
88101,3917541.84284445
88102,2955235.51106191
88103,4236344.20313333
88104,4721542.76096191
88105,4530090.83471111
88106,4335397.6958
88107,4797421.85613333
88108,3279171.45985873
88109,3810260.0538
88110,4762031.01586667
88111,2430515.46575873
88112,3926320.9412
88113,3067204.87435714
88114,4361473.88106667
88115,4383547.44626667
88116,4822599.53269524
88117,4552564.53357143
88118,4423706.81736667
88119,3525946.16746191
88120,4363091.12006667
88121,5242658.3017
88122,4523449.8393
88123,5102818.06729048
88124,4656962.71843334
88125,4409153.02576667
88126,4856361.82596666
88127,4237371.5889
88128,4030788.67462857
88129,5166757.02673333
88130,4463313.93499048
88131,3821865.54260953
88132,3912360.37562857
88133,2830865.35393809
88134,3050951.49185873
88135,4683248.56406667
88136,3958311.8573873
88137,4992958.41446666
88138,4940837.6363
88139,4335688.7813
88140,3707821.08778095
88141,4574168.6564
88142,2576040.51898095
88143,4968795.19426667
88144,4120089.58026667
88145,4489142.5334381
88146,3884000.65980476
88147,4941912.06656667
88148,4456271.08296666
88149,4330412.81640952
88150,4407007.4184
88151,4473619.8805
88152,4598248.66536349
88153,4068605.4754
88154,4195420.39529524
88155,5257007.42382857
88156,4375172.33329524
88157,4795430.2475
88158,3888048.34793333
88159,3708333.31421429
88160,5728987.38688571
88161,4393882.38273334
88162,3963003.67923333
88163,3522925.81677143
88164,4282862.14973333
88165,3493950.51563333
88166,4072447.39313333
88167,4241662.17626667
88168,3794427.01473333
88169,3675767.84844286
88170,3719333.39986667
88171,5021703.7869
88172,4715992.10143333
88173,4276554.10973333
88174,4082121.26696667
88175,3526060.51212857
88176,4065134.2447
88177,6334096.9807
88178,4774519.58149048
88179,3108263.07305397
88180,4377322.69706667
88181,4242222.17593333
88182,5361133.13119524
88183,4282656.83607778
88184,4852030.83967619
88185,4897971.2198
88186,4848946.2867
88187,4937094.1092
88188,4679413.52355238
88189,3149346.23917619
88190,3116994.8489
88191,5000569.2876
88192,3596140.18859048
88193,4287823.21261111
88194,4284666.80276666
88195,4151249.5737
88196,4260519.50453333
88197,4163179.5264
88198,4130889.66549524
88199,4069465.75966667
88200,4621959.87661111
88201,4061851.2904
88202,4316914.4387
88203,2518385.82444762
88204,5120166.60871904
88205,5356930.03498572
88206,5287897.6338
88207,4161757.29133334
88208,5092664.2986
88209,3445927.35730953
88210,4955712.51484444
88211,3287678.37279682
88212,4480278.1528
88213,4646561.8418
88214,4718504.63496667
88215,4159507.29256667
88216,4432507.28706667
88217,3926329.8935
88218,4742575.16596666
88219,4981051.81702857
88220,4342330.01513334
88221,3538408.38153333
88222,3768023.99355238
88223,4373841.225
88224,4138621.60861111
88225,4893787.75621667
88226,4884503.0925
88227,4258269.88853333
88228,5245669.64503333
88229,4535182.03607143
88230,4177680.84356667
88231,4475235.99043333
88232,4097702.15947619
88233,4762475.50183333
88234,4273093.01939048
88235,3542946.56174445
88236,4425574.9486619
88237,4404546.5018
88238,4059565.3178
88239,3982891.48429048
88240,5479115.53113333
88241,4271830.38501905
88242,3891363.80663333
88243,4320146.9556
88244,4398460.94563333
88245,4773501.48997778
88246,5131717.7335
88247,4108524.70766667
88248,3819777.7629254
88249,4449044.42732857
88250,4536039.4239
88251,3252314.36306667
88252,3876688.1298
88253,5007958.03246667
88254,5687083.26493333
88255,5184499.71676666
88256,4379827.7819873
88257,4510160.5254
88258,3232275.04596667
88259,5080700.8798
88260,3282061.97266667
88261,4154276.32032381
88262,4798785.6813
88263,4405070.1412
88264,5782249.85756667
88265,4468218.95559524
88266,3045398.09218571
88267,5190437.8602
88268,4175583.87573333
88269,4759339.8739
88270,4137276.75057619
88271,3886846.96103333
88272,4895524.29423333
88273,5001358.20736667
88274,5072455.74606666
88275,3879790.13989524
88276,4581874.52451111
88277,3919862.15863333
88278,5084387.68193333
88279,4307154.89598096
88280,4346976.32296667
88281,4684889.355
88282,4610788.4837
88283,4393122.30196667
88284,4328728.8382
88285,4578818.8664
88286,4524849.39989524
88287,4246412.54446667
88288,4860524.89156667
88289,4289277.4819
88290,4843885.165
88291,4070003.38549524
88292,3691396.43734286
88293,4248154.45353333
88294,4818107.2557
88295,3973795.45469048
88296,4744091.93077143
88297,4038346.69897619
88298,4819283.44874444
88299,4387183.24771905
88300,4808516.8155
88301,4879352.9323
88302,4955644.20646667
88303,4474722.25536191
88304,5497578.76306667
88305,2582141.35938095
88306,4998247.76393333
88307,5389695.8946
88308,4502711.8935
88309,4627788.5014
88310,4153093.45636667
88311,5005474.7013
88312,4743851.62751905
88313,4321292.17226667
88314,4683062.3667
88315,4447783.53122381
88316,5254732.98
88317,4265861.7845
88318,4169532.75486667
88319,5360520.50206667
88320,3534953.97323334
88321,6131695.61006666
88322,4820889.70342857
88323,4823332.09893333
88324,4049410.5296
88325,5435215.07493333
88326,4822339.29483333
88327,3965258.12989524
88328,5102533.04266667
88329,3755865.2649
88330,4874277.49863333
88331,3734759.58453333
88332,5109784.9548
88333,4499915.95940952
88334,4076072.4504
88335,4543546.04243334
88336,4317577.81331111
88337,4616232.72383333
88338,4193644.91333333
88339,3980966.033
88340,4217316.88443333
88341,4819705.87676667
88342,4251369.88722857
88343,4194609.35623334
88344,4513067.46693333
88345,4379234.30866191
88346,3306855.04753333
88347,4086057.41523333
88348,3802572.56887619
88349,4242065.11003333
88350,3580331.52733968
88351,4685123.94903333
88352,4724231.90316667
88353,4024236.88543333
88354,4962966.7803
88355,4413171.89019524
88356,4514355.7139
88357,4409798.43526667
88358,3612477.30704445
88359,4614657.38443333
88360,3993823.78043333
88361,4741582.01813333
88362,4698739.94393333
88363,4123156.7969619
88364,5823540.51273333
88365,4185163.42560952
88366,5043778.8939
88367,4264876.49266191
88368,3522198.85482857
88369,4166238.20017778
88370,3889639.6671
88371,4488559.36218571
88372,4574425.90563333
88373,3747822.67801111
88374,4869657.30516667
88375,4678179.74032381
88376,4084922.2334
88377,4244728.4901
88378,4096932.6574
88379,4154047.39295714
88380,4784869.02896666
88381,4457050.3367
88382,3664397.7996
88383,3906718.9783619
88384,4544068.70876666
88385,4263326.76016667
88386,4175538.63203333
88387,3431871.9894
88388,4042365.99746667
88389,4610785.72603334
88390,4541480.6372
88391,4295304.84456667
88392,4698595.2828381
88393,2963119.95329524
88394,4813023.3408
88395,3951248.14413333
88396,3939872.2703
88397,4560625.74696667
88398,3987578.35466667
88399,4330071.4673
88400,4239468.19933333
88401,2941681.19228095
88402,3333271.56781111
88403,4513510.14893333
88404,4107170.9697
88405,4018284.123
88406,4436524.68053334
88407,4587992.40906667
88408,4218315.67177778
88409,5197170.22
88410,2753642.77436667
88411,4843858.724
88412,3492537.48266667
88413,5106490.55854445
88414,4574380.51746191
88415,3571054.1677
88416,5175932.43063333
88417,4295909.32183334
88418,4957548.03003333
88419,4294361.9994
88420,4071263.61376667
88421,4446524.95136191
88422,4743282.08467143
88423,3162580.72646667
88424,2779150.39710953
88425,4401566.02083333
88426,4309196.55252857
88427,4344510.73370953
88428,4216562.29743333
88429,3980900.84750952
88430,4604268.83503333
88431,4323228.71026667
88432,4148501.07853333
88433,4734552.44833333
88434,4112914.68086667
88435,4737773.38461905
88436,3918760.09268095
88437,4053541.85543333
88438,4145344.93641111
88439,4326505.54713333
88440,3882206.0798
88441,4287330.02523333
88442,3265103.6192
88443,4645320.7257
88444,4478795.45273333
88445,3912095.21656666
88446,4253256.94953333
88447,4925907.0214
88448,4260339.58263334
88449,4138814.6445
88450,4269515.16456667
88451,5570048.05696667
88452,3692378.27459524
88453,4867525.49866667
88454,3987071.02013333
88455,4717307.79576667
88456,4491280.8876
88457,4413761.8416
88458,3975434.05135715
88459,4260177.015
88460,3621999.65932063
88461,4222759.72464286
88462,5457248.1753
88463,4292336.87123333
88464,4379591.08756667
88465,3950803.97315714
88466,4470836.36676191
88467,4518225.12155238
88468,3690716.27337778
88469,4801873.6086
88470,4603688.38671111
88471,4444757.16775952
88472,4595480.86643333
88473,4648626.71496667
88474,4246435.5942
88475,4499738.44116667
88476,4594203.53416666
88477,4203868.07252857
88478,4333695.10723333
88479,3889490.8863
88480,3179947.54240476
88481,4423913.21063333
88482,4779921.1691619
88483,4775211.03399523
88484,4179627.20433334
88485,4029236.4949381
88486,4825335.13563333
88487,3439803.25546667
88488,4946243.34221905
88489,3834162.39574286
88490,4393248.17624444
88491,5112022.43663333
88492,4945290.63256667
88493,4549539.73029524
88494,3917844.98050635
88495,4420786.16843333
88496,3630468.9205619
88497,3655549.14641111
88498,3510105.31842381
88499,4148159.61712857
88500,4828727.50563333
88501,4978538.68003333
88502,4472221.1397
88503,3544651.47062381
88504,4495586.35403334
88505,4476971.32234286
88506,4735096.85906667
88507,4082298.27062381
88508,4107372.27023334
88509,3791163.86193333
88510,3678110.64497619
88511,3962772.09363492
88512,4359913.11101111
88513,4971893.60436667
88514,5310000.59751905
88515,4924608.06906667
88516,4244869.22874762
88517,4280775.31106191
88518,4062944.07646667
88519,4377919.81045714
88520,3896352.04091588
88521,5157435.75246667
88522,4569885.36793333
88523,3546252.30723333
88524,4868492.09513333
88525,4569040.65953333
88526,4361129.23296667
88527,4842512.62092857
88528,3722252.47925238
88529,3826822.28626191
88530,4075490.36542381
88531,4347245.561
88532,5074829.82493334
88533,4996790.76066667
88534,3983768.0077
88535,4328833.2944
88536,3786428.59162381
88537,4855134.3614
88538,4465336.11131905
88539,4176021.39816667
88540,2667058.51163333
88541,3955054.16203333
88542,3130730.6482
88543,3981470.42583333
88544,4303563.37673333
88545,4155292.03196667
88546,5122266.30526666
88547,3445584.9117
88548,4145339.80013333
88549,4248407.95203333
88550,5263221.72719524
88551,4161332.53626667
88552,4696016.70669999
88553,4782794.39413333
88554,4347905.71916666
88555,4395018.34623334
88556,5028431.18536667
88557,4172823.6027
88558,4370810.39410952
88559,3406618.8058
88560,3587377.18110476
88561,3373949.72995714
88562,4103060.58556667
88563,4385595.8995
88564,4304952.5691
88565,4522750.88443334
88566,4356877.54043333
88567,4690738.86282857
88568,4372492.84456667
88569,4734159.82183333
88570,3784258.70953968
88571,3717314.24706667
88572,3767892.11501111
88573,4597202.5712
88574,4678055.3285
88575,5119966.64809682
88576,4101838.01636667
88577,4337742.96794286
88578,3755189.37396667
88579,4634087.92473333
88580,3551702.11994445
88581,4504209.16673333
88582,4406643.82646667
88583,3847092.19263333
88584,4473908.79773333
88585,4308067.34515952
88586,3922639.34154444
88587,3702962.60536667
88588,3347946.81986667
88589,4049300.34523333
88590,4254500.0821
88591,3935109.88633333
88592,3146858.39076667
88593,3910023.42023333
88594,5085642.10006667
88595,2529744.91408095
88596,4226889.73973334
88597,2609286.90954286
88598,4208357.9259
88599,4597835.49803333
88600,4850580.8523
88601,4620649.07796666
88602,4401597.75467619
88603,4433623.9787
88604,4141917.4687
88605,4683718.55200635
88606,4296719.7334
88607,4336818.33783333
88608,4010482.11986667
88609,4099360.6644
88610,4093408.63373334
88611,6046162.58873333
88612,4409039.83516667
88613,3784173.32524286
88614,4578160.74666666
88615,5005242.12138572
88616,3172564.0243
88617,4400188.84013333
88618,4934481.4284
88619,4188661.02225397
88620,5000718.3422
88621,3296244.6985
88622,4296530.98056667
88623,4054763.98786667
88624,4824311.8478
88625,4406761.54844445
88626,4129837.62634762
88627,3931222.40706667
88628,5297486.62686667
88629,4758494.0879
88630,3800149.0732
88631,4477864.3086
88632,4704093.33013333
88633,3767269.9635
88634,3568486.14710952
88635,4110714.6910381
88636,4277554.75076666
88637,4789126.7481
88638,4514133.59793333
88639,4445413.21003333
88640,3831908.19863334
88641,4573384.37307778
88642,4248499.47371429
88643,4142944.26323334
88644,4778730.33553334
88645,3488315.77746667
88646,3678391.6197
88647,3819229.20894445
88648,4841689.92694444
88649,4782593.25721111
88650,4134824.87713334
88651,3934552.83744286
88652,3715285.5882
88653,4869386.84073333
88654,5270816.01059524
88655,3514562.88916825
88656,4320602.10819048
88657,4025015.03754445
88658,4161719.83526667
88659,3646707.25952857
88660,4948873.88503333
88661,4123371.47171111
88662,5294008.5061
88663,3530757.54676191
88664,5248792.61296667
88665,4321955.6778
88666,4186596.03243333
88667,4371930.5201
88668,3824642.4705619
88669,3651123.84883334
88670,3982442.80403334
88671,3590675.26328254
88672,4772651.25686667
88673,3862076.3655
88674,3907688.21874286
88675,4388004.12029524
88676,4111301.89874445
88677,4397324.09103334
88678,4632674.343
88679,4715844.707
88680,2942564.4880619
88681,4351561.06013334
88682,3770559.87186667
88683,4835122.88206667
88684,4539092.2414
88685,4524939.77789524
88686,3487750.00978254
88687,3821248.28996667
88688,4184286.16826666
88689,4715797.61146667
88690,4621292.7262
88691,2404193.29339048
88692,5212843.88876667
88693,4740692.31461111
88694,4909083.9314
88695,3956612.18694762
88696,4742620.61346667
88697,4325892.94619524
88698,4984163.3929
88699,4627793.97826666
88700,4624300.2858
88701,3997195.25223333
88702,4611110.12253333
88703,5635647.9245
88704,4293162.21294445
88705,3563001.23144444
88706,4552438.13445238
88707,4052198.40582857
88708,4152338.01983333
88709,3843888.58896666
88710,3886468.92444445
88711,4329684.86158095
88712,5125025.78096666
88713,4054354.75641667
88714,4167904.04903333
88715,4532384.2821
88716,3772816.57307619
88717,4543634.3828
88718,4728662.85565238
88719,4838189.12487778
88720,3306974.67606667
88721,4681205.8648
88722,4715035.45873333
88723,3543541.03292381
88724,4919075.2499
88725,4609020.71356666
88726,5162288.02243333
88727,4221521.96564445
88728,3975007.2012
88729,4052435.49536667
88730,2906582.46388254
88731,4590705.24293333
88732,3887457.2849
88733,4801555.74996667
88734,3902218.65983334
88735,4531729.40836667
88736,3980248.9183
88737,4143464.53666667
88738,3821658.65913968
88739,4253013.20253333
88740,4202860.7297
88741,3473793.26396667
88742,3771446.31183333
88743,4484800.63843333
88744,4827237.08191905
88745,5135150.9234
88746,3586520.65386667
88747,3972703.5237
88748,4294736.0141381
88749,3902974.76363334
88750,4866749.60256667
88751,5056515.32084762
88752,4493508.03775714
88753,3755766.80806666
88754,3977402.2236
88755,3350936.13940476
88756,5050328.40206667
88757,4897781.80259524
88758,5082982.141
88759,4495027.63546667
88760,3413102.04116667
88761,5119784.05473333
88762,4641141.47323333
88763,4760135.1503
88764,5420341.00656667
88765,4717472.949
88766,4725943.75666667
88767,3987895.90273333
88768,4997310.12044762
88769,4162164.2637
88770,4351893.44783333
88771,4072225.8038
88772,4199013.20553333
88773,4952959.3761
88774,4536350.84416667
88775,3588069.79836667
88776,4690907.17936667
88777,5791438.76691905
88778,3740934.1886
88779,4396516.8817
88780,4833594.67463333
88781,2857981.72960635
88782,3152578.58221429
88783,4802556.13593333
88784,3842896.25346191
88785,4382848.3574
88786,4235425.92363333
88787,3910615.08910953
88788,4998627.305
88789,3698383.11163333
88790,3745218.56301111
88791,4345147.65507778
88792,4372585.58563333
88793,4115269.92703333
88794,3845487.6948
88795,4320215.31493334
88796,3597060.98601111
88797,4909439.44266666
88798,4404627.10506667
88799,4496908.14044444
88800,3946949.63604762
88801,4373021.6011
88802,3890880.2222
88803,5252927.8428619
88804,3498025.05216667
88805,3850360.2078381
88806,4524469.47956667
88807,3935883.3369
88808,3855281.35026667
88809,4468680.59724286
88810,3993399.98398096
88811,5051567.3969
88812,4896465.3293
88813,3966828.92073334
88814,4039181.03546667
88815,4045623.7628
88816,3870911.19793333
88817,3195668.81033334
88818,5601322.71166667
88819,5201205.63646666
88820,4779488.12133333
88821,4508222.11056667
88822,3843581.85520953
88823,4864760.06083333
88824,4106829.57156667
88825,4257498.9548
88826,4623281.69923333
88827,4434409.52653333
88828,4829347.5071
88829,4190371.6277
88830,3988018.00443333
88831,4214034.35225238
88832,3271117.2622873
88833,4762607.9794
88834,3473631.14484286
88835,4799787.4207
88836,4749939.10196667
88837,4147398.526
88838,4971940.7096
88839,4688171.41706667
88840,4405942.42696667
88841,3727133.06679048
88842,4066806.681
88843,4880544.40363333
88844,3701592.19776667
88845,3727526.24076667
88846,5312996.9341
88847,4496496.85126667
88848,4592606.15883333
88849,4454290.22083333
88850,4794599.29413333
88851,4300031.84636667
88852,5155328.42776666
88853,5038935.21103333
88854,4765639.41916667
88855,4734865.02703333
88856,3671467.82056667
88857,4816929.88976667
88858,4435161.32726667
88859,4284837.45143333
88860,4191863.94706667
88861,3821331.03842064
88862,4856783.9481
88863,4840866.09596667
88864,4963798.20473333
88865,5361619.19463334
88866,4464357.88406667
88867,4599983.2992
88868,5267461.11252857
88869,4206971.5648
88870,4978876.22553333
88871,4910518.47959524
88872,3685141.35122857
88873,3657243.64180952
88874,3687350.22111111
88875,4813716.25355238
88876,4468583.50001111
88877,4878492.67456666
88878,5226316.00364762
88879,3240850.47367619
88880,4726561.25486667
88881,4564447.44241905
88882,3270328.00613333
88883,2976463.95530476
88884,5016664.7068
88885,3339985.19783333
88886,4187086.16602857
88887,3944557.2771
88888,4386812.43223333
88889,5198545.00928571
88890,2395333.95383492
88891,4180484.15416667
88892,5330610.77056667
88893,4319919.00823334
88894,4973267.8582
88895,4681983.75509524
88896,3070313.13005397
88897,3477195.18556191
88898,5058695.30513333
88899,4951410.49673333
88900,3549791.11297302
88901,4417813.47396667
88902,3997410.45506667
88903,4994928.29893333
88904,4682289.46566667
88905,3783661.82949524
88906,4381452.06725873
88907,5139846.15913333
88908,4110017.22056667
88909,4463065.29053333
88910,4270286.06156666
88911,4551169.67246667
88912,4263480.69526667
88913,4131515.58287619
88914,4884475.9024
88915,4682958.06733333
88916,3289342.29042064
88917,4945231.78233333
88918,3929898.39662064
88919,3579899.78306191
88920,4214764.34846667
88921,4601236.222
88922,3773660.04377619
88923,3113417.57504444
88924,4616872.19183333
88925,4704092.61683333
88926,3613961.5412
88927,3731751.03879524
88928,5130822.9831
88929,4346308.09988571
88930,4800809.93235238
88931,4119474.30844286
88932,4570702.8656
88933,4461478.65243333
88934,4405615.27563334
88935,4497702.32546666
88936,4849878.50682857
88937,4019847.15396667
88938,4037110.75972064
88939,4701907.72803333
88940,5149037.1686
88941,3377406.4973
88942,4279963.59016666
88943,4722050.51966667
88944,4170577.95253334
88945,3703065.58380953
88946,4121769.48266667
88947,3850340.67093334
88948,2832211.48759206
88949,4214956.59223333
88950,4016863.7674
88951,3727478.29520953
88952,4223445.53446667
88953,3485567.0085
88954,4501142.1362
88955,3693264.29206667
88956,4976100.4576
88957,4477013.9631
88958,4407784.83324444
88959,4498146.60446667
88960,4855802.81248571
88961,3380957.53270953
88962,4812084.3209
88963,4057619.59116667
88964,3975250.65063333
88965,4304072.7269619
88966,3695579.40210952
88967,4893361.05146191
88968,4140786.38306667
88969,3815840.8872619
88970,4409565.24935952
88971,4149710.03353333
88972,3470623.8315
88973,4087550.69947778
88974,4902781.75121111
88975,4360887.13286667
88976,4579783.36143333
88977,4598073.70356667
88978,4363079.24062064
88979,3760552.53887778
88980,4060640.26643809
88981,4258677.80264286
88982,4092913.55264286
88983,5137337.03783333
88984,5275271.3488
88985,4624529.3834
88986,4393113.87453334
88987,4841247.6774
88988,4983348.54403333
88989,3049000.06450476
88990,3747072.5252873
88991,3962705.10118254
88992,2562313.85223333
88993,4184139.46222857
88994,3648944.76666667
88995,4668817.53376667
88996,3730669.52771587
88997,5435450.03926666
88998,4054368.4012
88999,4232947.13054762
89000,4004375.92331111
89001,4595587.18713333
89002,3386919.75356667
89003,4682472.22046667
89004,4979233.27307778
89005,4663122.008
89006,4441837.57363333
89007,4740353.62023333
89008,4977531.40713333
89009,3853345.60326667
89010,3510143.27072539
89011,3342011.1705
89012,4286541.50363333
89013,4346436.05453333
89014,4122608.29727143
89015,4284626.6557
89016,6047040.18563333
89017,4615599.57943334
89018,4169208.73769524
89019,4977131.04286666
89020,3017407.51535714
89021,3899816.11006667
89022,4772807.65153333
89023,5286566.97723333
89024,4737549.95153333
89025,3481500.49797143
89026,4478823.78146667
89027,4348227.92942381
89028,4029167.33765397
89029,3960757.73898572
89030,4336585.46463333
89031,4007645.60993333
89032,2492995.88576349
89033,4728572.10626667
89034,3770534.92492857
89035,4278432.39071111
89036,4662424.3136
89037,4520905.37
89038,4510670.93133333
89039,5317755.00906667
89040,4579552.64496667
89041,5269836.99048571
89042,2816704.65891111
89043,4162923.01146667
89044,4861593.52906667
89045,4518672.4597381
89046,5045014.94883333
89047,4666496.3647
89048,5248865.17596667
89049,4419498.07079524
89050,4764486.4654
89051,4830402.67986667
89052,4729275.86796667
89053,4940660.12256667
89054,3455643.26626667
89055,4168446.42623333
89056,3638389.1036
89057,4588513.55183333
89058,4583293.4903
89059,4074630.29043809
89060,3423413.80537778
89061,4083423.13502381
89062,4586065.41751905
89063,3492062.55110953
89064,4411121.4482
89065,3930151.56147778
89066,4497653.94095238
89067,4366321.38950476
89068,3345383.64267143
89069,4723907.17336667
89070,4214761.51933333
89071,3801694.54752857
89072,4615852.3498381
89073,4141341.9567
89074,3892379.22296667
89075,3134682.90447778
89076,3745379.50426667
89077,4599288.60923333
89078,3893201.33287143
89079,4314375.74576667
89080,3978456.60042857
89081,5494962.03056349
89082,4627043.8882
89083,4054386.50783333
89084,4261357.15876667
89085,4222160.06083333
89086,4300751.51392857
89087,5014027.92746667
89088,4572301.44916667
89089,4158141.24686667
89090,4599717.3098
89091,3428300.9337
89092,3256808.88953334
89093,4354327.2848
89094,3743583.37653333
89095,4422935.76149047
89096,4101805.54306667
89097,4988815.0586
89098,4309684.86363334
89099,4020737.86256667
89100,4202006.09424444
89101,4029555.16227778
89102,4483567.34536667
89103,4803273.79323334
89104,5309958.48846667
89105,3914603.9377
89106,4600296.5424
89107,4243109.15206667
89108,3622116.7521
89109,4433224.17233333
89110,3539964.2517
89111,4141809.31444286
89112,4016125.40582857
89113,4305988.58003333
89114,4457313.98216667
89115,4112293.86966667
89116,4026071.29716667
89117,3874543.0252
89118,5236960.65586667
89119,3719891.97251111
89120,4670876.60683334
89121,5077273.44003333
89122,4477454.35803333
89123,4237636.24289524
89124,3237828.9767873
89125,3989093.60149048
89126,4513334.69432857
89127,4039213.44453333
89128,4821639.44013333
89129,5718155.59146667
89130,5167167.86513333
89131,3996634.6062
89132,5017794.8242
89133,3596054.04656191
89134,3843972.13395397
89135,3371390.02279048
89136,4219444.10256667
89137,5302073.0783
89138,3500714.6413
89139,3454930.31924286
89140,4291687.268
89141,4772105.97137619
89142,4368798.78003333
89143,4281889.15706666
89144,4529767.33820476
89145,4374633.61991429
89146,4645208.9156
89147,5280228.22686667
89148,2947400.61805397
89149,4146138.88056667
89150,3373263.86969206
89151,4243450.20216666
89152,4429574.7258
89153,4098354.27240635
89154,4184357.31054444
89155,4533848.84839524
89156,3807487.77636191
89157,4146175.7738
89158,4547730.33133333
89159,5525884.23526666
89160,5452186.84221905
89161,4389530.21955238
89162,3708604.19212381
89163,4677905.4841
89164,4428277.83013333
89165,3818356.20793334
89166,3778760.10227778
89167,4412954.76096667
89168,3702645.10036667
89169,5003563.17013333
89170,3996254.09621111
89171,3874317.51697619
89172,4279955.20663333
89173,5691793.98
89174,3880698.60906667
89175,4564069.09004286
89176,4173563.69626667
89177,4070129.86204444
89178,4826363.8579
89179,4485214.67326666
89180,3854765.38065714
89181,3846701.39136667
89182,4762492.78459524
89183,4185522.34094444
89184,3216504.32871429
89185,4732666.38609524
89186,4242426.49893333
89187,5409393.30473333
89188,3238006.69839048
89189,4555201.6746
89190,4869347.012
89191,4536933.31943333
89192,4077923.11343333
89193,3823522.97126667
89194,4834038.0971
89195,4766788.2372
89196,3437301.79380953
89197,3621892.37635714
89198,4869240.36723333
89199,4235147.4201
89200,4348588.83219524
89201,4499771.77023333
89202,4027492.36736667
89203,4722854.5484
89204,4301585.30965714
89205,3977509.2944
89206,3949582.84833333
89207,3637710.85944286
89208,4187050.07496666
89209,5101144.44866666
89210,4720703.82146667
89211,4055766.14790476
89212,4679501.90003333
89213,4532297.522
89214,4200471.29966825
89215,4914586.82466667
89216,4630730.11326667
89217,4244518.14396667
89218,4119383.47746667
89219,3277618.4084
89220,5478940.06266667
89221,3643720.07487619
89222,3422518.67696667
89223,4459063.60086667
89224,4197581.21236191
89225,4201474.47573333
89226,4059683.96601111
89227,4131869.3202
89228,4451134.21456667
89229,3267588.32515714
89230,4608323.58553333
89231,4433428.58743333
89232,3860551.45597143
89233,3786328.43479048
89234,4252506.2233
89235,3880175.31616667
89236,4415753.25153334
89237,4516066.92762857
89238,3921425.96496667
89239,4288986.89562857
89240,4353233.4843
89241,4318565.37913333
89242,3819386.09981111
89243,4354214.0945
89244,3132556.64044444
89245,5243127.5242
89246,5053975.51226666
89247,5209422.20113333
89248,4920174.0746
89249,4510012.85876667
89250,5418063.004
89251,4625519.32433333
89252,3866886.36973334
89253,5010970.02743333
89254,4153824.76726667
89255,3864720.04329048
89256,4898082.9954
89257,4829827.15303333
89258,4842301.8706
89259,4348037.76956667
89260,4027498.8085
89261,4185364.24483333
89262,4920864.6686
89263,4608459.13096667
89264,4581452.72646667
89265,3816332.11563968
89266,4413029.1151
89267,4557246.0789
89268,3970277.60593333
89269,3729872.17616667
89270,4098075.22494286
89271,4393923.85873333
89272,4470769.52
89273,4463325.94816667
89274,4263519.1294
89275,3285909.22452381
89276,4168840.59316667
89277,4509172.6315
89278,4514438.15291429
89279,3991010.1776619
89280,4504395.02543333
89281,3653750.18896667
89282,4788363.63556667
89283,3321233.06459048
89284,4135371.74416667
89285,4488436.58209524
89286,4078838.32894445
89287,4978961.3115619
89288,5109959.66636667
89289,5024333.77666667
89290,4043219.43769524
89291,5230767.0652
89292,4373040.98783333
89293,3435063.5932
89294,5068736.84918571
89295,4935809.4699
89296,4685497.52166666
89297,4350329.58693809
89298,5289583.24240952
89299,5154471.75883333
89300,5343679.91673333
89301,4375109.68793333
89302,4500603.5065
89303,5375714.49326667
89304,3248814.38175714
89305,3964004.12594445
89306,4181482.11723334
89307,4127671.39429048
89308,4682322.08654444
89309,5416562.44508571
89310,4561914.90553333
89311,4327965.71866667
89312,3904151.28114445
89313,4568440.63949047
89314,5286862.67956667
89315,4304344.90726667
89316,3107952.07657619
89317,4280144.62513333
89318,4211255.45346667
89319,5389088.68486667
89320,4588976.3595
89321,4661782.76343333
89322,4167387.02096667
89323,4824868.17746666
89324,4686703.63243333
89325,3535429.87370952
89326,3965453.20936191
89327,4016692.9288
89328,4380528.32751429
89329,3764155.07761111
89330,4690580.0586
89331,4461691.09387778
89332,4404242.66991111
89333,4608266.35570952
89334,4199587.33876667
89335,3176048.96297619
89336,3855756.04152857
89337,3936078.65092857
89338,4185428.9182
89339,4592205.24933333
89340,4638872.473
89341,4909178.89833333
89342,5564320.37816667
89343,5019099.12173333
89344,3662514.68697778
89345,4036431.63653333
89346,3882389.03983334
89347,4069836.90123333
89348,4760524.3667
89349,3719129.52507619
89350,5025857.08602857
89351,3413184.90046667
89352,3469493.44812381
89353,4555831.74003333
89354,3666009.33293333
89355,4515732.51043333
89356,4496054.80893333
89357,4690431.77326667
89358,4302193.1306
89359,4092509.7169
89360,3186325.2017
89361,4016751.11436667
89362,3246900.70963334
89363,4125127.79276667
89364,4432256.45453333
89365,3593539.15771429
89366,4679994.14646666
89367,4777533.4618
89368,4537125.9761
89369,4052934.71563333
89370,3871321.3651
89371,3755244.9592
89372,3729913.62898254
89373,5298959.73443333
89374,3871523.12863334
89375,4585025.09216667
89376,3189709.31976667
89377,3983371.34823334
89378,4024494.4592619
89379,4137123.7418373
89380,4588445.64623333
89381,4128732.16203333
89382,4399742.25234286
89383,5562070.41353333
89384,5109175.81223333
89385,4774892.8731
89386,4207908.56616667
89387,4592153.56786667
89388,3706345.11356191
89389,4204452.1812
89390,3984661.42587778
89391,4321200.21074444
89392,5237000.85593333
89393,4398502.64806667
89394,4293050.44327619
89395,3866708.65859524
89396,4983418.62679048
89397,3507080.73426667
89398,4960245.1293
89399,3649295.96296667
89400,4148695.3314
89401,3439322.96741111
89402,4048600.7672
89403,4720969.0162
89404,3461315.24496667
89405,4615668.57473333
89406,3969172.91786667
89407,5156751.29146667
89408,3898517.14330953
89409,3539910.86056667
89410,4803032.97163333
89411,3664068.4821
89412,4250593.90593333
89413,4295639.67384762
89414,3396016.27733333
89415,3897259.17293333
89416,4104081.11352857
89417,4894472.4468
89418,4524810.10563333
89419,4800020.5448
89420,5159685.50563333
89421,4216028.4925381
89422,4690252.8421
89423,4288833.88336667
89424,3611237.2044
89425,4896062.45199524
89426,3573305.5309
89427,4368438.57446667
89428,4734258.4663
89429,4429213.78476666
89430,5180018.82596667
89431,4645177.13659524
89432,4853384.20913334
89433,2777054.03350476
89434,4404501.23520159
89435,4097699.74943333
89436,4588565.52026667
89437,4737450.18426191
89438,4563382.33836667
89439,3744803.11246667
89440,4900056.5739
89441,5348636.21982857
89442,4601251.76867143
89443,4242591.38026667
89444,3723043.38264286
89445,4636511.47456666
89446,4961329.94649048
89447,6144482.59443333
89448,4602173.46283333
89449,4163813.85353334
89450,3837230.59143333
89451,4344033.60533333
89452,4019044.77483333
89453,4306341.57439524
89454,4677234.94542857
89455,4181582.74073334
89456,4377821.17796667
89457,4697507.94243333
89458,4164777.11906667
89459,3856753.76932381
89460,4565738.05976667
89461,3864625.67173334
89462,4640118.58243333
89463,4149343.92104444
89464,4568001.13321587
89465,4116322.6157
89466,4783555.95419524
89467,4395464.50993333
89468,4701340.50316666
89469,4049922.78676191
89470,5125081.7817
89471,4437957.94576667
89472,4621312.61686667
89473,4252746.05237778
89474,5033073.2298619
89475,4665266.98082381
89476,4208626.08616667
89477,5451807.67396666
89478,4107512.22588571
89479,4569367.85631905
89480,3831605.32563333
89481,4460215.24449524
89482,4141116.07266667
89483,4258341.65123333
89484,4314449.04199048
89485,2934502.74978095
89486,4257332.16961111
89487,4797020.75576666
89488,4477117.81277619
89489,5535371.0721
89490,4512577.0286254
89491,3523125.13125715
89492,4202454.49691428
89493,4032311.48414286
89494,5213156.8199
89495,5198008.67431667
89496,4413327.87466667
89497,4980854.26726667
89498,4649149.01553333
89499,3232477.4681
89500,4121816.06177778
89501,4631382.9776
89502,4802487.13061111
89503,3733966.81902381
89504,4244577.0981
89505,4516097.44513333
89506,4688663.89061904
89507,4291542.53523333
89508,4752915.08476667
89509,5062941.9428
89510,3570197.94494762
89511,4687279.77576191
89512,3689530.49363333
89513,3748058.60850477
89514,4200156.49356667
89515,4250346.66533333
89516,5166926.44953333
89517,4138208.32447778
89518,3917081.76622064
89519,4032793.0567
89520,5119713.06163333
89521,4335420.69930952
89522,4612985.12446667
89523,3792792.65391111
89524,4369397.3156
89525,4197347.16042063
89526,3350936.13940476
89527,3668318.72147302
89528,2225340.65801429
89529,4195132.57076667
89530,4086433.5621381
89531,4281773.52559524
89532,4152205.53489524
89533,4664569.66016667
89534,3975902.37073334
89535,4195526.20283333
89536,4018370.1089
89537,3750948.64403333
89538,4549014.70783333
89539,2310576.25848095
89540,4745221.0622
89541,3633778.17963333
89542,3699230.14916667
89543,3985361.29813334
89544,5237938.6044
89545,3632020.4602619
89546,5641559.67553333
89547,3745691.31233333
89548,4004889.77251905
89549,4979096.338
89550,4359628.62896667
89551,4448398.1874
89552,4032041.7077
89553,4435595.34393333
89554,4534022.5208492
89555,5278836.4631
89556,4085607.7319
89557,3822245.85098572
89558,3941286.50356667
89559,5413374.46593334
89560,4172253.8003
89561,4516791.30773333
89562,3891085.95541428
89563,4394794.84456667
89564,3937799.0246
89565,4069160.22178572
89566,5716167.055
89567,4523152.1286
89568,3788790.54140635
89569,4609295.77390952
89570,4726646.8822
89571,4131505.58963333
89572,3525737.43608095
89573,4701140.07699524
89574,3452092.93554286
89575,4108720.97992381
89576,4449092.16362857
89577,3419232.18050476
89578,3643900.67306191
89579,4203419.52614444
89580,4003726.05589048
89581,4200954.63143334
89582,4838550.08433334
89583,4555231.61180635
89584,4715540.70799048
89585,4456275.3949
89586,3909157.97357143
89587,4620938.53709047
89588,3801694.54752857
89589,4053997.87743333
89590,4386730.05100159
89591,3948914.20839048
89592,4667574.51626666
89593,3688033.36464286
89594,3953026.71172857
89595,3371322.34206191
89596,4013763.7189381
89597,4675404.947
89598,4575813.4548
89599,2479841.37550952
89600,4963646.49113333
89601,4497012.22811429
89602,4918785.92426666
89603,5055207.84303333
89604,3967941.30706667
89605,3547409.0536
89606,4501668.5835
89607,4176217.94573334
89608,4725280.05493334
89609,3783073.18550953
89610,3142051.10952064
89611,4819663.33213333
89612,4135997.15163333
89613,4008166.31189524
89614,4177800.681
89615,3998260.6219
89616,4059613.33176667
89617,5546085.4542
89618,3142833.61602857
89619,3781635.46494445
89620,4080935.2335
89621,4135725.83391905
89622,3308134.76642064
89623,4070360.56993333
89624,4661805.89616667
89625,3757935.54916667
89626,3543114.8580381
89627,3871103.31092857
89628,4109029.10266667
89629,4521817.53345238
89630,4605907.09656667
89631,4705316.17003333
89632,4284750.11838095
89633,4258545.67226667
89634,4314352.06143333
89635,4948170.4789
89636,3979006.22347619
89637,3946839.47267143
89638,6212588.79053333
89639,4912222.5766
89640,4477987.44456667
89641,4300503.8056
89642,4736091.41573333
89643,3081714.1949
89644,5082532.04492857
89645,4596691.82586667
89646,4173127.19413334
89647,4572924.6774
89648,5388734.97013334
89649,4380325.79656666
89650,4108298.96066667
89651,4765735.10405238
89652,4805955.01416667
89653,4003592.87857778
89654,4392787.8791
89655,4904153.22033333
89656,3350900.95084444
89657,4931598.94053333
89658,4543598.65293333
89659,4524931.96314762
89660,4392577.17243333
89661,4655572.16993333
89662,4321138.14026666
89663,4451611.87443333
89664,4576928.89917619
89665,4504696.37292381
89666,3939103.51113333
89667,4329924.67893333
89668,4253191.02616667
89669,3684606.53615397
89670,4608412.1396
89671,5127402.51926666
89672,4222130.84263334
89673,3857015.77456667
89674,4824255.7001
89675,4320902.48516667
89676,4019988.31993333
89677,4726881.4631
89678,5196640.61756667
89679,4273729.41879048
89680,3958880.10553334
89681,3376171.3488254
89682,5935366.69553334
89683,4238432.48556667
89684,4638133.3597
89685,3927734.04806667
89686,4728856.5224
89687,3927134.8537
89688,4788908.39023334
89689,4077274.9969
89690,4074079.80786667
89691,5494020.96673333
89692,4881807.41420476
89693,4382445.49299524
89694,4253780.95512381
89695,4916340.69806667
89696,3764725.68080952
89697,4761387.4361
89698,3942863.70002857
89699,4283441.84796667
89700,4005254.96626667
89701,4574348.88996666
89702,4301585.30965714
89703,4635998.31893333
89704,3857630.76296667
89705,4063992.09411429
89706,4330620.60903333
89707,5407016.65526667
89708,4858755.05683333
89709,3970102.24860476
89710,5287364.84366667
89711,5016561.92146667
89712,4388006.97028572
89713,4278353.565
89714,3981327.22446191
89715,3381132.56823333
89716,5566304.35926667
89717,4224044.46876667
89718,4855115.08856666
89719,3068831.15313333
89720,4545666.41686666
89721,4651080.67123333
89722,4779678.80482857
89723,4028259.76943333
89724,5038572.30186667
89725,4845085.56906667
89726,3626619.0886619
89727,4280089.38056667
89728,4428511.97791111
89729,4514677.36203333
89730,3840527.13749524
89731,4441884.19714445
89732,4447779.68573334
89733,4198214.63120635
89734,3901429.93763334
89735,3779234.8283
89736,4435417.04712381
89737,4755754.40933333
89738,4092412.12857778
89739,3427472.87437619
89740,5033085.50113333
89741,2599193.02953333
89742,4871373.7733
89743,4013146.42676667
89744,4358303.40016667
89745,3345908.7767
89746,3956693.18775873
89747,4185439.29106667
89748,3995521.8006
89749,4686383.11497777
89750,4647110.98243333
89751,4345226.57503334
89752,3639583.8044
89753,3658265.78656667
89754,3563978.65356667
89755,4941751.35603333
89756,5424245.98533333
89757,4146050.65297778
89758,3432209.59256667
89759,4000849.1617381
89760,4917818.017
89761,3859353.8319381
89762,4029886.2269
89763,4276092.15714444
89764,4192683.78377619
89765,3390485.19277143
89766,4322750.94193333
89767,5120521.53587778
89768,4670605.43023333
89769,4166042.87
89770,4195558.76641111
89771,4437945.06184762
89772,3980178.3911
89773,4413461.94145238
89774,4347055.59286667
89775,5078084.26933333
89776,4366666.8255
89777,3675911.1358
89778,3086885.10804762
89779,5321566.07836667
89780,3934231.2675
89781,4362579.66696667
89782,4422074.91504444
89783,4427138.6824
89784,4522177.40393333
89785,3722102.65265715
89786,3388235.32152857
89787,4863516.89786667
89788,4160696.3132
89789,4588999.30426667
89790,3266683.0560381
89791,4616324.76811905
89792,4516066.92762857
89793,4247590.769
89794,4729471.65303333
89795,4203047.32963334
89796,4969878.44683333
89797,4183095.63406667
89798,3937282.3368
89799,4257275.23536667
89800,3998032.93419524
89801,4509173.35223333
89802,4456860.0302
89803,5606570.9034
89804,3825797.49486667
89805,3747477.72828095
89806,4453592.2516
89807,3402532.99392063
89808,4811669.28826667
89809,5067415.47923334
89810,2290441.24286349
89811,4008735.92706666
89812,4052013.08146666
89813,4745794.5044
89814,4309976.11306667
89815,4678559.72873333
89816,4447498.53346667
89817,4969218.78193333
89818,5382938.73533333
89819,2874128.27980953
89820,3786518.06093334
89821,4762519.50203334
89822,3991914.27463333
89823,3518717.29020635
89824,4139891.73733333
89825,5268924.33493333
89826,4489442.4604
89827,4301651.89486667
89828,5120158.15626667
89829,4947025.50583333
89830,3982495.10594444
89831,4815822.37926666
89832,4512633.94163334
89833,4445657.40263333
89834,5423889.80763333
89835,4444180.53426667
89836,4350337.73223333
89837,4082318.1653
89838,4714474.67876667
89839,3895466.4633
89840,3835681.35634286
89841,4139827.65123334
89842,4707633.54449524
89843,3599991.63111111
89844,4517605.71383492
89845,4250456.96386667
89846,3807544.96971905
89847,3727748.5615
89848,3977324.3885
89849,4382137.56043334
89850,4552861.90613333
89851,4242245.67433333
89852,4356562.453
89853,4877841.29987143
89854,3961816.129
89855,4452267.00616667
89856,4411043.11456191
89857,4378005.64216667
89858,2974416.42902857
89859,4159593.04132857
89860,4503694.0953
89861,4350849.3246
89862,4572232.89053333
89863,4448349.69746667
89864,3879096.46406667
89865,4175306.05876666
89866,4812705.7027
89867,4254588.35290952
89868,4120756.65241111
89869,4932158.51313333
89870,5112878.95973333
89871,4340773.68606667
89872,3930467.39626667
89873,4806751.93863333
89874,4450121.03707619
89875,4356253.8478
89876,3985744.84753333
89877,5654498.96933333
89878,4810704.001
89879,4165939.71246667
89880,4047797.78836667
89881,3851933.945
89882,4798374.34066667
89883,4609067.81356667
89884,2695160.99342381
89885,5532582.1635
89886,4327203.75266667
89887,4236823.9019
89888,2435849.39134286
89889,3515281.7067
89890,3898774.94483333
89891,4177498.10138571
89892,4285307.73496111
89893,4621705.91596667
89894,4167073.08876667
89895,5141733.5395
89896,4514407.47579683
89897,4449493.5110619
89898,4051157.78173333
89899,4161363.14346667
89900,4300698.43546667
89901,3824128.97470952
89902,3885925.47466667
89903,4374172.63096667
89904,5132323.01316667
89905,5288333.8304619
89906,4837383.11634921
89907,3938721.57787619
89908,4187994.35833333
89909,3308447.22046667
89910,4201172.48301667
89911,3991691.9745
89912,5031400.6781
89913,2351821.31620952
89914,5220835.90323333
89915,3392989.9149
89916,5262479.5046
89917,4456539.968
89918,3466438.40754286
89919,4610319.46256666
89920,4275920.01312857
89921,3817917.07096191
89922,4260132.1585
89923,4075229.2693
89924,2990492.08380953
89925,4787360.6826
89926,5159396.55923333
89927,4412352.48413333
89928,4078215.70468571
89929,4346246.193
89930,3821920.86184762
89931,4266296.09363334
89932,6027592.89733333
89933,3472712.99341111
89934,4409812.816
89935,4839466.3584
89936,4305176.6565
89937,4679713.18126666
89938,4692358.81127778
89939,4119689.50683333
89940,4652899.1279
89941,4544560.28926667
89942,4126823.1812
89943,4612422.6764
89944,4625755.49113333
89945,3825955.80741428
89946,4553036.80422857
89947,4489683.3119
89948,4173473.70056667
89949,4535776.8333
89950,2555616.51340476
89951,4042329.7745
89952,4615712.7588
89953,4341337.98633333
89954,4406301.81316825
89955,3316767.00903333
89956,4594441.7701
89957,4248862.67293333
89958,3963923.52617778
89959,4166650.442
89960,4733806.6402
89961,4952340.1434
89962,4404008.40892857
89963,4615665.4
89964,4200804.13686667
89965,4036011.00346667
89966,5382674.97653333
89967,3666009.33293333
89968,4392988.3593
89969,4901246.61527301
89970,3145222.95720159
89971,4639011.87136667
89972,4677860.7929
89973,4080915.10906667
89974,3057119.98072064
89975,4476835.59076667
89976,3981680.91276667
89977,4335842.00343333
89978,5077228.68833333
89979,5103891.9099
89980,3534953.97323334
89981,4855398.73893333
89982,3585348.08181429
89983,3533465.65152064
89984,4303238.9081619
89985,5093002.7835
89986,4103292.40006667
89987,4259422.725
89988,4430699.632
89989,3603148.87771587
89990,5115067.75475714
89991,4602608.08283334
89992,4471192.61886666
89993,4765364.88786666
89994,4162341.69496667
89995,3464047.49153334
89996,4183986.73613334
89997,3636190.55951587
89998,4239473.32876667
89999,4398396.76906667
90000,4898733.21373333
90001,4366141.12833333
90002,5205896.6959
90003,4552454.72603333
90004,4240611.74862381
90005,3625757.65136667
90006,5069417.89577778
90007,2869140.16270476
90008,3776765.55326667
90009,4728349.15153333
90010,4712790.93413333
90011,4008416.44086191
90012,5197446.8833
90013,4968289.2184
90014,3492136.24187619
90015,5290129.36423333
90016,3962155.58306667
90017,4357805.03596667
90018,4352773.72502064
90019,5041066.40351904
90020,3497986.83576667
90021,4771739.62613334
90022,4368805.24053334
90023,4404747.0072
90024,4117129.5518
90025,4288913.44776667
90026,4267573.41199524
90027,3925755.55876825
90028,4006423.36204445
90029,4172439.76176667
90030,4178182.97493334
90031,4653232.06923333
90032,4795670.77556667
90033,4329435.27326667
90034,3692618.62283333
90035,5267820.8035
90036,4587083.94613333
90037,4932406.9376
90038,3600817.03241111
90039,4617902.74696667
90040,4809632.5391
90041,4844849.00656667
90042,4929074.00933333
90043,4305097.79166667
90044,3584537.51456191
90045,3515085.09298096
90046,4243412.8024
90047,4858620.11153333
90048,3351714.9522381
90049,6329744.89933333
90050,4649328.3721
90051,5033304.51723333
90052,4645794.94946667
90053,5425720.41023333
90054,4691823.85466667
90055,3055270.00777778
90056,5112811.77936667
90057,4597177.78767778
90058,6050742.452
90059,3474858.27067143
90060,3732353.71041429
90061,3999475.52722857
90062,4522382.71933333
90063,4708105.3896
90064,5246899.4963
90065,5818903.64566666
90066,4152069.1587
90067,4203413.28989524
90068,4479222.77430635
90069,4867929.5583
90070,4747423.1574
90071,4657649.5982
90072,3250945.27873333
90073,4454779.66028095
90074,3344877.06574286
90075,4538850.90791111
90076,4087909.02656667
90077,4816509.8442
90078,4070756.49243333
90079,4417164.82662857
90080,4469263.58763333
90081,4177011.63356667
90082,4512418.20796666
90083,4834232.06741111
90084,4849823.84393333
90085,3487826.55918095
90086,4820246.778
90087,4249825.10786667
90088,4310355.10873334
90089,3588838.7153
90090,4158472.0526
90091,3970918.24726667
90092,5051166.77763333
90093,4922144.29343333
90094,4891498.38026667
90095,4271318.79541111
90096,5015404.62896667
90097,4263572.22132064
90098,4794479.55566667
90099,4518009.98159047
90100,5072008.63516666
90101,3447988.62531111
90102,5779313.23961905
90103,4318369.2808
90104,3527978.68721905
90105,3654377.09564444
90106,3866603.50752143
90107,4402929.95821111
90108,5625144.50135238
90109,4561185.89223333
90110,4214749.17673334
90111,4379633.31530952
90112,5095580.0634
90113,4575993.74973333
90114,3621514.75736667
90115,4176738.64066667
90116,3820673.74846191
90117,4055682.1316
90118,2868895.63784286
90119,4820075.6657
90120,3378498.31006667
90121,4011179.33730953
90122,3381419.64730476
90123,4336780.17916667
90124,4103890.28326667
90125,3680171.77217619
90126,4660113.16533333
90127,4783096.5617
90128,4495349.86623333
90129,4369662.49346667
90130,5020633.12616666
90131,4425637.91843333
90132,4360637.16416667
90133,3974277.6184
90134,4696966.72236667
90135,4532915.265
90136,3997879.0709
90137,4076975.67633333
90138,3413317.28706667
90139,4003159.59842857
90140,5217016.84253333
90141,4253639.95779524
90142,5067845.7134
90143,4855634.8388
90144,4758012.52496666
90145,4282231.741
90146,4971759.51359999
90147,4139310.27333333
90148,4790132.15001905
90149,4632481.60096667
90150,5242088.11723333
90151,4001777.4201
90152,3971856.275
90153,4962819.02264445
90154,4013321.4494
90155,4971972.10610952
90156,4627958.77226666
90157,4203298.41683333
90158,3762533.35143334
90159,4388419.82533333
90160,4876005.92393333
90161,3989215.73183334
90162,5308652.80073333
90163,3862380.06060952
90164,4776884.56443333
90165,4058795.12576667
90166,3629839.89030476
90167,4677136.891
90168,3431569.31007143
90169,4160488.1742
90170,5069051.17846667
90171,3123150.3955381
90172,3934181.1412
90173,4792389.24361111
90174,3785256.3614
90175,3965257.98086667
90176,3463360.83302857
90177,3624171.53278095
90178,4340782.1419
90179,4657479.12176667
90180,3693196.63129206
90181,4630577.64571111
90182,4627348.32493333
90183,3947691.39786349
90184,4649566.5633
90185,5744696.2719
90186,4627714.5033
90187,4303258.08692857
90188,4015956.66049048
90189,5025472.34312857
90190,4313116.77104445
90191,4253443.7952
90192,3333996.69090953
90193,4117995.8438
90194,4211788.26136191
90195,4354651.0245
90196,4902480.49428571
90197,4747592.49426667
90198,4809877.56973333
90199,4809499.43083333
90200,4567525.3799
90201,4694313.89216667
90202,3540977.96229524
90203,4569562.65893333
90204,4678620.95123333
90205,4344517.3723
90206,5666373.26016666
90207,4480742.66183333
90208,4165619.13776349
90209,4783762.05693333
90210,5197674.05863333
90211,4714482.30813333
90212,4624825.59837143
90213,4394691.92083333
90214,3136640.39440952
90215,3890168.91167619
90216,4899080.48953333
90217,5062543.43746667
90218,4087810.43186667
90219,4131962.56931111
90220,4527749.06993333
90221,3902679.72483333
90222,4624903.8192
90223,3765787.82201429
90224,4970104.84476666
90225,4827879.27456666
90226,4587865.57896667
90227,4699558.2418
90228,4651705.22124286
90229,4850809.2631
90230,4104232.16653334
90231,3719290.75782857
90232,3611478.84161111
90233,4862955.2099
90234,4595565.49663333
90235,4332253.41036667
90236,4921478.8278619
90237,4555808.15251111
90238,4499660.0501
90239,3973750.95127619
90240,5217214.594
90241,4013818.37176667
90242,4535522.4296
90243,4724326.56462857
90244,4474831.9023
90245,4747275.86126666
90246,4631771.2224
90247,3940923.46576191
90248,3642827.1671
90249,4225221.58716667
90250,5539871.1401
90251,4166410.45236667
90252,3891979.4841619
90253,3939142.30746667
90254,3691538.01696667
90255,2558426.40287619
90256,4797574.1721619
90257,4039252.51523333
90258,4648671.60173333
90259,4793422.04786667
90260,5378110.28201905
90261,4811039.5241
90262,5524491.19893333
90263,4737440.71356667
90264,4220509.15426667
90265,4352041.5884
90266,4948724.28113333
90267,3141332.17814921
90268,4558259.41236667
90269,3800886.40856667
90270,3479354.73683333
90271,4322496.48563333
90272,3732872.74827143
90273,4832970.6267
90274,4545869.35073333
90275,4539092.2414
90276,4144306.35043333
90277,5042793.61196667
90278,4644176.5414
90279,4565619.69853333
90280,3704964.8589
90281,3838538.24536111
90282,4012036.44953333
90283,3350087.32495397
90284,5078114.36733333
90285,3584439.66998095
90286,4368188.94444762
90287,4062085.77220952
90288,5122051.59456666
90289,4494067.69263333
90290,4312043.80937619
90291,4771920.20413334
90292,4168397.5206
90293,4917224.1017
90294,4553020.53323333
90295,4072500.1283
90296,4373521.0751
90297,3717937.12053333
90298,4461149.93946667
90299,4413588.35314762
90300,4205782.99443333
90301,4794634.9857
90302,5006996.9998
90303,4738811.69403333
90304,4265320.13186667
90305,4493183.62066667
90306,4639011.64416667
90307,4328224.18836667
90308,3973992.19784762
90309,4214962.1987
90310,3801694.54752857
90311,4486835.7187
90312,4199970.15036667
90313,4372235.85143333
90314,3881196.50896667
90315,4295220.47356666
90316,5482230.59623334
90317,5520255.7601
90318,4619659.13773333
90319,3958321.06203334
90320,5049113.5286
90321,5060312.40006666
90322,5142411.53877778
90323,4628992.25243333
90324,4502173.17516667
90325,4228313.94703333
90326,4914874.50316667
90327,3562633.62067778
90328,4472983.03886667
90329,4011306.489
90330,3610528.52683333
90331,4840379.24986667
90332,4690820.72656666
90333,4710136.03546191
90334,3834131.91563333
90335,4945600.85173333
90336,4693013.23906667
90337,4729610.52373333
90338,4695814.6829
90339,4155689.1098
90340,4551712.49725238
90341,4458843.85509524
90342,4246502.61523333
90343,4352749.8581
90344,5143332.40286667
90345,4652284.5113119
90346,4023098.27943016
90347,5199724.71844444
90348,3996488.51866667
90349,3165721.80144444
90350,4139037.61500476
90351,3959544.47777619
90352,5258756.6548
90353,3821392.92743333
90354,3769526.18505238
90355,3256280.53231111
90356,4754199.76553333
90357,4930488.80326667
90358,4678860.30843334
90359,4638491.80012857
90360,4827831.2374619
90361,3860675.65781111
90362,5124000.752
90363,4141550.89293334
90364,3784407.95003333
90365,5168828.26
90366,4449810.98963334
90367,4077091.4301
90368,5440659.65103333
90369,5180511.08103334
90370,4623967.3914
90371,3785670.03223333
90372,4409445.91584285
90373,4563394.60293334
90374,4347562.80175714
90375,3878729.05406191
90376,3992204.86446667
90377,4670498.66066667
90378,5156385.65343334
90379,4858447.6466
90380,4485140.08473333
90381,4601226.4245
90382,5232743.30676666
90383,5064045.3488
90384,4420671.84953333
90385,4752176.85046667
90386,2493033.93807143
90387,3952495.89746667
90388,4086259.52574286
90389,4005744.91766191
90390,4150315.53466667
90391,4905420.28713333
90392,5067853.0019
90393,4151765.28015
90394,4355207.66930635
90395,3813333.99137619
90396,4715462.4693
90397,5270922.88928571
90398,5273418.2285
90399,3914505.30146191
90400,3951500.33180952
90401,4765382.56246667
90402,4707481.17352858
90403,4606739.92986667
90404,4739554.90609524
90405,4688171.41706667
90406,3422083.5442
90407,3832917.83221429
90408,4498849.78176667
90409,3381317.56406667
90410,3731163.38377143
90411,5297666.426
90412,3131112.56592381
90413,3864727.64483333
90414,4518618.31786666
90415,3835913.94183334
90416,4936235.99476667
90417,4775495.15733333
90418,4430168.84545397
90419,5610955.69596666
90420,4115706.06757619
90421,2913552.20626667
90422,4614595.44223333
90423,4919983.21251905
90424,4867670.68363333
90425,4093531.27903333
90426,3853678.65313333
90427,4492238.92193333
90428,4086366.564
90429,3706914.6808
90430,2775011.29642857
90431,3869435.53540635
90432,4541295.9174
90433,4162187.30373333
90434,3219437.38033333
90435,2536062.84897619
90436,4591776.52940001
90437,4466420.3379
90438,4818610.79153334
90439,3794665.39960476
90440,3790862.32117778
90441,4107032.0775
90442,4463141.36226666
90443,3780911.91092857
90444,4705336.02363333
90445,4204559.2974381
90446,4156272.53893809
90447,4310095.29703333
90448,4062201.71206667
90449,3416968.09149524
90450,3860207.26015714
90451,4270241.92850952
90452,3981156.19673333
90453,4170406.02638572
90454,4302527.9299
90455,3794663.58245238
90456,4514720.67223333
90457,4190036.07376667
90458,2868895.63784286
90459,4420141.0372
90460,3775824.16577143
90461,3276106.8884
90462,5711709.2031
90463,2576109.78585714
90464,3710967.90211429
90465,3657782.79297778
90466,5990300.3195
90467,3833330.69176667
90468,4174766.41723334
90469,4536946.41466666
90470,4308205.4719
90471,4597939.17376667
90472,3760583.35686667
90473,5022905.03233333
90474,4194405.40313333
90475,4645167.03613333
90476,4712305.0076
90477,4151899.31167143
90478,4647341.88527778
90479,3437018.39663333
90480,4004885.44847778
90481,4343564.78737778
90482,3960494.57676667
90483,4044705.33381905
90484,4285035.4289
90485,4644142.2236
90486,3732629.23566667
90487,3764125.5359
90488,3474902.90645714
90489,4329619.98456667
90490,3606424.3825
90491,3506495.26545714
90492,3425933.28026667
90493,3495824.39013334
90494,4723233.58353333
90495,4854081.55463334
90496,3972884.93743333
90497,5139639.81133333
90498,3438573.20701429
90499,3941554.609
90500,5296022.50866667
90501,4539258.71583334
90502,4925597.07783333
90503,5718358.50923333
90504,3916593.78189524
90505,3966332.29722857
90506,4463673.7894
90507,4909423.4774
90508,3143041.22824286
90509,4802317.60663334
90510,5144720.09733333
90511,3362095.6719
90512,4424421.11416667
90513,4379176.99233333
90514,4456517.77926667
90515,4114722.67756667
90516,3457762.14416667
90517,4111142.61832857
90518,4548783.91343333
90519,3427361.60943333
90520,4375825.22903334
90521,4769615.52316667
90522,2493186.51711429
90523,3918914.73816667
90524,4207460.98542857
90525,4449597.32174445
90526,4760697.8211619
90527,3777012.11710476
90528,3931119.60395238
90529,4331180.90513333
90530,4239516.6352
90531,5356055.6154
90532,4571834.62867619
90533,5315226.57811904
90534,3962827.05012063
90535,4111432.3475
90536,4305314.05687778
90537,3181871.47453968
90538,3554184.86126667
90539,3880789.21076667
90540,3475669.06670476
90541,4183505.1723
90542,5206592.0564
90543,4235371.23712857
90544,4235741.97070476
90545,5088380.36566666
90546,4452548.2681
90547,4252085.06927143
90548,4197379.49516667
90549,3999230.79462063
90550,3861520.13953333
90551,4218966.11391905
90552,3514470.24302857
90553,4055692.0755
90554,4508944.04636667
90555,4819636.66956666
90556,4618757.06504444
90557,4434994.58615714
90558,4260255.10373333
90559,3612753.02988571
90560,4465216.94528095
90561,4064815.83604445
90562,4849941.96130952
90563,4921781.99396667
90564,4409257.02513333
90565,4259732.58527778
90566,4176958.08263333
90567,4455943.04081111
90568,4185709.51153333
90569,3437055.81666191
90570,3110514.76043333
90571,4617473.74631111
90572,4404224.9551
90573,4693970.69171904
90574,4345617.01977619
90575,4472221.1397
90576,5013723.87151905
90577,4614718.99573333
90578,4526837.06716666
90579,5199072.99793334
90580,3856434.79942857
90581,4228087.129
90582,4258101.69856667
90583,4419176.59241111
90584,4055569.6246619
90585,3226002.56003333
90586,4137458.2
90587,4207611.36637619
90588,4248191.57982857
90589,3635252.7736
90590,4589982.96583333
90591,4835787.4821
90592,3997668.19844762
90593,4996423.83573333
90594,4561610.7028
90595,3844808.51210953
90596,5125595.14836666
90597,4196936.30414445
90598,3838285.5882
90599,3932716.59780159
90600,5205036.59643333
90601,5116424.55323334
90602,5103378.27615238
90603,3286556.4
90604,4294128.06350952
90605,4790662.27043334
90606,4724754.61906666
90607,4435264.4398
90608,4329708.53573333
90609,2896150.43027778
90610,4682829.51283333
90611,4680895.98473333
90612,5067486.33913333
90613,4752321.69414286
90614,4216318.07499524
90615,4430414.60748572
90616,3400974.25643334
90617,3143041.22824286
90618,4654473.91826666
90619,4278769.44038572
90620,4793050.4158
90621,4787227.76663333
90622,3987128.45966667
90623,6349984.3048
90624,3689680.96491905
90625,3474414.89706667
90626,4519016.8658
90627,4883863.39363333
90628,4029232.76156667
90629,5033083.2833
90630,4766792.15945238
90631,3731236.40821587
90632,5121854.50473333
90633,4816795.483
90634,4192545.19992857
90635,4927899.26416667
90636,4334272.5494
90637,4226760.37011111
90638,4450531.5411619
90639,4182596.55073333
90640,5125339.53423333
90641,4314463.1871873
90642,4045075.67793333
90643,5650586.42133334
90644,3092691.15327778
90645,4288428.7651
90646,4770866.326
90647,5409774.7367
90648,4884764.8931
90649,4391536.5223
90650,4414545.09003333
90651,3497110.18260952
90652,4974404.28835238
90653,4220273.88916667
90654,4379203.0851
90655,4390764.54507301
90656,4600365.47733333
90657,3437558.23134286
90658,4696486.4314
90659,4557414.14217778
90660,3333235.68500952
90661,4130068.95986667
90662,4243841.20531111
90663,5035176.28853333
90664,5127077.09486667
90665,4098011.07793333
90666,5657926.15798571
90667,3830001.35675238
90668,4775109.61106666
90669,4219898.37894762
90670,4264930.71086667
90671,3914383.48236667
90672,5190584.31693333
90673,4559764.69426667
90674,4821364.8868
90675,5195747.4257
90676,4269559.11846667
90677,4899038.91234762
90678,4634407.00586667
90679,4639842.2049
90680,4729215.43698572
90681,4352666.83213333
90682,4271412.04336667
90683,4872793.69873333
90684,4405302.10302857
90685,4788123.02212857
90686,4983224.5825
90687,3301348.4134
90688,4197301.9514
90689,4306639.68783334
90690,3087991.56016667
90691,3683759.38005238
90692,3618721.31102857
90693,3638489.52084286
90694,5054492.14973333
90695,4803086.59943333
90696,4314651.60659048
90697,4468683.41256667
90698,4686231.5169
90699,3523144.03186667
90700,3351198.7521
90701,3995985.79606825
90702,4628011.26429524
90703,4611483.34265238
90704,2497490.4943
90705,4858748.12956667
90706,3938095.49256667
90707,3943103.3522
90708,3585654.43224286
90709,4176567.77934444
90710,4621338.51425238
90711,4583423.04281667
90712,2886423.91474445
90713,4382372.45505238
90714,4545664.17046667
90715,4319390.80043333
90716,4483422.0176
90717,4730146.69319524
90718,4377855.82536667
90719,5135028.4392
90720,3420727.926
90721,4821144.25436666
90722,4834016.3122
90723,3469014.08186667
90724,4915435.03533333
90725,5824456.7031
90726,4858158.30413333
90727,4996129.6103
90728,3047129.83320159
90729,4538467.22547143
90730,4594880.18809048
90731,4646832.05493333
90732,3240086.64641111
90733,4795748.34546667
90734,3004139.25064286
90735,4150734.03218095
90736,4632301.75656667
90737,4199166.74905238
90738,4549814.14679524
90739,5033474.55523333
90740,3902354.25851905
90741,4696054.62976667
90742,4603658.8351
90743,5019669.55786667
90744,4001438.7652
90745,4352823.55105714
90746,4833134.48792857
90747,3291914.5068619
90748,4173581.12605714
90749,4188296.33274286
90750,4623070.26436667
90751,4519457.36773333
90752,4571662.2249
90753,5109781.38233333
90754,4017518.10196667
90755,4232237.65841905
90756,4595946.12213333
90757,4121269.747
90758,5101067.92076667
90759,5473518.93403333
90760,3367883.08951429
90761,4125360.65186191
90762,4034841.21260476
90763,4283286.97873334
90764,3405863.2172619
90765,5014284.75896666
90766,4776005.03991111
90767,3783442.31003333
90768,3257635.58594444
90769,4187629.05033333
90770,4391519.87416667
90771,3983506.09419524
90772,4652697.4171
90773,5084063.41386667
90774,3093434.14466667
90775,4686217.29756667
90776,4112885.42363333
90777,3670865.61027619
90778,4330116.04126667
90779,4014814.706
90780,4528821.2258
90781,4688586.08133333
90782,4496561.69386666
90783,4963191.41663333
90784,4211115.5196
90785,4518736.60233334
90786,2758396.86167619
90787,4606361.20113333
90788,4487585.70746666
90789,4196888.98346667
90790,4213221.09205238
90791,4547337.09463334
90792,5067569.35053334
90793,6046483.01003333
90794,2772902.88548571
90795,3984328.07383333
90796,4614676.7844
90797,4982237.08233333
90798,3212423.3248619
90799,3989652.79826667
90800,4111091.80772381
90801,4228921.0829
90802,4776678.3268
90803,4222638.42086667
90804,5143015.44896667
90805,4426054.52006667
90806,4445439.41673333
90807,4372671.33996667
90808,3631322.0113
90809,4049695.72803333
90810,4360548.64886667
90811,3419436.5328
90812,5085982.27033333
90813,4605916.5141
90814,4770534.9233
90815,4581895.39053333
90816,4157480.38327619
90817,4823424.9354
90818,4077899.36933333
90819,4665806.49666191
90820,3147048.90164286
90821,4593304.3754
90822,3783503.68296666
90823,4081226.0214619
90824,4818636.33856667
90825,4392738.0713
90826,4178900.21866667
90827,4580424.74726667
90828,4595321.50013333
90829,4149803.22356667
90830,4032761.748
90831,4324840.9479619
90832,4481115.5217
90833,4545762.54093333
90834,4569343.09998095
90835,2923524.26057619
90836,4142080.94043333
90837,3876637.67969524
90838,4251240.62684921
90839,4406556.51826667
90840,4733565.76043333
90841,3950465.05656667
90842,4402802.71609524
90843,4866456.15433333
90844,4106119.63153333
90845,4035257.76029524
90846,4247852.97083016
90847,5357170.07766666
90848,4516302.2061
90849,4081998.91892381
90850,4028327.12584762
90851,4450567.7699
90852,4780200.18633333
90853,4921702.37285715
90854,4955356.5184492
90855,4940068.37976667
90856,3871347.94513333
90857,4154027.41298572
90858,4658528.36243333
90859,4310907.90386191
90860,4238791.06642857
90861,5219696.2016
90862,2784004.7757
90863,4182786.56069048
90864,4283993.7369
90865,4092777.86783333
90866,3973366.64143333
90867,4270384.1199
90868,4170172.49066667
90869,3859245.62463333
90870,4986678.71706667
90871,4841589.32083333
90872,4022809.5203
90873,5358047.25505238
90874,4881345.32766667
90875,3819526.70814286
90876,4276179.57730476
90877,4215282.40804444
90878,4085666.17997619
90879,3310346.48812857
90880,3992116.3754619
90881,4742283.3511
90882,4442327.63038572
90883,4297813.01196667
90884,5038864.7417
90885,4999709.9391
90886,4276755.6499
90887,4681129.38893333
90888,4445079.1971
90889,4784793.25386667
90890,4740104.31033334
90891,4766201.6696
90892,5698286.10616667
90893,4507702.79093333
90894,3633498.10987619
90895,3221687.56154286
90896,4634313.8137
90897,3512854.22692381
90898,4040473.38334286
90899,3812159.39293492
90900,3759731.9862
90901,2894837.20079524
90902,3958228.01641111
90903,3740321.00185397
90904,4166137.57921111
90905,4344828.9185
90906,3513275.0502
90907,5016703.132
90908,4596839.9585
90909,3875281.65553333
90910,4072142.1338
90911,3532114.7976
90912,4015717.8943
90913,4593731.33193333
90914,6144726.91113333
90915,3017407.51535714
90916,4449456.33289047
90917,5517121.77151905
90918,4823595.21496667
90919,3543779.85655238
90920,3816999.2596
90921,4387060.54756667
90922,4349974.03076667
90923,3765667.70943333
90924,5030309.1505
90925,4490039.41953333
90926,4032761.40865397
90927,4481428.73397858
90928,3847480.21268096
90929,4861840.33526666
90930,4312176.67163333
90931,4362481.65136667
90932,4781924.09053333
90933,5512529.6338
90934,3869142.2298
90935,4151706.64049048
90936,4479876.08433333
90937,4429386.8526
90938,4600376.30079524
90939,4797164.65417778
90940,5712710.72931905
90941,3871422.80676667
90942,4603080.60986667
90943,4585081.07562857
90944,4587527.31125238
90945,4315029.8641
90946,4599194.29316667
90947,4406164.74701905
90948,3465525.28449048
90949,4612809.4463
90950,4659676.106
90951,3616396.21329524
90952,4032403.93046667
90953,2900346.95641111
90954,4145932.27456667
90955,4292717.83771429
90956,4607893.76396667
90957,4872926.1951
90958,5109575.6107
90959,4686062.4435
90960,4984034.11093333
90961,6004094.18653333
90962,4242016.10321111
90963,5004516.35086667
90964,3591808.9354
90965,3582550.05951429
90966,5501596.71338333
90967,4420273.57203334
90968,4532056.74606666
90969,3559357.13639683
90970,3565546.0077381
90971,3264351.25104286
90972,4965628.6104
90973,3943188.28347778
90974,4212791.23816667
90975,4729860.641
90976,4782476.88553333
90977,4952888.8747
90978,3469237.57874762
90979,4775891.14436667
90980,3878819.69437619
90981,3977859.6429
90982,4411267.76298571
90983,4331748.52943333
90984,4411252.86673334
90985,3753901.98846667
90986,4759016.53546191
90987,3731263.96223968
90988,4893725.25381428
90989,4645490.81656667
90990,4251952.81273334
90991,4728934.9803
90992,4841186.19076667
90993,4336044.16606667
90994,4386568.63246667
90995,4160072.23836667
90996,4320530.83904445
90997,4472181.5793
90998,4906510.48106666
90999,4988415.59776667
91000,4138799.20576666
91001,5035849.63336667
91002,4701174.11336666
91003,4264192.53066667
91004,4114191.84811429
91005,5020674.9077
91006,3623989.66820476
91007,4274157.95076667
91008,4394984.35226667
91009,4411073.42558572
91010,4747216.11516667
91011,4883760.60186666
91012,3132716.88973333
91013,4664289.14533333
91014,3170809.9763
91015,4858920.04438571
91016,4398203.6977
91017,3416944.44797143
91018,3866288.23964445
91019,4273093.01939048
91020,5003932.02206667
91021,4617773.37846667
91022,4291610.43240476
91023,4454261.73103809
91024,2483296.98007619
91025,4702007.64526667
91026,5029189.57936667
91027,3199795.30440952
91028,4408493.38720476
91029,4147078.29066667
91030,3868874.26256667
91031,4071528.02673334
91032,4828090.86613333
91033,3766056.6917
91034,4533659.78136667
91035,4253579.77823334
91036,4597242.1431
91037,5136371.42023333
91038,4790782.54003333
91039,4663788.95136667
91040,4637319.9316
91041,3984067.79996667
91042,5353888.77479682
91043,3966171.59496667
91044,4322696.5798619
91045,4763054.46396666
91046,3845600.23558095
91047,4092089.876
91048,4272164.54951111
91049,4352613.85584286
91050,4025363.1731
91051,4113533.55366666
91052,4781498.5995
91053,4409364.50013333
91054,4156737.3118
91055,4831191.36576667
91056,4031670.18953334
91057,4020252.46553334
91058,4400210.32715238
91059,3861682.6597
91060,3668112.66527778
91061,4915725.37223333
91062,4475753.11036667
91063,5108364.3083
91064,4193928.8629
91065,4004387.9107
91066,4186881.91746667
91067,4533815.36169524
91068,4383769.39526667
91069,2841066.00329524
91070,3759546.44752381
91071,4991851.1251
91072,4316717.57193333
91073,4131831.3382
91074,4218387.80642857
91075,3977363.41313334
91076,5185015.93494444
91077,4467281.90863333
91078,4520375.14157778
91079,3918621.5957
91080,4229573.49786667
91081,4396082.7382
91082,5033100.52696667
91083,4533896.02546666
91084,4688153.98216667
91085,3795347.84647143
91086,3562848.38305714
91087,4157027.8939
91088,3311584.51251429
91089,4548988.40843333
91090,4345932.93223333
91091,4514721.40456666
91092,4301585.30965714
91093,3935555.3239
91094,5337667.65199524
91095,4755511.35836667
91096,3837434.16243333
91097,4154417.0068
91098,4090946.31454286
91099,3936190.9419
91100,5188959.30341905
91101,4263666.69846667
91102,4146134.88056666
91103,3189277.61314444
91104,4825048.98746667
91105,3797694.29831429
91106,3904633.60778095
91107,3236563.08471429
91108,3700362.94251111
91109,4371150.9262
91110,4262697.9788
91111,4344060.88363016
91112,3836296.66
91113,2925100.36921111
91114,4936589.013
91115,3896021.28446667
91116,4201485.96452857
91117,3409664.73565397
91118,4442033.24719683
91119,4237525.37016667
91120,5195979.25806666
91121,3978299.74920952
91122,5333635.6961
91123,4199206.31228572
91124,5659804.86591905
91125,4754210.21366667
91126,3964585.26196667
91127,4474445.73036666
91128,4451582.33663333
91129,3612100.10610953
91130,4308720.40926667
91131,4606007.546
91132,5256608.13106667
91133,4883905.83256667
91134,3763304.05106667
91135,4399482.3206
91136,4272610.27966667
91137,4731708.10143333
91138,3635741.34333334
91139,4823775.01703333
91140,4781603.08319524
91141,4832173.16
91142,3931833.35383333
91143,4211095.31863333
91144,4817077.39256667
91145,4256646.562
91146,4296702.6661
91147,4395714.7917
91148,3978921.11503333
91149,4536307.82203333
91150,4771766.7053
91151,4349567.96206667
91152,4858293.0297
91153,3880288.55537143
91154,3898035.62120476
91155,4582089.3117
91156,5502852.62893334
91157,4987351.61373334
91158,4543810.78417778
91159,4548603.0161
91160,5248778.07563333
91161,4179851.5074
91162,4617556.60576666
91163,4812390.5078
91164,4858148.65426667
91165,4533560.26439524
91166,4834208.55826666
91167,4145191.41197143
91168,3984572.4164
91169,4028374.53096667
91170,4751977.90616667
91171,3796918.59339524
91172,4050115.15107619
91173,3445571.81587778
91174,4193460.8077
91175,4763395.5974
91176,4613747.56573333
91177,4677391.52483333
91178,4074698.19976667
91179,4420476.44286667
91180,4586637.87797778
91181,4088488.32371111
91182,4207935.66295714
91183,3887447.60246191
91184,3392887.75706667
91185,5144834.81693333
91186,4928783.68236667
91187,4003046.61623334
91188,4694778.96614444
91189,4955917.9687
91190,4770935.02603333
91191,4083630.0752
91192,3813783.83838095
91193,4095831.1185
91194,4506060.62828095
91195,3731751.03879524
91196,4323120.94926667
91197,3428858.46061429
91198,3146737.45753334
91199,5024001.8476
91200,5099437.44796667
91201,3785972.5198
91202,5085709.50146667
91203,3893316.91468572
91204,3842574.20276667
91205,4764708.39926667
91206,3616546.27788095
91207,3989093.60149048
91208,5802534.03296666
91209,3457231.50868095
91210,4423982.399
91211,4751904.83336667
91212,5394038.42473333
91213,3484118.02640476
91214,4082196.70799524
91215,4596648.062
91216,5021947.65663333
91217,4299440.33766667
91218,4788943.2899
91219,3659284.02883333
91220,4569889.51043333
91221,4391037.5188
91222,4070482.79919048
91223,4055458.81903333
91224,4431498.0886
91225,3716160.02593334
91226,4900693.21303333
91227,4308299.64206667
91228,4450515.4469
91229,4956097.90351904
91230,5217132.08046667
91231,4704041.7481
91232,3889909.8557
91233,4281888.02123333
91234,3938721.35806667
91235,5146417.72146666
91236,4515177.297
91237,4594144.40612857
91238,4583466.18640952
91239,4719723.00926667
91240,4039905.86784286
91241,4347188.83816667
91242,4205100.95916667
91243,3729972.03663333
91244,4060190.68056667
91245,4324267.91316667
91246,3953495.40213333
91247,4348885.1907873
91248,4772970.19116667
91249,4941245.7116
91250,4120135.993
91251,3844519.31647619
91252,4804080.90346667
91253,4549702.07634445
91254,4777343.96494444
91255,3513995.04574445
91256,4788180.27846667
91257,4121762.9154
91258,4568895.6164
91259,4373406.66571905
91260,4007538.39001111
91261,4074564.6296
91262,4719749.21863333
91263,4133193.67062857
91264,4804776.87472381
91265,3002666.24193492
91266,4214667.55975238
91267,3576842.85603333
91268,4578253.62726667
91269,3529820.05256667
91270,3902949.15429524
91271,5089484.7983
91272,4537245.19126667
91273,4711260.4928
91274,4269985.67096666
91275,4123290.46933333
91276,4279981.73232857
91277,4283249.6754
91278,3920929.35491905
91279,3376835.9149619
91280,4730542.8291
91281,3868865.75226667
91282,4637291.71203333
91283,3822465.61072381
91284,3614994.07590952
91285,3903858.45697778
91286,4088701.4817
91287,4263326.76016667
91288,3998634.48566667
91289,4899644.76706667
91290,4040014.39480476
91291,3564363.38314444
91292,3639013.54526667
91293,4112844.47723333
91294,4462069.81293334
91295,3948279.5011
91296,4071032.49716667
91297,4009312.34019524
91298,4440796.74892857
91299,4257049.86026667
91300,4184747.29963333
91301,4942908.43805714
91302,5093063.24886667
91303,4228597.70352381
91304,5170322.7918
91305,4649382.69855238
91306,4522574.01420476
91307,4361859.81172381
91308,3859129.24696191
91309,5158514.68322857
91310,4423391.1379
91311,5090175.4638
91312,4337964.95856666
91313,4700392.47996666
91314,3020705.1633
91315,4054728.18455714
91316,4675762.50403334
91317,3434482.083
91318,3963343.2794
91319,3943181.34323334
91320,3771221.02323333
91321,3927237.37306667
91322,4067041.76400953
91323,4687107.91676667
91324,4235036.96252381
91325,4544529.60457619
91326,3534953.97323334
91327,4466520.9668
91328,4643708.35406191
91329,4635734.23836667
91330,4639245.86696667
91331,2868936.87509524
91332,4061977.18116667
91333,2864624.00239524
91334,4179793.03871111
91335,4569492.0478
91336,5461840.34886666
91337,3973417.04861111
91338,4856581.48873333
91339,3663288.659
91340,4018501.54956667
91341,4527979.61513333
91342,4853118.6457
91343,4084291.9343
91344,3427812.46594286
91345,3564598.079
91346,4082102.0269
91347,4904189.0507
91348,3619593.07604286
91349,5725006.4527
91350,4534206.10516667
91351,3996219.55256667
91352,3569926.70024286
91353,4255254.27493333
91354,5370741.2807
91355,4095249.11947778
91356,4025866.0375873
91357,4472186.28803333
91358,4685200.1495
91359,4503799.6849
91360,3859585.32560476
91361,4556968.51963333
91362,4074314.5136
91363,3792899.41249524
91364,4787189.58411905
91365,4715603.8819
91366,5444681.49733333
91367,3272993.21204444
91368,5174673.2363
91369,4390466.59256667
91370,4358168.8185
91371,4833933.3743
91372,3321207.1762381
91373,4039757.21486667
91374,4193525.5383
91375,4304955.45473333
91376,5035785.69316667
91377,4097278.33636667
91378,4073139.58356667
91379,4415399.0076
91380,4032292.52266667
91381,4158609.21576667
91382,4507972.68787619
91383,4678750.65513333
91384,3455983.471
91385,4250094.0374
91386,4403038.98741667
91387,3491349.0038
91388,4639399.621
91389,4335348.1101
91390,3696686.23380952
91391,4522985.14266666
91392,3931380.11543333
91393,4538500.28166667
91394,4355312.37963333
91395,4993523.51156666
91396,3248760.19199524
91397,4164539.05428096
91398,4550446.68783333
91399,4028244.76137619
91400,4426941.59353333
91401,3769456.95181429
91402,4197893.22876667
91403,4281780.09613333
91404,5303336.03836667
91405,5075200.64126667
91406,2743283.96214444
91407,4391564.66134444
91408,4276966.91267302
91409,4859656.19056667
91410,5119685.86193333
91411,2920678.49810476
91412,4631703.05799524
91413,3636070.37646667
91414,4151624.69053334
91415,4331649.24693333
91416,4050385.8674619
91417,4770292.46076666
91418,5134462.79936667
91419,4459361.81563333
91420,4740479.0231
91421,3780470.92346667
91422,4855116.00012857
91423,4281508.2262873
91424,4201786.40103333
91425,4556626.97400952
91426,2600336.40037619
91427,4864620.96396667
91428,2616787.70740953
91429,4299785.72186667
91430,3578834.36381111
91431,3927207.37146667
91432,3191553.67257143
91433,4654370.68583333
91434,3977859.6429
91435,4721170.3106
91436,4492109.1842
91437,3628983.17246667
91438,4344175.17417143
91439,4306177.9809
91440,5043069.6175
91441,4274403.50146667
91442,4765196.01173334
91443,4552545.79344286
91444,4361493.18223333
91445,3401350.68754762
91446,4080697.67233333
91447,4243285.84189048
91448,3880287.58207778
91449,5702849.75866667
91450,4761633.31823333
91451,4027717.7343
91452,3997103.12555873
91453,4095576.68706667
91454,4447260.92236667
91455,4832399.6385
91456,4943836.55603333
91457,4398311.84084445
91458,4028458.0102
91459,4252784.8968
91460,4319931.63076667
91461,5737375.6647
91462,3496108.7872
91463,3706004.36503333
91464,3348502.91815238
91465,3823410.79863333
91466,3803876.942
91467,3398539.45685397
91468,4364114.20303333
91469,5586060.39736667
91470,5025012.72633334
91471,4298719.58556667
91472,4210432.11796667
91473,3811151.78924286
91474,4046520.25876667
91475,4822866.31036667
91476,3933810.37403333
91477,4632189.07944444
91478,4048774.38703334
91479,4169313.30293333
91480,4492939.78309048
91481,2930537.77013333
91482,5495267.03556667
91483,5034657.65833333
91484,3360755.10513333
91485,5608123.5661
91486,4451396.5565
91487,4876164.56013333
91488,3219437.38033333
91489,4865335.88886666
91490,4540344.58836191
91491,3385858.69759524
91492,4752334.73913333
91493,4761931.06286666
91494,4268982.97573334
91495,4203113.58326191
91496,4380744.54733333
91497,4301151.81906667
91498,4406461.91616667
91499,3942821.21096667
91500,4659109.21998571
91501,4112553.74027778
91502,5087536.5813
91503,4531893.51656667
91504,4328160.56462857
91505,4469816.16927778
91506,4229803.42186667
91507,2614103.26887143
91508,4308281.6208
91509,4525643.806
91510,3934171.83295397
91511,4032773.80294444
91512,4264484.35208572
91513,4652947.47541905
91514,2631971.4758
91515,4900274.35563333
91516,4759641.82257778
91517,4815594.24603333
91518,3652932.89532064
91519,2778985.84597619
91520,4163651.43385238
91521,4484672.90263333
91522,4797870.48656666
91523,4011026.0469
91524,5172324.5989
91525,4506912.60603333
91526,3080987.34493334
91527,4316647.96189524
91528,3961603.45044286
91529,4915898.90476667
91530,4466705.56096667
91531,4527692.46626667
91532,4793992.6462
91533,3786331.31424445
91534,4641676.00166667
91535,3390974.1946873
91536,4517909.6465
91537,4259940.69757143
91538,3895377.67277619
91539,4500232.41196667
91540,4054821.6705
91541,4539384.61333333
91542,4592288.8326
91543,3991850.23529048
91544,4169521.98931111
91545,4254858.10666667
91546,3783591.34342063
91547,4800766.965
91548,3692724.49309048
91549,4054971.18843333
91550,3641405.38536667
91551,4439844.27906667
91552,4819681.36246666
91553,4760407.2934
91554,3849460.27619683
91555,4242782.84936666
91556,3522077.30290952
91557,3867071.60286191
91558,4370449.82350952
91559,5008245.79806667
91560,4411643.4133
91561,4772128.3931
91562,4032326.28923333
91563,4902064.5319
91564,4536890.98208333
91565,5247125.4301
91566,4403064.3746
91567,3919340.53126667
91568,3749504.99046667
91569,4649060.8941
91570,4042346.43060476
91571,4518731.09209524
91572,4286986.62526667
91573,4672590.94435238
91574,4349308.25203333
91575,3724720.3641
91576,3163619.83001905
91577,4309118.96366667
91578,3051609.56256191
91579,3779322.6889
91580,5320323.11083333
91581,4140817.0743
91582,3924960.25666667
91583,4802146.87383333
91584,4702161.23467619
91585,2883235.487
91586,4090201.41166667
91587,4335791.71913333
91588,4918620.6658
91589,3664604.4155
91590,4797818.93992857
91591,3815497.79626667
91592,3617592.45486349
91593,4637849.086
91594,5152454.62153333
91595,4655736.56766667
91596,4966221.71306667
91597,4080254.97758571
91598,4380255.26816666
91599,3797919.31123333
91600,3938638.2603
91601,4231062.9627
91602,4545205.8486
91603,4240146.73587778
91604,4475866.17623333
91605,4137290.3112
91606,4092873.32165714
91607,5307773.65533333
91608,3929993.92117619
91609,4327455.2126
91610,4676090.76074444
91611,3648426.74185714
91612,5011542.46290476
91613,4806115.58443333
91614,5540029.15293333
91615,4891661.57186667
91616,3970254.87120476
91617,4436349.78213809
91618,5043772.43674445
91619,4109021.09132381
91620,4921542.4957
91621,4128656.95427619
91622,4674770.86473333
91623,4711308.16666667
91624,3702950.4161
91625,4121701.11743333
91626,3726543.03276667
91627,4679325.7704
91628,4356099.78796667
91629,4324317.73343334
91630,4820474.5076
91631,4882812.8086
91632,3855684.4827
91633,4688675.41556667
91634,4412405.6308
91635,3668822.4256873
91636,4710322.29057143
91637,4887903.2115
91638,4438255.93473333
91639,4823855.3582
91640,4521112.70151905
91641,4129349.09092381
91642,4665942.79516667
91643,3748055.31609524
91644,4349114.17256667
91645,4723470.8538
91646,4795115.88873333
91647,4678803.4622
91648,5022215.51556666
91649,2854396.43733333
91650,4139895.2674
91651,3837546.34316667
91652,4671413.72546666
91653,4594469.48483333
91654,4940868.15457777
91655,4795055.8675
91656,5434434.39251905
91657,4744825.1328619
91658,4919071.992
91659,4361826.22483334
91660,4912497.4548
91661,4030980.09536667
91662,3633766.58973333
91663,4366849.57873333
91664,3661362.16259048
91665,5047524.1101
91666,5210298.68573333
91667,4871981.64941111
91668,3050187.9119
91669,3196068.5045873
91670,3790948.48958254
91671,4097570.23199524
91672,2555963.06876667
91673,3597678.93537619
91674,5084073.46589524
91675,3718483.9558
91676,4649391.34776667
91677,4291569.24973333
91678,4803836.48213333
91679,4754189.49503333
91680,3609294.37747619
91681,3427472.87437619
91682,5096530.79256666
91683,2942743.81372064
91684,5325221.12237619
91685,4498921.11603968
91686,4467940.71200952
91687,4248304.42461905
91688,4257543.2495619
91689,4348885.1907873
91690,4839110.02953333
91691,3984947.7073
91692,4976355.8126
91693,3748298.25096667
91694,4299936.5526
91695,3817257.57201111
91696,4306296.038
91697,4489959.4155
91698,4244577.0981
91699,4769004.6518
91700,4473789.8476
91701,3554611.64429524
91702,3887961.12772857
91703,4552151.86623333
91704,4458484.2533
91705,4223063.97584444
91706,3260382.89666667
91707,4690455.99192857
91708,3715323.64693333
91709,4559938.0622619
91710,4011863.17709524
91711,5164424.55946667
91712,4490462.0893
91713,4136219.05695714
91714,4871899.95493333
91715,3924772.68190952
91716,3578923.54943334
91717,4577642.09133333
91718,4022404.56914445
91719,3464805.50335873
91720,5068450.23446667
91721,5154265.04806667
91722,4412932.15601111
91723,4811543.46746667
91724,4244717.48827619
91725,4228842.45885
91726,3878882.91767778
91727,4048733.70263334
91728,4227378.3359
91729,2979464.72392381
91730,4150602.0437
91731,4637529.81293333
91732,4767179.70463333
91733,3854349.06093333
91734,4660860.59335238
91735,4233638.15126667
91736,4549130.85746666
91737,3816229.15659682
91738,3159619.61175873
91739,4205633.66893333
91740,4500612.72531111
91741,3959533.41191111
91742,5397390.04348571
91743,4412361.1597
91744,4814231.6361
91745,4596350.32201904
91746,3067863.86900159
91747,3862926.87413333
91748,4836099.26083333
91749,5507934.72753333
91750,4423599.00473334
91751,3443361.15840952
91752,3948522.4731
91753,4211242.7728
91754,3909893.5948
91755,4503205.381
91756,4601673.9306619
91757,4912126.74746667
91758,3621830.88656667
91759,4675181.1029
91760,4437103.25973334
91761,4504240.20940952
91762,3863785.90620476
91763,5496188.90943333
91764,4185748.66323333
91765,4116901.59346667
91766,5174038.64846667
91767,4804530.42236667
91768,5206548.0606619
91769,4609961.8271
91770,4601032.68296667
91771,4753537.52896667
91772,4112511.73273333
91773,4325737.15623333
91774,4708085.7368619
91775,4775724.30317143
91776,4331440.8976
91777,4258855.50486667
91778,4073928.70997778
91779,4989987.10123333
91780,4519146.9046
91781,4442877.40463333
91782,4147184.96915714
91783,4142092.66695714
91784,5094978.99753333
91785,3829595.84173333
91786,5002217.58016667
91787,5207359.30936667
91788,5313393.24013333
91789,4219140.8517
91790,4704043.1602
91791,4019146.6444
91792,5055899.75796667
91793,4485639.2511
91794,4639273.02866667
91795,4505499.35363333
91796,3725383.4378
91797,4153815.18
91798,4685494.185
91799,3445953.93289524
91800,5087270.1843
91801,5360284.40621905
91802,4337597.0464
91803,3823259.90193333
91804,3792432.4114
91805,4519146.9046
91806,3795667.47797619
91807,4137722.66542857
91808,4283255.93715714
91809,3703521.52971111
91810,4649246.43670952
91811,3698985.48634286
91812,4237809.18373333
91813,4648005.88436667
91814,3913982.50426667
91815,4041120.15736667
91816,4541950.92926667
91817,3152041.97121429
91818,4092210.22533333
91819,4088758.2575
91820,4621338.51425238
91821,4717815.6845
91822,4679861.55489048
91823,4628306.7935
91824,4292697.01188571
91825,5108148.85686666
91826,4616587.57466666
91827,3954209.5657
91828,4080609.86666667
91829,5356681.46333333
91830,5019105.25016666
91831,5083537.56736666
91832,3858607.76205873
91833,4084491.91764285
91834,4171772.99633333
91835,4167829.3329
91836,4417669.84903333
91837,4018120.91536667
91838,4113044.5056
91839,4139399.74143334
91840,3564052.56593334
91841,4275665.25333333
91842,4100761.82037619
91843,4751630.67866667
91844,4764065.63296667
91845,4078603.33850952
91846,4797119.82703333
91847,4469918.33896667
91848,2852922.50900476
91849,4370677.69336191
91850,3974472.52824444
91851,3340882.82385714
91852,5200574.1052
91853,4195777.7663619
91854,3933568.06284286
91855,4093458.83084444
91856,3852185.79767143
91857,4793566.18903333
91858,5692151.36463333
91859,3910254.37128571
91860,3915931.1157
91861,4477117.81277619
91862,4707233.12113333
91863,3786897.64513334
91864,2956131.37281111
91865,4469744.63241905
91866,4414983.53967619
91867,3407223.57617619
91868,4369383.60756667
91869,4006469.14689048
91870,4720163.2898
91871,4341676.18117143
91872,4556049.69033333
91873,4263715.78122857
91874,4353037.7516
91875,4436000.4241
91876,4117681.67643334
91877,4569131.90273333
91878,2831592.88783492
91879,5628296.5882
91880,3601775.0703
91881,4613989.04133334
91882,4513809.80993334
91883,4808305.94776666
91884,4467029.28576667
91885,4002134.84076667
91886,5308501.15586667
91887,4303732.18466667
91888,3610528.52683333
91889,4464337.4486
91890,4340531.5634
91891,4373193.94113333
91892,4076382.7103
91893,4443417.94783333
91894,3648548.46836667
91895,4861422.42722857
91896,2800928.60400953
91897,3671395.75668254
91898,4112378.52646667
91899,4759558.90852381
91900,4791834.05238333
91901,4588215.01853333
91902,4358802.04556667
91903,3914456.61686191
91904,3399116.36411111
91905,5031763.93043333
91906,5019455.0667
91907,4317777.38516667
91908,4588854.7832
91909,4532454.93385
91910,3887557.30928254
91911,3373784.75122857
91912,4627662.15073333
91913,3632052.2769
91914,3550510.17343333
91915,3958619.34763333
91916,4170758.74983334
91917,4322827.33443333
91918,4367649.05326666
91919,5621441.07815238
91920,4266540.77573333
91921,4394368.03
91922,4459266.8956
91923,4062745.82256667
91924,4376094.86563333
91925,3919805.29716667
91926,4479217.83763333
91927,4452595.50213333
91928,3208976.68439524
91929,4340188.3719
91930,3418094.78547619
91931,4291819.68059048
91932,5092968.89976667
91933,3599525.81286667
91934,4106526.50483334
91935,4866045.17153333
91936,4218135.13236191
91937,4965954.06211905
91938,4314429.54536667
91939,5823770.22033334
91940,3381349.9997
91941,4750999.642
91942,4305470.79
91943,4417264.18143333
91944,4079281.0262
91945,4703620.32616667
91946,4775874.15192857
91947,4286806.8468
91948,5086258.267
91949,4359144.955
91950,4293096.14986349
91951,4323980.2222
91952,4226793.14253333
91953,5377216.81976667
91954,4980434.09213333
91955,4358713.05086667
91956,4646257.84246667
91957,4027495.2126
91958,4037499.29258254
91959,4330217.09313333
91960,3664827.4427873
91961,4223466.36254286
91962,4199313.55456667
91963,4662363.03053333
91964,4504461.32934286
91965,4554516.90053333
91966,4213425.56619048
91967,3848176.71393334
91968,4677024.96948572
91969,4817194.4487
91970,4206265.96823333
91971,4094812.4695
91972,5105731.03756667
91973,4729871.18686667
91974,3963019.80257778
91975,3892556.41740476
91976,4286180.0149
91977,3412247.46017619
91978,5541462.3665
91979,4548976.31103333
91980,4347235.30091429
91981,4653151.53103333
91982,3589800.60994762
91983,4571001.37270635
91984,3869199.30959524
91985,5303503.9749
91986,5169049.83603333
91987,4075282.97756667
91988,3899146.28332857
91989,3625866.31588095
91990,3117389.85837619
91991,4076128.8464
91992,4272040.077
91993,4717252.4698873
91994,4168780.7807
91995,4164540.32876667
91996,3964542.62053333
91997,5624103.47243333
91998,3774352.72953333
91999,4230092.03433334
92000,4814277.00092857
92001,5201833.7296
92002,5073515.4755
92003,3860900.08906191
92004,4079726.75793334
92005,4231248.01316667
92006,4179107.5814
92007,3822843.67133334
92008,3957516.13273334
92009,4531777.96186666
92010,4899510.68413333
92011,4856781.2623
92012,3161672.40194286
92013,3693250.2431
92014,4844508.44
92015,4035985.1089
92016,4122025.2265
92017,4832023.77586667
92018,3753630.5610619
92019,4385559.59187619
92020,3928034.45286191
92021,5414515.72783333
92022,4278272.2969
92023,4289326.215
92024,4020492.5483
92025,4856209.7768
92026,2440346.55334286
92027,3546974.2263
92028,5093431.4603
92029,4078157.0837
92030,4212906.57756667
92031,4348492.0568
92032,3472088.4168619
92033,4144479.41521428
92034,4595611.25713333
92035,4452319.1493
92036,4108011.92073333
92037,4242445.1897
92038,5483528.3753
92039,4780992.61226667
92040,3854591.82576667
92041,2707530.93460476
92042,4428964.71008572
92043,4160517.95029524
92044,4292199.5767
92045,5065644.83703333
92046,4486142.6866
92047,2931477.52536667
92048,3578675.97319524
92049,3671311.12083333
92050,4086843.95306667
92051,5079429.2376
92052,4067810.72317143
92053,3786850.29013334
92054,4475130.97133334
92055,4488266.7258
92056,4319048.88546667
92057,3880535.85660476
92058,4078804.93483333
92059,4541128.2553
92060,5446116.75293334
92061,5889010.4085
92062,4255133.43286666
92063,4072738.29287619
92064,4063409.89913333
92065,4439356.35976667
92066,4306321.14116667
92067,4783512.37093333
92068,3860829.81282857
92069,5424099.4316
92070,3929186.6123
92071,5131889.62506667
92072,3151536.13440952
92073,5044295.8013
92074,4532692.47536667
92075,4715086.888
92076,4984108.02953333
92077,4648102.03469524
92078,3253665.43207619
92079,5336439.75981904
92080,3937047.99977619
92081,4373770.62086667
92082,4161747.14663333
92083,3647367.18934921
92084,4079946.10500476
92085,3990011.17033333
92086,4659881.47786667
92087,4133247.68501111
92088,5268948.5997
92089,4161063.39753333
92090,4403423.13716667
92091,4317928.58386667
92092,3942866.50486667
92093,4236765.87693333
92094,3919811.9564
92095,3800527.158
92096,3817407.44886191
92097,4657436.42783333
92098,4090030.6835
92099,4198691.86486666
92100,4275479.40734444
92101,5094663.75056667
92102,4680135.38883334
92103,4382263.50286667
92104,4618004.70986667
92105,4258822.39443334
92106,4216044.07546667
92107,4923581.934
92108,3924836.53366666
92109,3601384.21633333
92110,4607623.2838
92111,2699693.15027619
92112,3820785.1444254
92113,3675457.92456667
92114,4216561.39981428
92115,3540766.94324444
92116,4473206.86204286
92117,4420240.15296667
92118,4033389.81463333
92119,4316804.74336667
92120,4335540.82046667
92121,4817896.4818
92122,4493470.33276667
92123,4714176.1014
92124,4987625.37906666
92125,4760759.74976667
92126,3927887.55533333
92127,4130631.67776667
92128,4577057.5214
92129,4650731.06012381
92130,4119034.60243333
92131,3718489.98140953
92132,5157793.31486666
92133,4349273.17379524
92134,5061187.29646666
92135,4370940.4737619
92136,5014459.54043334
92137,4930388.70013333
92138,4628074.628
92139,4807398.99593333
92140,4666829.39626667
92141,4111557.79629524
92142,4498201.45831905
92143,3865642.63359524
92144,4054832.91974444
92145,4540819.51803968
92146,4277036.5306
92147,3983017.14613333
92148,4907913.79983333
92149,4869261.52686667
92150,4615271.34973333
92151,5478167.83165238
92152,3534218.36346349
92153,5695123.48933333
92154,3514269.3371
92155,4048737.19073333
92156,4078838.32894445
92157,4295622.02881111
92158,4125893.93222857
92159,4262145.72336667
92160,4132256.8086
92161,4104748.37393334
92162,3903193.43079524
92163,4862771.622
92164,4014202.31606666
92165,4216021.719
92166,4971208.7118
92167,4343345.07276667
92168,4571607.44633333
92169,4474401.62601905
92170,4618904.32423333
92171,4473772.71896667
92172,3622199.12922857
92173,3171214.84082064
92174,4175998.52136667
92175,4322706.84996667
92176,4485697.06026667
92177,4509286.9349
92178,4855708.54766667
92179,4736149.90956667
92180,5120604.35453334
92181,4066582.72106667
92182,2877875.97684921
92183,4767189.9483
92184,4023323.1195
92185,4444713.12813334
92186,5008171.36104762
92187,4022558.1879
92188,4944409.99469047
92189,3720014.02454286
92190,4530043.79836666
92191,4616002.73666667
92192,5035580.90381429
92193,4224735.4222
92194,3296658.45059524
92195,4019720.21567778
92196,4604195.93783333
92197,4140469.91602381
92198,4874534.79561428
92199,3636813.45137143
92200,3197592.92142857
92201,4379328.8467
92202,4441060.81457778
92203,4229233.04210635
92204,5004153.72903333
92205,3332250.14630476
92206,4053713.32970476
92207,4041131.74366667
92208,4473135.56399048
92209,4054208.26786667
92210,4786975.1842
92211,5373987.98663334
92212,4986064.43299524
92213,3753528.1643
92214,4203053.10203333
92215,4917773.55232857
92216,5245208.49712857
92217,5098691.57023809
92218,5013797.0008
92219,4937650.09756667
92220,2759132.31567619
92221,3854349.06093333
92222,5023894.7943
92223,4479209.2536
92224,4420004.78056667
92225,3880830.97893333
92226,4087996.03283334
92227,4790366.55086667
92228,4453400.7414
92229,4410753.66447619
92230,5717610.6713
92231,4731938.4755
92232,4781596.172
92233,4445299.2788
92234,4414940.01423333
92235,4368006.09057619
92236,4290811.19724286
92237,4369049.63363333
92238,3953434.01455238
92239,4263029.0701
92240,5152329.68607778
92241,3802518.49863968
92242,4589249.03786667
92243,4969022.01736667
92244,4195474.3451
92245,4355427.55121905
92246,4185281.86186667
92247,4184241.8659
92248,3633668.59037619
92249,4368255.06376825
92250,4585649.14
92251,4197436.595
92252,3801871.61033334
92253,4476004.3308
92254,4672023.9197
92255,4680861.78033333
92256,4285058.79903334
92257,4751696.4719
92258,4398554.4932
92259,4535788.76116666
92260,3806604.3312
92261,3670287.51586667
92262,3650702.67276667
92263,4376752.56266667
92264,4220860.22363333
92265,3794375.61467778
92266,4943389.7202
92267,4439624.88500952
92268,3168260.36076667
92269,3632158.92613334
92270,3845659.54773333
92271,3438170.16259524
92272,3401414.2803
92273,2404193.29339048
92274,4549155.05786667
92275,4765584.84296667
92276,4455126.41886667
92277,4735577.50736666
92278,5071486.14176667
92279,4577904.58774762
92280,4646029.37713333
92281,5219948.65843333
92282,4518968.07426667
92283,3949384.47156667
92284,4191434.40086667
92285,4743733.21598572
92286,3717823.6222873
92287,4260036.51262857
92288,4746031.71026667
92289,3890948.71300953
92290,4530184.72713333
92291,4357664.54873333
92292,4539961.5096
92293,4243140.71353333
92294,3795573.81016667
92295,5348254.10126667
92296,4419607.87315714
92297,3490610.97403333
92298,3143651.2737
92299,3965076.55319524
92300,3909282.48356667
92301,3920896.10283334
92302,4378090.75981111
92303,4102257.94206667
92304,3703517.35357143
92305,4602656.03813333
92306,4546029.4612
92307,4052884.80801428
92308,4170646.31023333
92309,5687083.26493333
92310,4774519.58149048
92311,3217637.21724286
92312,4080062.53446667
92313,5778888.49803333
92314,4726470.28626667
92315,4536681.83113333
92316,3220915.37417619
92317,4802744.50853333
92318,4639733.6869
92319,5337666.95693334
92320,3845376.66009524
92321,4562077.45223334
92322,3898983.48912857
92323,3541651.7859
92324,4585361.61403333
92325,3758532.19773333
92326,2926465.36828095
92327,4139852.2612619
92328,4684647.55006667
92329,4970602.36964286
92330,4784801.2299
92331,3236958.79235715
92332,5644919.1859
92333,4193942.01644445
92334,4841404.12303333
92335,5542614.0108
92336,3543686.63869524
92337,4284185.25953333
92338,3404367.0533619
92339,5160279.01663334
92340,3176603.48787619
92341,2771312.2893
92342,2721605.56569683
92343,4185001.0483
92344,4630753.91816667
92345,4674725.38216667
92346,4481268.7955
92347,5149192.37676667
92348,4570447.57346667
92349,3941292.45686667
92350,4160662.5868
92351,3123425.37714286
92352,5213009.76246666
92353,3953713.22221905
92354,3361274.00654286
92355,4661218.14738333
92356,3784648.20857778
92357,6104372.77403333
92358,4944052.49678571
92359,4890290.72373333
92360,4574188.47917778
92361,4608026.42587619
92362,3970099.68291111
92363,4316148.08633333
92364,4955134.5493
92365,4151509.58693333
92366,3450128.4306
92367,4341330.23584445
92368,4447870.7897
92369,4183158.3603
92370,3676767.16373334
92371,4865087.75196667
92372,3079695.99753333
92373,4808434.08793333
92374,4863321.3459
92375,4807604.09723333
92376,4776222.1671619
92377,3587745.57104444
92378,4116829.77126667
92379,3837428.98131587
92380,4069482.6838
92381,3891606.84363333
92382,4832000.6044
92383,4932785.65883333
92384,4725051.21566667
92385,4744649.89303333
92386,5186547.54336667
92387,4114909.5986
92388,4356304.42884445
92389,4137704.03296191
92390,4164265.1803
92391,4097849.24878095
92392,4323104.88506667
92393,4394128.83216667
92394,4297768.36816667
92395,3603738.81553016
92396,4775884.3481
92397,4272843.90362857
92398,4471979.13326667
92399,4043648.88750476
92400,4486273.3771
92401,4258436.89326667
92402,4845481.94969524
92403,4128276.76653333
92404,4807887.4989
92405,4537677.94825238
92406,4120814.2407
92407,4144134.85743334
92408,4808560.67436667
92409,4775181.9272
92410,3815705.25443333
92411,5504523.03276667
92412,4372634.9442
92413,3220664.73167619
92414,4790455.60326667
92415,3716309.00837619
92416,4390851.63163333
92417,5064989.25066667
92418,4265383.9846
92419,4763453.71463333
92420,3042249.07082064
92421,3987596.36422857
92422,4502001.17476667
92423,4003380.181
92424,4724282.3104
92425,4095364.2449619
92426,3954395.23786667
92427,4839742.37376667
92428,4446177.44313333
92429,4569122.57225
92430,4303238.9081619
92431,3717460.60317143
92432,3661239.5936
92433,4213889.50149524
92434,4334429.74059524
92435,5096732.67966667
92436,4137770.68511111
92437,5398881.63066667
92438,3957678.78363968
92439,4026930.94103333
92440,3941161.79196667
92441,4348926.68543333
92442,4244614.10037619
92443,4770749.09571905
92444,4668430.61583333
92445,3496448.8655
92446,4161056.98516667
92447,4307225.97773334
92448,4844587.89856666
92449,3707540.95126667
92450,2404193.29339048
92451,4364401.6017
92452,4506389.46344444
92453,3914724.5547
92454,5308247.15266666
92455,3716416.38451111
92456,4526822.3834
92457,4010037.76163333
92458,4935762.65086666
92459,5147580.45776666
92460,3955829.34523333
92461,4921118.93523809
92462,4851753.9758
92463,4926908.22308571
92464,4621938.69706667
92465,3997059.7507
92466,4641008.40913333
92467,3572095.32408254
92468,4071246.63803334
92469,4717150.77527778
92470,3459866.74184286
92471,3905704.50949048
92472,4009435.31992857
92473,4797992.03479524
92474,5200148.44986666
92475,3525323.62383333
92476,4869929.36095
92477,4626518.98816666
92478,4270547.68206667
92479,3480356.49973333
92480,4227031.00115238
92481,3483428.65194445
92482,4179913.9627
92483,4399063.64586667
92484,4183724.8017
92485,5191582.72693333
92486,4717889.80643333
92487,4505406.50263333
92488,4416364.6119
92489,4164677.82286667
92490,4501528.59000952
92491,3811616.31153333
92492,4653436.97633333
92493,4631827.86893333
92494,2908266.926
92495,4066200.08213333
92496,4927135.0548
92497,4290410.96344762
92498,5053935.67726666
92499,4612543.62346666
92500,4445893.69155238
92501,3175630.37490952
92502,4604836.4338
92503,4201255.81526667
92504,3378644.14802857
92505,4574077.5422
92506,3648621.02645238
92507,4416935.95473333
92508,4751593.34800952
92509,4763353.5677
92510,4614933.36092857
92511,4013554.6676254
92512,4746500.07506667
92513,3947963.5022
92514,4600606.58216667
92515,4995098.67443333
92516,3094300.21396667
92517,2552518.45982381
92518,6171926.3518
92519,4587212.9037
92520,3739723.99210953
92521,5077839.0758
92522,4657097.8063
92523,3066300.84388254
92524,5515866.2964
92525,4143949.5067
92526,4512925.60103334
92527,4113642.71710953
92528,3648980.81052857
92529,4244485.32831667
92530,3261854.46173334
92531,4843119.00456667
92532,4453213.60263333
92533,4731761.9807
92534,3757975.94240952
92535,4802039.85626667
92536,4544140.78513333
92537,4779364.27541111
92538,4220707.78653333
92539,4951636.5127
92540,3869878.0713
92541,4312859.11683333
92542,4285122.47936667
92543,4221612.9317
92544,4251627.73766667
92545,4952354.1275
92546,3720586.93223334
92547,4403703.42154445
92548,4190113.1546
92549,4921002.73233333
92550,5064836.83736667
92551,4445352.20869524
92552,3901028.75986191
92553,3784169.05889524
92554,3943420.64483333
92555,3665597.10353333
92556,4121915.25106667
92557,3810784.43971111
92558,5033400.64276667
92559,3747263.7244619
92560,4302560.2589
92561,3899389.40667619
92562,4096603.29086667
92563,4583551.4771619
92564,4404886.02683333
92565,5488425.9332619
92566,4302569.13306667
92567,3929288.15726667
92568,4009090.18643333
92569,4587690.05413333
92570,4593741.3807
92571,3988930.52753333
92572,3418595.10719048
92573,4010957.79446667
92574,4536396.35353333
92575,4364262.62804286
92576,4409639.41863334
92577,4192906.80461905
92578,4664550.5885
92579,4283441.84796667
92580,4393595.86897143
92581,4383022.85671111
92582,4650358.26386667
92583,3222362.12212063
92584,5274906.5252
92585,4236441.82956666
92586,4706535.23687143
92587,3706626.34891111
92588,3827386.37873334
92589,3446886.53261111
92590,4574229.443
92591,4797861.93953333
92592,4764014.1269
92593,3508035.96853333
92594,4548327.48626666
92595,4405051.03311111
92596,4395376.7058
92597,3496549.04054286
92598,4283408.4974
92599,3698003.60147778
92600,4724270.2636
92601,4636312.90643334
92602,4416144.16579524
92603,4749365.1536
92604,4477798.19666667
92605,4025026.57727619
92606,4704010.40623333
92607,4217966.65483334
92608,4118859.74311429
92609,4219591.0627
92610,5050825.48483333
92611,4193321.61920952
92612,4322716.76037301
92613,4591361.1478
92614,2351821.31620952
92615,3788288.2189
92616,3645864.18171429
92617,4862777.9197
92618,4249228.1894
92619,4688171.41706667
92620,4436938.33363333
92621,4883916.58576667
92622,3464375.77177619
92623,4727312.65296666
92624,4794231.67383333
92625,4419517.7924619
92626,4544439.87206667
92627,4017948.16696666
92628,4633734.44463333
92629,4017179.5819
92630,4691696.45903333
92631,4413577.41946667
92632,4352474.0022
92633,3609579.90372857
92634,3924591.36398095
92635,4637790.7304
92636,4584239.39533333
92637,5173823.49996666
92638,3887643.7293381
92639,4569208.6448381
92640,3700676.22336667
92641,4333129.85676667
92642,2935819.51000952
92643,4642555.82116667
92644,4685836.7823
92645,4740765.29496667
92646,4439466.64893333
92647,4358829.9349
92648,4832710.6734
92649,4649087.35736667
92650,4674714.92326667
92651,4715824.1437
92652,4002698.18996667
92653,3886014.81462857
92654,4035261.17856667
92655,3726059.48546667
92656,3787053.17716667
92657,4718431.7678
92658,4208514.27743333
92659,4301523.4025
92660,4270229.04486667
92661,3726974.94429048
92662,4253675.77292857
92663,4288444.13447619
92664,4370425.06564286
92665,4502854.93886667
92666,4891715.4993
92667,3440667.3567381
92668,3917135.089
92669,4631670.7974
92670,4658831.58106667
92671,4859053.40310952
92672,5629328.4844
92673,4061596.96006667
92674,4975195.89446666
92675,3919720.26296667
92676,4544875.88516667
92677,4224331.49496667
92678,5319850.83913333
92679,4137482.64043333
92680,4619110.41753333
92681,4428729.25133333
92682,4527291.49647619
92683,4210094.93178571
92684,3983444.28524445
92685,4709928.36321111
92686,4498452.75446667
92687,4432260.48730952
92688,3804774.5024
92689,3954908.8766873
92690,3095639.86027778
92691,4076392.32193333
92692,4948571.60313333
92693,4189129.40522381
92694,4525310.9767619
92695,4435330.74153333
92696,4105293.11563333
92697,4215655.2742
92698,3807453.06973333
92699,4472003.41266667
92700,3945726.6035
92701,5171721.82093333
92702,4566323.22736667
92703,4385017.0948619
92704,3994146.50373333
92705,4222644.30867619
92706,4098973.98386667
92707,3731560.57701905
92708,4273140.5284
92709,4885741.88952857
92710,4249357.91863334
92711,5045972.98004762
92712,4742314.8611619
92713,4707643.07513333
92714,5079106.21313333
92715,4163079.4465
92716,5223472.558
92717,4565500.6638
92718,4635651.6176619
92719,4903066.87956666
92720,4331850.2127
92721,4299554.5711
92722,4899802.3816
92723,4367958.11023333
92724,4478005.3705
92725,4539822.54516667
92726,3954894.07123333
92727,3849964.44896667
92728,3860869.89537143
92729,4065412.17656667
92730,3321731.61925397
92731,4134843.29152381
92732,4392026.16
92733,4636438.58088572
92734,4499646.90783333
92735,3866373.47147619
92736,4971362.07987778
92737,4454366.23783333
92738,4271663.65903333
92739,4307797.7738
92740,2863854.45447143
92741,4308652.37010476
92742,4248112.1262
92743,3640905.7758873
92744,4663121.4788
92745,5095079.01548571
92746,3991823.25855714
92747,3070600.6892873
92748,3787233.08076667
92749,4409229.7729
92750,3378507.5493381
92751,4258836.33463334
92752,5023504.62403333
92753,3854182.85653334
92754,3533208.104
92755,4075357.50623334
92756,4130279.78433333
92757,4493793.88853334
92758,4638935.62556666
92759,4301319.29108095
92760,4316949.38262857
92761,3320387.98747143
92762,4733595.6219
92763,4479534.14926667
92764,4925282.06393333
92765,4123138.02686667
92766,4119575.11713333
92767,4837216.86073333
92768,4298875.1743
92769,3968847.00766825
92770,4480167.98263333
92771,4116621.47786667
92772,4634490.01055238
92773,3698985.48634286
92774,4076472.15086667
92775,3166744.76564445
92776,3882878.24210952
92777,4218687.97837143
92778,3802484.36853333
92779,4308848.8431
92780,4057510.90185397
92781,4399680.75576667
92782,4653087.61843333
92783,4753756.38606667
92784,4559857.2109
92785,4004841.66033333
92786,4073669.49746667
92787,3955231.00606667
92788,4264089.94683333
92789,4014847.3302
92790,5430449.82233333
92791,4786046.86373333
92792,4695152.81056667
92793,4565382.67576667
92794,5006611.936
92795,5065359.35706667
92796,3958694.1412
92797,3623899.00813333
92798,3569120.26694445
92799,3984661.42587778
92800,3706194.48490953
92801,3646568.4198254
92802,4654773.73162857
92803,5191775.10143333
92804,4877896.51806667
92805,4830145.95339524
92806,3918255.25656667
92807,4626111.95391905
92808,3865898.82081111
92809,3871775.39820476
92810,4381197.307
92811,4189056.44656667
92812,4717061.8526
92813,4083055.07673334
92814,4682111.29653333
92815,3489283.79611111
92816,4752855.75563333
92817,4377481.64757778
92818,4480944.34133333
92819,2763011.34989683
92820,4511645.63212857
92821,4291779.27783333
92822,3603824.96406667
92823,4245728.21696667
92824,4395553.43116191
92825,4607528.94517619
92826,4621491.96843333
92827,4216929.60579524
92828,4644867.5831
92829,4684114.0308619
92830,5306682.131
92831,3505690.40999524
92832,4100459.43132381
92833,4992624.08468571
92834,4165112.08136667
92835,4998239.47726667
92836,4529740.618
92837,4466404.37207778
92838,3937272.07837778
92839,3292277.9011
92840,4106994.01804444
92841,4297170.088
92842,3715907.86931429
92843,4490457.72316667
92844,4254203.03173333
92845,4878859.80171111
92846,3628286.37994445
92847,4833950.62196667
92848,4351702.35323333
92849,4994847.17936667
92850,3482781.56539048
92851,5593958.9961
92852,4148708.21949524
92853,3709013.67873334
92854,3493102.81636191
92855,4407409.52636666
92856,4887582.32093333
92857,4170384.68452857
92858,4445814.98403333
92859,3715328.97816667
92860,4021532.64389524
92861,4758119.89295238
92862,4686221.8744
92863,4375758.54026667
92864,3796586.86089524
92865,5113703.13813333
92866,3361507.40126826
92867,3880691.21997143
92868,3969560.25226191
92869,4990600.80663333
92870,4297257.16113333
92871,4647220.406
92872,4548512.46316667
92873,4931835.00651587
92874,4455099.38822857
92875,3991991.81633333
92876,3990598.59444762
92877,3723085.07989524
92878,5052571.1191
92879,3146901.30070952
92880,3793089.00349524
92881,5313172.8749
92882,4832336.60039524
92883,3542654.01661111
92884,4988729.10687778
92885,3252192.01863333
92886,4682983.00376667
92887,4580364.02642857
92888,4013442.43797619
92889,4216749.88578333
92890,4747401.24240476
92891,4107310.84556667
92892,4686857.89376667
92893,4427191.87041111
92894,3629141.83253333
92895,4560459.72973333
92896,2921528.34757619
92897,3819078.74864286
92898,4722244.20766666
92899,4882361.81836667
92900,4029106.15816667
92901,3631714.03817143
92902,4049317.28476667
92903,4598573.5628
92904,3451072.18297619
92905,4678724.28706667
92906,4762911.3094
92907,4377719.8317
92908,4331681.09823333
92909,4178146.08066667
92910,4320530.83904445
92911,4769531.97735238
92912,3904586.9688
92913,4477253.89626667
92914,4456398.7578
92915,3850774.92750635
92916,4400064.44666667
92917,4009163.80977619
92918,4095273.93646667
92919,4417651.75554286
92920,4585864.81946667
92921,2997219.32494286
92922,4888535.85862857
92923,3994930.27802857
92924,3541558.8046381
92925,3638234.12818254
92926,4135696.21734444
92927,5347421.07472857
92928,3534630.41946667
92929,4030463.69562381
92930,4905038.4647
92931,5046103.12433333
92932,4622545.93118571
92933,4329063.01656191
92934,4287522.09646666
92935,3261266.25799048
92936,4804845.67603333
92937,4463962.98770952
92938,4717028.88433333
92939,4977694.27793333
92940,4200085.91737778
92941,3896218.16186667
92942,4157474.58657778
92943,4145271.20901111
92944,4006337.02223334
92945,4727931.29833333
92946,3912053.53501111
92947,4516066.35059524
92948,3848253.27381429
92949,3938315.2306
92950,4420659.06343333
92951,4744649.89303333
92952,4516066.92762857
92953,3921031.29588572
92954,5303171.81835714
92955,4684546.7942
92956,5039378.6248
92957,4341314.9639
92958,4528167.73324286
92959,3909290.43503333
92960,4733944.37706667
92961,4005122.61836667
92962,3779883.31076667
92963,2956432.0633381
92964,3857015.77456667
92965,3669962.37803333
92966,4161311.66783968
92967,4117997.75712381
92968,5782373.20891905
92969,4160016.21593968
92970,4138465.28081111
92971,4985917.0853
92972,3976031.24143333
92973,3302873.25871429
92974,4354750.8541
92975,4381084.7502
92976,4792676.6473
92977,4214274.22376667
92978,4960343.99846666
92979,5180635.32433333
92980,4290590.8449
92981,4251963.37633333
92982,4151462.35286667
92983,4009420.90365714
92984,4580677.34913333
92985,4619587.37003333
92986,3784238.42406191
92987,5021683.45333333
92988,4549242.2035
92989,4656492.59866667
92990,4084779.84443333
92991,4203354.84033333
92992,4174475.48383333
92993,4350123.3441
92994,4686626.30050952
92995,4999420.30506667
92996,2965188.6921619
92997,4750132.94842857
92998,3595180.00305238
92999,4019524.77222857
93000,5020264.02975714
93001,5080532.5009
93002,3496978.76423333
93003,3567741.90246667
93004,4460978.22076667
93005,3826629.82583016
93006,3837694.14832857
93007,5361513.93433333
93008,4086344.99585239
93009,4397048.897
93010,4485206.31543333
93011,5038996.7611
93012,4970832.29773333
93013,4255822.26746667
93014,3694397.6418
93015,3956098.65356667
93016,3840747.7481
93017,3856638.0932873
93018,3662155.53337619
93019,4509482.0392
93020,4482442.98663333
93021,4150338.83206667
93022,5018222.20743333
93023,4350489.35056667
93024,4051134.7359
93025,4073023.08866667
93026,3813586.22637302
93027,4337300.97196667
93028,4222900.99686667
93029,4458499.11739683
93030,4605079.50866667
93031,4683279.57941666
93032,4016614.29956667
93033,3409918.97177619
93034,4073657.92106667
93035,4371333.55163333
93036,4227993.67997302
93037,4462650.30606191
93038,4697540.07553333
93039,4006455.1673
93040,3318057.3221
93041,3865883.22433333
93042,4146032.83823334
93043,4208034.2801
93044,5319622.25163333
93045,5536535.2699
93046,4884161.4014619
93047,4117503.60789206
93048,3522646.77393333
93049,4987625.37906666
93050,3981180.54346667
93051,4732569.82900476
93052,4012710.00056667
93053,4032270.87756667
93054,4426074.70690952
93055,4362008.93063333
93056,4015447.03866667
93057,3809038.87236667
93058,4442273.64106667
93059,4129091.1933
93060,3355472.09676667
93061,4356088.23756667
93062,3497858.41687778
93063,4665794.19206667
93064,4620096.8572
93065,4489399.65523333
93066,4616097.503
93067,4428235.68746667
93068,3902708.84131429
93069,2774712.2476
93070,4188509.0984
93071,4421716.15388572
93072,4441380.9791
93073,3760907.02556667
93074,3717795.35803333
93075,4885278.6226
93076,3630399.33603334
93077,3863037.61014286
93078,4602419.10836666
93079,4496504.50643333
93080,4152044.3675
93081,3422310.78986667
93082,4489693.94573333
93083,4940439.12106667
93084,3738604.962
93085,4701140.15683333
93086,4824539.09536667
93087,4387403.38450476
93088,4095287.62596667
93089,4607470.96216667
93090,4267452.63585714
93091,4271739.40649524
93092,3364163.97746667
93093,4149814.16026191
93094,4956427.48733333
93095,4584971.53836667
93096,4121617.1491
93097,4065752.62913333
93098,4080793.50856667
93099,4263040.11320159
93100,3994858.59005715
93101,4351667.2152
93102,3866136.2054
93103,4808028.7985
93104,3931148.05696667
93105,3840932.92793333
93106,4266181.95816667
93107,4630963.8787
93108,4097993.36586191
93109,3252579.24022063
93110,5113111.88113333
93111,4578757.86296667
93112,4558922.78775
93113,4250907.46986667
93114,4113827.96973333
93115,3794778.81794445
93116,4147306.4347
93117,4506603.88764444
93118,3886846.96103333
93119,4766926.1997
93120,4978020.4887
93121,3975383.65236191
93122,4357890.9315
93123,4947239.6866
93124,5589008.2170619
93125,4202846.13804286
93126,3881643.22423333
93127,3554904.23192857
93128,4826577.33463333
93129,3331531.90592063
93130,3496166.29734444
93131,4729579.68606666
93132,4194245.19978095
93133,4238931.86886667
93134,4654039.01845
93135,4815524.60436666
93136,4244422.02494444
93137,4621349.74135714
93138,4173082.15173333
93139,5617134.41993334
93140,5071381.52806666
93141,4582054.70616667
93142,4399000.8125
93143,4181881.699
93144,4295633.38754286
93145,4286240.14113333
93146,5052611.41
93147,3904094.64241111
93148,4366204.53062857
93149,4862698.64854444
93150,4816302.03271428
93151,3573881.24537619
93152,4355315.14496667
93153,4179716.25865
93154,4065732.5584
93155,4448227.01552381
93156,4311782.53116667
93157,4821273.51053333
93158,4378091.79991429
93159,4589041.9048
93160,4481235.07992381
93161,4331478.22805238
93162,3838696.40011111
93163,4077254.10509524
93164,4903456.83786667
93165,3372492.07056667
93166,4646032.66926667
93167,4504240.20940952
93168,4512201.834
93169,4272310.20446667
93170,4909643.40891111
93171,3617667.92777619
93172,2918635.9568381
93173,4772049.7666381
93174,4677733.43233333
93175,3218396.91277301
93176,4206753.4087
93177,4456843.49113333
93178,4818933.9092
93179,4095576.68706667
93180,4640673.40159048
93181,5362190.22845238
93182,4958553.0472
93183,2468273.52767619
93184,4139037.87066667
93185,4098683.31583333
93186,4613995.6666
93187,4215657.8800873
93188,3958733.75160953
93189,5014887.56396666
93190,3670759.47536349
93191,4271846.7586
93192,4300700.5189
93193,5128261.48916666
93194,4382600.2835
93195,4667823.7272
93196,4420442.83015952
93197,3981567.12787143
93198,4673586.68358571
93199,4536304.71583333
93200,4509525.70723333
93201,4576918.39293333
93202,3963675.40616667
93203,4824489.24726667
93204,5076392.07470952
93205,4506727.17213333
93206,4139250.40883333
93207,4496586.71563333
93208,4224770.33946667
93209,4440310.27439524
93210,4590011.86203333
93211,4117145.05503809
93212,4349376.62259524
93213,4857407.2343
93214,4779831.05087778
93215,5019646.15133333
93216,4133409.7692
93217,4182031.27843334
93218,4674510.85603333
93219,4680682.22846667
93220,4210352.0819381
93221,4154951.13706667
93222,3752036.0796
93223,4845975.20956667
93224,3630071.588
93225,4653227.93733333
93226,4158101.24544444
93227,4607279.88703333
93228,4607371.3366
93229,4317959.55246667
93230,4409235.27776667
93231,4691379.02822857
93232,2614710.23760952
93233,3847495.90836667
93234,4585886.47463333
93235,4824553.87451904
93236,4823596.92773333
93237,5158500.57823333
93238,3421882.54722381
93239,5500409.91019999
93240,4407644.7451
93241,5327142.8802619
93242,4898266.6373
93243,3616266.85085873
93244,4812887.87833333
93245,3966655.07290477
93246,4427835.96468095
93247,4225863.23173333
93248,4522620.11683333
93249,4492839.77553333
93250,3432421.1706619
93251,4396268.23535238
93252,4061026.30211111
93253,4777698.45623333
93254,4293704.49228571
93255,2688604.746
93256,4353809.99779048
93257,3766461.95463334
93258,4160217.38963333
93259,5144577.50263333
93260,3998624.92313334
93261,4683248.56406667
93262,4933800.31709524
93263,4501179.37789524
93264,4197093.98936667
93265,4344164.60261587
93266,4676694.72886667
93267,3924867.66060953
93268,5059138.4498
93269,4800057.973
93270,4685737.19856666
93271,4258214.94396667
93272,4624019.6774
93273,4312908.11283333
93274,4817390.89277778
93275,4168462.04344444
93276,4239484.6728
93277,3849453.29673334
93278,4835398.11836666
93279,4743861.7526
93280,4131841.24223333
93281,3414425.28061429
93282,4719994.44996667
93283,4569325.34736667
93284,3715793.04373334
93285,5035428.3077
93286,3207511.27017619
93287,2533200.57898095
93288,4662000.34906191
93289,3720353.34119524
93290,4012136.57686667
93291,3694574.1257
93292,4364180.71329524
93293,3302761.83026667
93294,4566329.5243
93295,4917064.7418
93296,3748531.41493333
93297,3786935.59740952
93298,4074448.62083333
93299,4880116.59333333
93300,4292306.93386667
93301,4537570.49433333
93302,3993159.54243333
93303,3971582.00237778
93304,4224973.2375
93305,4471142.73213333
93306,4978909.25168571
93307,4507972.19793333
93308,5208372.18964444
93309,4063072.84206667
93310,4083820.9544
93311,4342614.19676667
93312,3721671.54486667
93313,4646594.9305
93314,4594970.53703333
93315,4772641.7306
93316,4001838.91293333
93317,4120773.53257619
93318,3533131.13026667
93319,4840650.96080952
93320,4920003.79306667
93321,3769226.07993492
93322,3767679.0925
93323,4370978.93021111
93324,3391430.77913333
93325,4443418.69476667
93326,4045084.885
93327,3795526.60803333
93328,4854920.07511905
93329,4746941.45606667
93330,4184370.64407778
93331,3908167.95579524
93332,4144483.51756667
93333,4611214.61127777
93334,3035263.77474762
93335,4967099.6702
93336,4810611.82263333
93337,3325731.22126826
93338,3763388.89676667
93339,3373487.1169
93340,5076593.8516
93341,4700913.36096191
93342,3448495.32421111
93343,3770953.28426667
93344,5116934.63954445
93345,3885685.2094
93346,3750875.58527143
93347,4915757.17436667
93348,4562679.50086667
93349,4865948.82886667
93350,4821739.80266667
93351,4430640.8683
93352,2840343.75366667
93353,4542620.94206666
93354,5137160.4534
93355,4551030.65663333
93356,4184614.33825397
93357,4530416.61536667
93358,5080251.06746666
93359,4898754.54393333
93360,4421121.84077778
93361,3182397.90465873
93362,4777037.03503333
93363,4186086.4855
93364,4742793.99994445
93365,5148077.6928
93366,4488373.60274445
93367,4453157.84573333
93368,4170200.80336667
93369,4470655.14197619
93370,4421668.15635238
93371,3628923.10193333
93372,4218521.81423333
93373,4920744.6545
93374,5268636.08286666
93375,4717514.7578
93376,3944332.80112857
93377,3973300.67059207
93378,4125894.53411111
93379,3883413.11903333
93380,4026177.15097778
93381,4310253.10713333
93382,5645458.6633
93383,4987043.49106667
93384,4099074.22453333
93385,3962177.08551112
93386,4091870.07074762
93387,4848529.36041905
93388,4334773.8314
93389,3963432.94883333
93390,4202637.023
93391,3801694.54752857
93392,4383930.11927619
93393,3367744.45653334
93394,5125814.99433333
93395,3595216.24844445
93396,4229163.93416667
93397,3951185.4529
93398,4135476.4731
93399,4337808.68759524
93400,4350321.65423333
93401,4021094.44346667
93402,5105341.17723333
93403,4542187.1601
93404,3378423.36711429
93405,5120706.26273333
93406,3205505.12937619
93407,3980618.96306667
93408,4691966.38366667
93409,4213477.9874
93410,4714046.2687
93411,3761521.4101
93412,3427380.78653333
93413,3756475.43303334
93414,4841500.20286667
93415,4841811.63733333
93416,4516360.57006667
93417,4931844.9451
93418,4148608.88617619
93419,3989046.64473333
93420,3682385.44151111
93421,4887206.44969524
93422,4608642.9432
93423,2375519.66327619
93424,4695832.67756666
93425,4206210.2633873
93426,4453050.26273333
93427,4161880.3179619
93428,3835819.93730953
93429,3943844.1564
93430,5717689.65602857
93431,4321077.26346667
93432,3187037.63533809
93433,3685957.35441111
93434,4032452.24404444
93435,4270831.25457778
93436,4687613.91843333
93437,3545416.2729
93438,3945144.6091
93439,4615419.12644286
93440,4242180.3704
93441,4597198.425
93442,3706530.65142381
93443,3784452.14221111
93444,4777585.6034
93445,4558237.32109524
93446,3886592.4757
93447,5089663.24175238
93448,4687612.03326667
93449,4504637.66417143
93450,5077751.32533333
93451,4212454.92243333
93452,3789826.41997778
93453,4903465.06797619
93454,4135006.32116667
93455,4688560.8619
93456,3924867.68256191
93457,4195981.61006667
93458,3825909.09121111
93459,3893468.81436667
93460,4571227.7624
93461,4968948.15968333
93462,4785935.82923333
93463,4967431.05676667
93464,5014956.8712
93465,5330442.79266667
93466,4660543.36956667
93467,3873943.27493334
93468,3775977.52646191
93469,3416129.16726667
93470,3894599.7992
93471,3324531.5099
93472,4261099.35766667
93473,3995362.73226667
93474,4470671.41553333
93475,4624485.04966667
93476,4273130.05686667
93477,4327047.73033333
93478,4777571.62843334
93479,4418365.30053333
93480,4171302.44453333
93481,4425381.0835381
93482,4204894.22267302
93483,4475432.57191111
93484,4963364.37693333
93485,4699389.42153334
93486,4781121.20591667
93487,5113479.738
93488,4061112.64016667
93489,3871122.7837
93490,4666012.5515
93491,3863451.68273333
93492,4750341.34759047
93493,4541954.57366666
93494,4677404.71456666
93495,4712019.08186667
93496,3192054.53862857
93497,4194316.86163333
93498,3735318.29746667
93499,3957329.5392
93500,4902304.79531905
93501,3431648.71887302
93502,5108160.7002
93503,4331864.57843333
93504,4291284.0285
93505,6334096.9807
93506,3424425.58896667
93507,4057326.46534762
93508,6219638.43446666
93509,4948015.7271
93510,4080025.83738333
93511,4778555.62196667
93512,4641458.12783333
93513,5108205.45171111
93514,4536585.41034444
93515,4862567.26376667
93516,4633497.09059524
93517,2512478.89466825
93518,4254419.70477619
93519,3731473.9918
93520,3886203.92146667
93521,5455774.39753333
93522,4690139.76986667
93523,4612631.78513333
93524,4044792.0486619
93525,3421125.03633334
93526,4025224.91463334
93527,3357479.04213333
93528,4468090.06902857
93529,5115262.6087
93530,4400016.45612857
93531,4000287.23574445
93532,4159897.14463333
93533,4409598.76688572
93534,4505079.05536667
93535,3797748.0916
93536,3905829.24756667
93537,5031740.5345
93538,4367088.04076667
93539,5101459.91815238
93540,4400685.34856667
93541,4736624.4217
93542,4602098.09936667
93543,4438791.9056
93544,4853197.08357619
93545,4429740.10366191
93546,5065226.2721
93547,4148238.61019524
93548,4077139.14833333
93549,5028414.47725238
93550,4958068.35548572
93551,5001539.158
93552,3877736.42813333
93553,4663870.43643333
93554,3893158.43
93555,4986418.38923333
93556,4854130.10246666
93557,4826078.0549
93558,4333621.46326667
93559,3986140.89683333
93560,3921185.40729524
93561,5004564.1396
93562,3050045.84326191
93563,5193965.6337
93564,4252148.1977381
93565,3794872.7078
93566,4804408.0959
93567,4597302.13936666
93568,5061892.23243333
93569,4528128.21483016
93570,4137111.8315
93571,3670486.37986191
93572,4356564.8859
93573,4327556.2334
93574,4629964.98426191
93575,5206006.071
93576,5320923.88
93577,4146635.97316667
93578,4504656.93747619
93579,5021890.2883
93580,3971900.51060953
93581,4182833.31033334
93582,4065241.71173334
93583,5337220.5411
93584,4516572.9145
93585,5098810.2879
93586,4117439.19601429
93587,5430901.67503333
93588,3797483.95683333
93589,3823927.11612857
93590,4655160.24556666
93591,4538287.93379524
93592,5007769.01738571
93593,3693449.38746349
93594,4782765.58383333
93595,4037340.42026667
93596,3883506.43487778
93597,4428243.6434
93598,4946033.94839524
93599,4505370.50153334
93600,4172424.49904444
93601,4306464.51839048
93602,4574649.31995952
93603,4524236.80726666
93604,5422785.18053333
93605,3682134.17035714
93606,4670605.43023333
93607,4898714.70223333
93608,5111140.82459524
93609,3340233.47924286
93610,3788350.2939
93611,4383550.6512
93612,4515013.7364619
93613,4169940.74928571
93614,3937974.09306667
93615,2614770.74467778
93616,4318691.41566667
93617,4275749.64263333
93618,4265864.78000476
93619,4782074.46578095
93620,4291269.99783333
93621,4295387.3973
93622,3558069.4374
93623,4347038.15153333
93624,3196878.5657
93625,4040546.98336667
93626,3072654.08750953
93627,4413576.77707778
93628,3904449.02823334
93629,4492000.06533333
93630,3880107.62377778
93631,4178508.8857
93632,4164920.16736667
93633,3568353.24866667
93634,4041333.34414286
93635,3673675.5349
93636,4694213.03496666
93637,4404860.35360635
93638,4439780.55043333
93639,4213243.90876191
93640,5335608.7433
93641,3852564.0595
93642,4328952.41276667
93643,3493395.7151381
93644,4315548.12650952
93645,5728966.9003
93646,4938013.4287
93647,4023077.5799
93648,4956314.83556667
93649,4269651.25526667
93650,4951246.8759
93651,3912062.7972
93652,4484050.99230952
93653,3671223.74298095
93654,4312024.0743
93655,5120182.0945
93656,4345271.69715397
93657,3978773.07603333
93658,3824749.5371
93659,2938845.97356667
93660,3978397.50646666
93661,4050341.70489524
93662,4581575.95373333
93663,4650637.93951111
93664,4610980.17446667
93665,3284189.62046667
93666,5408965.8143
93667,3903410.70211428
93668,3918356.83583333
93669,5263426.47556667
93670,5043785.39836667
93671,4281894.03853333
93672,5067825.87172857
93673,4959361.28605
93674,4161505.18406667
93675,4034439.5341
93676,4519376.26913333
93677,4529058.05276666
93678,4342188.51424444
93679,5281758.11096666
93680,4760463.63046667
93681,5028116.09916666
93682,4055796.34043333
93683,3958321.06203334
93684,4121295.37543968
93685,3795787.15703334
93686,4561075.07683333
93687,4312160.33923333
93688,4520717.5492
93689,3911646.09616191
93690,4776113.86996667
93691,4416171.21256666
93692,4657278.28513334
93693,4471575.29985238
93694,3732009.76818254
93695,3538766.23230476
93696,4324622.09576667
93697,3102729.66290952
93698,4511342.99786667
93699,3667874.1466619
93700,4819839.491
93701,5063804.21783333
93702,5076097.79603333
93703,4750484.08663333
93704,4105093.8221
93705,4055444.1835
93706,5005109.51843333
93707,3860436.41327143
93708,4112825.42803334
93709,5666699.45943333
93710,3528295.50163333
93711,3843219.38658096
93712,3943277.98353334
93713,4739261.10536666
93714,3781974.41089524
93715,4459552.846
93716,3855017.55536667
93717,3582111.13971429
93718,4210395.17493333
93719,3703304.9208873
93720,4798797.26926666
93721,4345191.22363333
93722,4987532.7387
93723,4271726.73086667
93724,4417692.89053333
93725,3678941.97873333
93726,5466875.12693333
93727,5145993.16211905
93728,4116093.90863334
93729,4682845.7462
93730,4270142.61726667
93731,3912377.07759048
93732,5320499.76946667
93733,4274893.39563333
93734,4289766.13821111
93735,4710200.09253333
93736,4282862.14973333
93737,4780410.13103333
93738,4526099.59726666
93739,3254036.74037619
93740,4643775.2952
93741,4017476.5494
93742,4015862.66376667
93743,3651163.6983873
93744,4439642.48481429
93745,4314279.57146191
93746,3872327.24536667
93747,4612194.7976
93748,4539861.99126667
93749,4849111.60683333
93750,4867033.59381905
93751,4237709.87426667
93752,4953121.50913333
93753,4582010.01126666
93754,4530856.8999
93755,4648671.97063333
93756,4142180.18157619
93757,3942655.5853
93758,4145191.41197143
93759,4650360.92956667
93760,4633384.76393333
93761,2907399.07572857
93762,5338960.80593334
93763,4439233.38286667
93764,4213654.03562381
93765,4316661.124
93766,4974849.44526667
93767,4675987.87373333
93768,3309560.5071619
93769,4600879.14293334
93770,5151043.1858
93771,4904786.33566666
93772,3414451.14487619
93773,3550064.90541429
93774,5790481.9853
93775,3884820.63951429
93776,4237391.10086667
93777,5424906.30453333
93778,3225031.37126191
93779,4153820.8245
93780,5355050.18284444
93781,4149987.04859048
93782,4235251.39580159
93783,3723263.68132857
93784,4671008.96103333
93785,4375580.84413334
93786,3048147.29186667
93787,4014187.4564
93788,3811572.1409
93789,4079843.88183334
93790,4258103.07879524
93791,5541880.34636667
93792,4383899.3769
93793,5112564.1652
93794,4434965.40413333
93795,4768913.65626667
93796,3912455.92530952
93797,4101404.49677778
93798,2744977.36324286
93799,4399724.23531905
93800,3425633.2508254
93801,4461604.10643333
93802,4624923.9866
93803,3811660.36542857
93804,4877592.27486667
93805,4926908.22308571
93806,4311727.72593333
93807,4415032.7859
93808,3914952.48794445
93809,4714719.36788572
93810,3791962.71796667
93811,3957204.95787778
93812,4473622.9616
93813,3600095.49855397
93814,4555297.17593333
93815,4026928.94252064
93816,4430344.8536
93817,3968436.43531111
93818,2977195.25259048
93819,5533542.3077
93820,3624910.98707619
93821,4690264.73741111
93822,3198707.78883968
93823,3873206.09371111
93824,4156245.22770635
93825,4269705.86476667
93826,3818218.84866667
93827,4996631.91876667
93828,4430932.88346667
93829,3938120.19293334
93830,4644542.90813333
93831,4874193.33623333
93832,4298081.55906666
93833,4606472.81813333
93834,4306202.03853334
93835,3887150.0182
93836,4259041.3233
93837,5020957.78784444
93838,4740849.7992
93839,4370472.36016667
93840,4234486.206
93841,4556119.88403333
93842,3680459.99900635
93843,4866229.55673334
93844,3965678.5514
93845,4918722.65164285
93846,4343008.76095714
93847,4570278.42633334
93848,5115123.79686666
93849,4237116.0021
93850,3643072.34547778
93851,4644706.56556191
93852,4562050.83001111
93853,2579599.45002064
93854,4174945.81583334
93855,4668502.58283333
93856,4374379.03333333
93857,4317880.20442857
93858,3860920.78026667
93859,4064486.6659
93860,4396008.50676667
93861,4237675.57933334
93862,3567240.50575238
93863,3940662.0246762
93864,4714562.6102
93865,4488114.57684444
93866,4428053.43885714
93867,3827427.7798
93868,3921072.51139524
93869,3910997.93378095
93870,4771021.00553333
93871,3631129.03023333
93872,4692784.75856666
93873,4157121.38991111
93874,3976947.49293333
93875,2576686.3164
93876,5422785.18053333
93877,4641614.79336667
93878,4340973.91746667
93879,4605772.3641
93880,3922147.40348571
93881,4093895.4112
93882,3624281.1131873
93883,5390873.7503
93884,3894054.04106667
93885,3895661.81090476
93886,4403391.80376667
93887,4647179.23183333
93888,5062724.87686667
93889,4056232.69013333
93890,3493533.28114286
93891,3862380.06060952
93892,4400395.6876
93893,4087969.68970001
93894,4225352.52533333
93895,5113378.57336667
93896,3951766.28403333
93897,4499473.1416
93898,4163131.85796666
93899,4196357.6413
93900,4413118.09173333
93901,3102755.70363968
93902,4510425.82822858
93903,5034357.76496667
93904,3900013.80656667
93905,3820556.39329048
93906,4450244.18676667
93907,4502980.56184286
93908,4376250.1605
93909,4500003.30756667
93910,4684137.5187
93911,4867539.76933333
93912,4687787.33326667
93913,5543661.23941905
93914,4350918.46950952
93915,4891176.77356667
93916,3950363.7888
93917,3793414.66020952
93918,4833559.31063809
93919,4954625.58056667
93920,3276945.46263334
93921,3730095.94644445
93922,4456663.54846667
93923,5132156.355
93924,4473753.06443333
93925,4213889.31898095
93926,4837410.8521619
93927,3978453.99624286
93928,4649542.10453333
93929,4909193.03841905
93930,4411849.44913333
93931,3794663.58245238
93932,2867479.3855
93933,4160665.01687778
93934,3875244.81577778
93935,4348617.5567
93936,4054449.00303333
93937,4525589.02536667
93938,4821330.35936666
93939,4427738.40292857
93940,5298559.44206667
93941,5466232.91093334
93942,4249080.4968
93943,4186095.53433334
93944,2846046.64916191
93945,4160452.54903334
93946,4261944.37232381
93947,4390708.75056667
93948,3987629.65937143
93949,4274470.46415
93950,3228081.44047619
93951,4730603.62706667
93952,3738612.0227381
93953,4326204.72131111
93954,4257666.23466667
93955,3145383.10252381
93956,4867660.12996667
93957,4096789.31937778
93958,3813388.69566667
93959,3723055.86863334
93960,3883748.71623333
93961,4651175.90626666
93962,4371415.1948873
93963,5157716.45051904
93964,5231233.73656667
93965,5085020.95416666
93966,4713785.19853333
93967,4672740.50226667
93968,3510808.66653333
93969,4400955.93233333
93970,5373576.97693333
93971,3245402.54316191
93972,5089723.3951
93973,3281285.01071111
93974,4116306.09606667
93975,3877160.77383334
93976,3583956.22134762
93977,4454903.7821
93978,4773833.85283333
93979,4459661.32629683
93980,4855698.14656667
93981,4248192.22681111
93982,3942473.99296191
93983,4881090.25396666
93984,4496407.98200952
93985,4419841.5183
93986,4923351.29463333
93987,4728960.25666666
93988,4271644.28789524
93989,4233171.6466
93990,3961494.59155715
93991,4441662.56821111
93992,4992424.0345
93993,4505294.41023333
93994,4241670.1713
93995,4117242.19196667
93996,3578371.2311
93997,4572504.64693333
93998,3978582.69773333
93999,4369098.46197143
94000,4633252.18623333
94001,4745520.29445238
94002,4905076.16143333
94003,4741852.49693333
94004,4857688.14626666
94005,4171680.55197619
94006,4610814.9835
94007,4626003.40083333
94008,3562441.23702381
94009,4583648.11976667
94010,4377626.67733333
94011,4164605.36233968
94012,4254340.3529
94013,4142187.45993333
94014,4835787.4821
94015,4716679.4967
94016,3775031.36173333
94017,4994721.85723333
94018,5166766.0477
94019,3683733.08314762
94020,5331776.28103333
94021,2674612.40979048
94022,4522759.73120952
94023,4146694.92093334
94024,4633445.69813334
94025,3537955.01766667
94026,3966011.67573334
94027,5944958.27946666
94028,4456105.07686667
94029,4189857.0435
94030,3888305.20043334
94031,4043958.91286667
94032,4686496.6348
94033,2815068.97452857
94034,4904176.37799523
94035,4127115.7282
94036,4482142.76412857
94037,4304473.5593
94038,4929662.68913333
94039,4124695.5825
94040,3761921.12207143
94041,4553934.80826667
94042,4757159.60452857
94043,4378406.27883334
94044,4131404.8228
94045,4495828.66873333
94046,3973696.17106667
94047,3674182.6053873
94048,4833683.2085
94049,4674519.60306667
94050,5276222.74743333
94051,4587239.7322
94052,5066894.5998
94053,4148934.8812381
94054,4955917.9687
94055,4124177.52897778
94056,3632209.63103333
94057,3812588.67716667
94058,4412892.6111
94059,3728906.82146667
94060,3582350.44757619
94061,5042839.80533333
94062,4652955.61976667
94063,3743899.2375
94064,4052292.78284445
94065,4979741.74523333
94066,3964699.9427
94067,4163566.70116191
94068,3973035.64807143
94069,4307252.00346667
94070,3762851.04436667
94071,4011183.97951111
94072,4269141.32703333
94073,4737390.66751111
94074,4122892.93983334
94075,4938517.60001429
94076,4109061.1775
94077,3934911.52646667
94078,3745088.06966667
94079,4577465.7577
94080,4196351.5487
94081,3841120.378
94082,4037127.84006667
94083,5267610.31283333
94084,4515101.9032381
94085,3808833.95181905
94086,4712309.09362857
94087,4129128.62443333
94088,4561388.26663333
94089,5103586.75553333
94090,4286312.9461
94091,4559120.71066667
94092,4500933.0351
94093,3514470.1598
94094,4738239.4141
94095,4610637.10423333
94096,3199162.2849381
94097,4701019.00308333
94098,3927382.09216667
94099,4489169.99803333
94100,3580388.49856667
94101,4799592.4619
94102,5398865.6191
94103,4085635.1686619
94104,4212882.21986667
94105,3817412.48916667
94106,3436550.41514762
94107,5348155.67913333
94108,4586766.10086667
94109,4487394.61276667
94110,4669595.57223334
94111,3190897.72787143
94112,4477269.6518
94113,4205393.77789048
94114,3400349.30067778
94115,4457565.5654
94116,4369456.85686667
94117,3651360.6159
94118,4803703.8357
94119,3644358.64251587
94120,3635254.44259524
94121,4813646.95426666
94122,5180044.01846667
94123,5369598.95486666
94124,4539861.99126667
94125,4936638.87923333
94126,3641697.84040476
94127,5365078.66893334
94128,4722581.23783333
94129,4214659.30043333
94130,3273014.88330952
94131,3266728.02202381
94132,3404437.14575397
94133,3462170.25000635
94134,4906300.2665
94135,4221562.69402857
94136,5221555.47733334
94137,5053654.93283333
94138,4589713.32978571
94139,4719408.15886667
94140,5070704.71963334
94141,5273620.36143333
94142,4653971.85164286
94143,4421749.96286667
94144,4772202.7268
94145,4253580.27163333
94146,4271118.61363333
94147,4672466.34623333
94148,4887375.2251
94149,3682448.22913333
94150,5514978.4014
94151,5344906.82936666
94152,3806164.98013334
94153,4811426.91296667
94154,4394416.4168
94155,4214796.8383
94156,4678286.6625
94157,3952795.9844619
94158,4406544.28533333
94159,3889720.06463334
94160,4992815.59993333
94161,4743037.3972
94162,4790021.7461
94163,3664306.12353334
94164,4711768.9213
94165,3509459.31246667
94166,4612672.1764
94167,3381435.1727873
94168,3908597.4152
94169,3528561.6202
94170,4390010.99243333
94171,4789030.7108
94172,4864070.16786667
94173,4463607.35053333
94174,3987144.16487619
94175,3289406.86876826
94176,4673005.03252857
94177,2894252.94972381
94178,5197010.15353333
94179,3335293.04206667
94180,4122496.06216667
94181,5084387.68193333
94182,4616043.76116667
94183,3766036.5700381
94184,5193184.70006667
94185,4928620.27593333
94186,4415436.30693333
94187,3764693.32764445
94188,4961402.77219999
94189,4628316.91536667
94190,4065285.31426667
94191,5712145.5746
94192,4762685.59843333
94193,4716268.5772
94194,4737470.6488
94195,5257941.83037143
94196,4586984.89038095
94197,3482387.3532
94198,4292640.14146667
94199,3845248.00626667
94200,3469493.44812381
94201,4705846.6222
94202,4286352.07635714
94203,4736193.6923
94204,4834085.33283333
94205,4466864.27193333
94206,4596451.5026
94207,4545658.53603334
94208,4535705.00786667
94209,3772816.57307619
94210,4211823.46477778
94211,3932928.87507778
94212,4745547.5954
94213,3915887.7705
94214,4275584.37316667
94215,3932369.24766667
94216,4444428.7153
94217,3055751.18090159
94218,3209542.83983333
94219,4043239.15668572
94220,4603795.16153333
94221,5090132.70315238
94222,3976464.29653334
94223,3877636.26301111
94224,3540525.26301429
94225,3728410.2837381
94226,4633953.7778
94227,4966982.09454762
94228,3700430.63773333
94229,4356308.1682
94230,4341461.7274
94231,4538933.33823333
94232,3534821.33349048
94233,4783966.76033333
94234,2798925.28723334
94235,3602831.79207778
94236,3735261.26436667
94237,3265539.43266825
94238,4776240.25831904
94239,4031971.02922381
94240,4579215.13123333
94241,4074230.16223334
94242,4799496.80323334
94243,4483771.6626
94244,3119033.01140953
94245,3571115.4850873
94246,4858073.51626666
94247,4967016.31746666
94248,4177730.02393334
94249,4531341.47096667
94250,5011139.7132
94251,4356559.71264445
94252,4251472.065
94253,4045193.03290952
94254,4044434.96243333
94255,4535603.84406666
94256,4212529.6485
94257,5482964.44933334
94258,4593604.2444
94259,4519882.56169524
94260,4488698.97198572
94261,4381428.00554286
94262,3483029.93448572
94263,5721193.12913333
94264,5385862.91556667
94265,3400123.16706667
94266,4039896.20546667
94267,5033968.24856666
94268,4419115.11723333
94269,4495099.68531429
94270,4601241.48573333
94271,5070493.0721
94272,4665152.7073
94273,5017399.01756667
94274,3474879.78721587
94275,4552677.149
94276,4470242.13053333
94277,4134036.02623333
94278,5090495.51714762
94279,4026260.6458
94280,3950521.42533334
94281,4698671.3369
94282,4861645.77163334
94283,3649285.89536667
94284,4413954.7494
94285,4183115.77993333
94286,4318304.28676667
94287,4648533.76764286
94288,4483189.9443
94289,4205499.1001
94290,4194190.0114
94291,5157460.56396667
94292,4928400.95583333
94293,4766734.30756667
94294,4025807.36058095
94295,3154668.36944286
94296,4472213.3612
94297,4038731.38662857
94298,3619192.79864286
94299,5098330.95376667
94300,4863193.6543
94301,4462094.23913333
94302,4698254.95026667
94303,3842799.53507778
94304,4073940.86543333
94305,4809204.49153333
94306,5014200.385
94307,4225020.95909047
94308,5029929.41516667
94309,3755853.10170952
94310,4980497.2546
94311,3882607.49013334
94312,4824418.87509524
94313,4835412.87802857
94314,4361206.7371
94315,3485124.61880635
94316,5041688.89306667
94317,4553784.26243333
94318,4800447.3468
94319,3032383.43115714
94320,4450444.30719524
94321,5187918.3223
94322,4467980.66306667
94323,4035190.76
94324,4036950.54849048
94325,4497819.29752857
94326,4511654.3756
94327,3805593.57742381
94328,3967639.67013333
94329,4424584.70573333
94330,4573200.84924444
94331,4279038.77248572
94332,4246083.25342381
94333,3975577.3648
94334,5393393.93133333
94335,4930388.70013333
94336,3660902.96166667
94337,4375443.8297
94338,4212271.07083333
94339,4443263.07972381
94340,3627335.00736667
94341,4689170.25666667
94342,4426868.40683333
94343,3089126.11514286
94344,3304710.12649048
94345,4784201.97528095
94346,4398919.0108
94347,4470664.65663333
94348,4220854.15172381
94349,3944510.78717778
94350,4321721.79633333
94351,4064345.66753333
94352,4053992.31051111
94353,3471399.46531111
94354,4425610.71756667
94355,3082087.45885714
94356,4396281.36056667
94357,4529127.4831
94358,5009330.56839524
94359,4985721.71468571
94360,4403696.83729524
94361,4327465.41248571
94362,4541368.51713333
94363,3971320.4879
94364,3689377.75076667
94365,4073351.52933334
94366,4807496.3355
94367,3941847.55089524
94368,4717844.49733333
94369,4024622.97886667
94370,3937681.24950476
94371,4832139.76273333
94372,4696997.0204
94373,3634009.56267619
94374,4697831.4193
94375,3848353.95323333
94376,5185224.46006667
94377,4708828.22403333
94378,4622667.91423333
94379,4520571.1718
94380,4787091.28116191
94381,4910074.70146667
94382,4500343.41386667
94383,5053445.80926667
94384,4690286.57281904
94385,4588272.51606666
94386,4556871.365
94387,4624746.52405238
94388,4036606.01483333
94389,4887114.6778
94390,3199141.61846667
94391,4574764.2589
94392,4192902.7194
94393,4423009.69833333
94394,4155215.348
94395,4432599.37475714
94396,4260557.59326667
94397,4512346.01302381
94398,4792995.52166666
94399,4783674.6896
94400,5677417.54783333
94401,4592355.9671
94402,4800628.77882381
94403,4905343.921
94404,3609293.20647143
94405,5195336.4761
94406,4736655.15983333
94407,4611695.18569047
94408,4818617.66923333
94409,4228200.00736666
94410,3413738.39781111
94411,4395716.89793333
94412,3987418.23477778
94413,4777343.96494444
94414,4597619.4701
94415,4210914.65725714
94416,4061155.30703334
94417,4169775.27466666
94418,4109707.16787619
94419,5109342.70495238
94420,3729286.9243
94421,3585904.71933334
94422,4931511.00795238
94423,4893739.9583
94424,3988688.40502857
94425,5026335.89996667
94426,4240341.6209
94427,5042708.4781
94428,3825457.25213333
94429,5000937.87773333
94430,3682448.68147778
94431,4803300.14856667
94432,4349670.4954
94433,4295634.3885
94434,4510248.50484762
94435,4615732.42423334
94436,4038491.08183333
94437,4043670.13793333
94438,4205086.92124445
94439,4005675.83238334
94440,4399837.59766667
94441,4035831.39064445
94442,4466537.03833333
94443,4455435.67514445
94444,4747251.32686666
94445,4374715.47077778
94446,4448446.6539
94447,4398390.1751
94448,4178216.6666
94449,4877355.16563333
94450,5399105.59586667
94451,4901218.672
94452,4700549.76376666
94453,4516285.18189524
94454,4002186.34689524
94455,3708688.28066667
94456,4504011.78269524
94457,4253897.04768333
94458,4470983.45966666
94459,4264764.88556667
94460,5173944.63713333
94461,5353402.40336667
94462,5300780.12203333
94463,4838863.13846667
94464,3574581.0855
94465,3902274.4008
94466,4547999.9829
94467,2904090.73747619
94468,5082362.03426667
94469,4601902.2798
94470,4472514.92933333
94471,3741829.8478
94472,3541022.63622857
94473,4255318.92535238
94474,4577118.8906
94475,3782314.22423333
94476,4418460.44566667
94477,3780590.82201111
94478,4671551.61003333
94479,4490844.0217
94480,3865402.2561
94481,5076118.2625
94482,3921149.76609524
94483,4224172.31873333
94484,4422707.47765238
94485,3563930.80400952
94486,4210165.06927619
94487,4946816.8144
94488,4001567.49813333
94489,4597939.17376667
94490,4192277.86886667
94491,5307646.57216667
94492,4383487.54993333
94493,4766978.16024444
94494,4802840.36221111
94495,4450543.33623334
94496,4245324.04014921
94497,3654263.2854
94498,3351749.36943333
94499,3648661.39702381
94500,5348755.07165238
94501,4094704.3931
94502,4171141.29199207
94503,5430266.67093333
94504,3784297.66403334
94505,4163831.76686667
94506,4009005.49176667
94507,2921565.12046191
94508,3921605.04875714
94509,5212824.299
94510,4029823.58206191
94511,3214842.74940476
94512,3709296.3396873
94513,4136417.15736667
94514,4777935.26293333
94515,4248025.66876667
94516,3354113.9341254
94517,4856730.63852857
94518,4797400.66846667
94519,4518014.2446
94520,4634141.19446667
94521,3891552.67091111
94522,4393359.1826
94523,4561790.0777
94524,3597998.2698
94525,4543012.7886
94526,4349553.1031
94527,4102708.47609524
94528,4571351.0097
94529,5159675.22186666
94530,4134391.70193333
94531,3326022.53441429
94532,4236450.96173333
94533,4195898.7104
94534,4690544.5649
94535,3742126.13556667
94536,4036685.2451
94537,4688597.27133333
94538,4513334.69432857
94539,3929083.68877778
94540,4677686.68113333
94541,4235918.59226667
94542,4241443.28526667
94543,4251157.02598333
94544,4474549.95362857
94545,4950531.58006667
94546,4160274.8057619
94547,4617986.54936667
94548,4018056.96273333
94549,4052613.345
94550,4084170.29366667
94551,5410915.8635
94552,4510436.5189
94553,4148990.76153333
94554,4490749.79946666
94555,3762352.305
94556,4512504.66866667
94557,4359651.57293333
94558,3973442.51508572
94559,5013202.9921
94560,4629564.18393333
94561,5192611.6417
94562,4646229.27919047
94563,4332844.45503333
94564,3430748.33907302
94565,3612261.22146667
94566,4347359.71523333
94567,4708541.16916667
94568,3538384.75046667
94569,4216094.3536
94570,4658548.88533334
94571,4084804.8036
94572,4825899.428
94573,3677750.04403334
94574,4971827.81731905
94575,5143778.62623333
94576,3725644.67397143
94577,3930346.76292381
94578,4766044.34656666
94579,4636148.14243333
94580,3303333.3933873
94581,4305046.52493333
94582,4607334.14463333
94583,4436261.0171
94584,3861550.91075714
94585,3856564.81419048
94586,4838633.3627619
94587,4553570.1188
94588,4815370.41111905
94589,4524743.9891
94590,4852957.38353333
94591,4613680.4275
94592,3801694.54752857
94593,4115166.9284
94594,4644496.4358
94595,5530998.23488571
94596,4914647.51196666
94597,4716781.30713333
94598,4203088.39656667
94599,3561996.57817778
94600,4310840.22446666
94601,3866797.5592
94602,4580866.96873333
94603,3218254.14275714
94604,3857633.57553334
94605,4914773.22513333
94606,5385656.92485238
94607,4074384.7420619
94608,3330657.56406667
94609,4987426.65007778
94610,3716440.98453334
94611,4042274.8245
94612,4913379.7805
94613,3849306.45807619
94614,4644706.56556191
94615,4125003.22802381
94616,4394535.4399
94617,4013004.9842
94618,3436408.98003333
94619,4941053.45973333
94620,4642791.3418619
94621,4400179.67824762
94622,4395464.5906
94623,4784977.35533333
94624,4018472.0881
94625,4465140.48156667
94626,5134741.86145238
94627,4661312.40593333
94628,4144138.82313333
94629,4550718.34313333
94630,3538764.23180476
94631,3965550.3903873
94632,5046488.17299524
94633,3872686.40097619
94634,5027259.81046667
94635,3791448.08493333
94636,3711455.24278254
94637,4484716.15513809
94638,4707729.98673333
94639,4088809.91246667
94640,4472680.81386191
94641,4537069.09996667
94642,4319983.6688
94643,4151661.37573333
94644,5901386.473
94645,3981271.2301
94646,5190608.44533333
94647,5028372.84426667
94648,3521618.73711429
94649,4416918.8777
94650,4739489.35056666
94651,4089416.22070952
94652,4262667.35266191
94653,4812774.0999
94654,4095576.68706667
94655,3977342.48556667
94656,3434731.72151111
94657,3406327.70383492
94658,4222901.79638571
94659,2569295.81760952
94660,5776257.96196667
94661,4770893.9899
94662,4942696.81776667
94663,4447577.29856667
94664,4509239.55183334
94665,4314500.39236667
94666,3849601.88483333
94667,4794325.7313
94668,4371379.94913334
94669,4491041.5949
94670,5048278.7598619
94671,3854290.55313333
94672,4593244.3552
94673,3466067.07173333
94674,4512628.86446667
94675,4171362.8975
94676,4868512.46306667
94677,3490058.39217143
94678,5275044.5863
94679,4316139.91422857
94680,5735593.65216667
94681,4270833.96016667
94682,3575767.9995
94683,4058647.7241
94684,4748784.9673
94685,3638622.0803
94686,4624729.70986667
94687,5367880.3006619
94688,4333273.08713968
94689,4073119.2282
94690,3649589.76924286
94691,4634137.355
94692,3914730.51530476
94693,4096255.7084
94694,4653557.91029524
94695,4499939.49533333
94696,4698671.3369
94697,5197800.9654
94698,4027999.09949524
94699,4397893.88059524
94700,4941766.61823333
94701,4299383.24006667
94702,3771446.31183333
94703,4413461.94145238
94704,4449837.51201111
94705,4020458.24536667
94706,4888111.80243333
94707,4484709.036
94708,3588106.65913334
94709,5400469.1576
94710,4219763.5638
94711,4008818.70281667
94712,4687500.68966667
94713,4251814.32847619
94714,3417679.71510952
94715,4098718.17396667
94716,3729174.14045397
94717,4999379.99133334
94718,4429491.84179524
94719,3991907.93904444
94720,4622164.9696
94721,4499936.4598
94722,4512182.84814444
94723,4706803.09554444
94724,4692286.17018095
94725,3723431.62973333
94726,3903780.26503333
94727,4462154.2869
94728,3698260.30913333
94729,4844607.1984
94730,4028697.72888095
94731,4429721.29166667
94732,4952660.2536
94733,4381143.58911111
94734,4257508.48226667
94735,4111263.7204
94736,4007586.4503
94737,5254128.8569
94738,4741114.20585238
94739,4961589.68376667
94740,3309469.2258
94741,3686755.24053333
94742,3868229.37040635
94743,4050775.04830476
94744,5180916.0399
94745,4408428.85506667
94746,4345633.8032
94747,4123874.3184873
94748,3878447.51403333
94749,5562794.0326
94750,3265400.4812
94751,4468768.94506667
94752,4846415.704
94753,4949917.0769
94754,4538656.6121
94755,4398923.71493333
94756,4305230.57917778
94757,4288356.19456667
94758,4814311.28903333
94759,4127545.07493333
94760,4392323.08233333
94761,4079517.80654445
94762,4643287.74033333
94763,2669411.11253333
94764,4406099.90923334
94765,4786801.08563333
94766,4485242.45951429
94767,4211361.19721905
94768,4490349.38673333
94769,4188862.81165714
94770,3888365.26417143
94771,3966314.77473333
94772,4398315.95403333
94773,4636843.89053333
94774,4470546.504
94775,4665049.21830476
94776,4331260.88346667
94777,4411970.10673333
94778,5474940.0896
94779,4080939.52023334
94780,4935687.8315
94781,4398751.88284762
94782,3909450.04169524
94783,4262703.5748
94784,3204446.30454286
94785,3646834.42116667
94786,4147914.61046667
94787,4263326.76016667
94788,4255083.56537619
94789,4588274.459
94790,4336007.7286619
94791,4826278.73423333
94792,4741545.75753334
94793,3629179.13027619
94794,4697042.4682
94795,3930763.71132381
94796,5408583.7487
94797,4595342.1978
94798,4534303.99040952
94799,3721186.33394445
94800,3803875.39800953
94801,4714389.53411111
94802,3375777.84264286
94803,5261497.0047
94804,5168209.72862619
94805,4460157.7787
94806,4165817.56921905
94807,3550452.55082857
94808,4641063.93886666
94809,3064566.51079048
94810,4740279.22363333
94811,4149528.02992857
94812,4513997.17996666
94813,4166971.38043333
94814,5067695.3607
94815,3904160.82561111
94816,3968223.55885952
94817,4503915.67223333
94818,4498959.1875
94819,5132103.1038
94820,3711178.79929524
94821,4162840.41696191
94822,4702264.8257
94823,6114683.3446
94824,4159219.68337778
94825,3515049.20723333
94826,4721328.7758
94827,5169088.88436667
94828,4299178.6289
94829,5330886.6967
94830,4447096.76586667
94831,3492062.55110953
94832,4505299.97676667
94833,4308637.04087619
94834,4686848.24380952
94835,4771254.97703333
94836,5048412.1117
94837,4355956.66482857
94838,3005758.70167619
94839,3939251.8648
94840,4623715.4705
94841,3869231.2259
94842,4468722.23416666
94843,4079990.34798572
94844,4021323.06801429
94845,4533331.02679682
94846,4144684.4499
94847,4736801.56146667
94848,4185050.15326667
94849,4073168.69543333
94850,5009396.4114
94851,4217788.56946667
94852,4383270.38816667
94853,3015305.1151381
94854,4358916.82666667
94855,4966326.48133333
94856,4189005.40100476
94857,3772816.57307619
94858,4746690.4567619
94859,4914464.34636667
94860,4226388.91133334
94861,4601562.51215952
94862,2545353.3660381
94863,2885482.3865
94864,3840999.20133333
94865,3807560.33851111
94866,4090816.6682
94867,5013797.3313
94868,4615389.95256666
94869,3501618.87125714
94870,4558823.71471429
94871,4081310.21320476
94872,4527818.40813334
94873,3397304.73194286
94874,4918457.89073334
94875,4782788.74699048
94876,4536775.361
94877,3965454.57556667
94878,4201122.4167
94879,2450187.48222063
94880,3930343.3993381
94881,4328850.36206667
94882,4117878.98606667
94883,4013078.50105714
94884,3080881.63221587
94885,4773259.78344445
94886,4055175.04258572
94887,4151818.07816667
94888,3329566.12733333
94889,4480299.70746666
94890,4025641.14080952
94891,4780684.82533333
94892,4324225.85396825
94893,4219231.90094762
94894,4446766.4476
94895,4597939.17376667
94896,3884805.09313333
94897,4607657.7719
94898,4312699.76263333
94899,3866366.11114444
94900,4922359.7631
94901,4102931.21473968
94902,3485908.73316666
94903,4716932.91336666
94904,3788523.27956667
94905,3841890.18913333
94906,4930388.70013333
94907,3557572.2634873
94908,3751293.9746
94909,3619381.97421905
94910,4428445.9214
94911,4490500.5824
94912,3561931.42316667
94913,4375580.84413334
94914,3889242.0617
94915,5160253.7483
94916,4829153.43178571
94917,3581884.24123968
94918,4193128.8889
94919,4752017.94166666
94920,3536917.3265
94921,4778545.5008
94922,4987979.2349619
94923,3700419.38896667
94924,4354537.46735714
94925,4338603.5056
94926,3171300.28544445
94927,4365023.45323333
94928,4007599.73703333
94929,3842827.88006667
94930,4801815.8057
94931,3774295.87565238
94932,5530297.516
94933,4620852.37236667
94934,4239802.62603333
94935,4361381.00899206
94936,4143225.40623333
94937,2404193.29339048
94938,3729709.8134
94939,3999457.53646667
94940,4774295.04006667
94941,4362563.17303334
94942,4608185.03059524
94943,4804806.7559
94944,5147984.65116667
94945,4748580.0354
94946,3904636.46436667
94947,4129054.69473334
94948,4697442.65646667
94949,4802011.3191
94950,4555229.2496
94951,4828178.17704286
94952,4518080.77763333
94953,4412633.57384286
94954,3602597.56332857
94955,4321564.3943119
94956,4435970.10576667
94957,3790052.51066667
94958,3667372.95036667
94959,4913422.07963333
94960,5251020.111
94961,4439786.5324
94962,4801254.77963333
94963,4348348.69603333
94964,4404746.6812
94965,4588527.67872857
94966,4340869.55896667
94967,4095654.72794762
94968,4573481.68074445
94969,3304783.52644286
94970,4606228.0951
94971,3908274.71193334
94972,4740940.15623333
94973,3890327.09256667
94974,4134073.21946667
94975,3430904.4875
94976,3695968.8993
94977,4191063.28364445
94978,3709816.44546667
94979,4938468.41656666
94980,4855463.06946666
94981,4408840.96964286
94982,4690086.5635
94983,4554604.5964
94984,4845005.2582619
94985,4863080.68613333
94986,3886502.2975
94987,3779161.18006667
94988,4180547.70534444
94989,3438908.65463333
94990,4981009.67393333
94991,3081558.2939
94992,4108385.76816667
94993,4039178.10953333
94994,4652890.6442
94995,4260191.8497
94996,3790347.64357777
94997,4835249.76462857
94998,5021670.84053333
94999,3866479.35943333
95000,4450211.045
95001,4096992.68573333
95002,4120201.45893333
95003,4531182.74116666
95004,5113114.48113333
95005,4417165.38846667
95006,4213026.22660952
95007,4031289.54891587
95008,3780559.24496667
95009,4469728.12153333
95010,3366478.08026667
95011,3418973.44812857
95012,4272046.55976667
95013,3861628.69473333
95014,4286410.50263334
95015,3370858.51626667
95016,4264212.11201667
95017,3954583.11896667
95018,4416787.3888
95019,4430603.01226667
95020,3896952.38063334
95021,5029077.78283334
95022,4675061.03607778
95023,4257619.6188
95024,4132632.11841587
95025,3961880.17173334
95026,3626891.26437143
95027,4474224.287
95028,4534009.58021111
95029,4411043.11456191
95030,4033082.91477778
95031,4617890.44976667
95032,5619849.28675238
95033,4189846.449
95034,4285396.10279524
95035,4652306.21766666
95036,4150300.34701111
95037,4517777.6744
95038,4365846.23646667
95039,3190897.72787143
95040,4064378.49843333
95041,3601074.91364286
95042,4086366.564
95043,4842469.66373334
95044,3531345.16275397
95045,4046547.43886667
95046,4613222.67013333
95047,4295650.3024
95048,4580267.90233333
95049,4373443.56636667
95050,4257222.82079524
95051,4433998.07659524
95052,4399225.89886666
95053,4859945.26983334
95054,4370622.00981111
95055,3458856.0183
95056,4738380.87853333
95057,4334832.3499
95058,4747423.1574
95059,4296246.9116
95060,3936582.01402381
95061,4422851.60363333
95062,4194399.81823333
95063,4144899.5164
95064,4220433.66416666
95065,3160069.277
95066,4686359.54026666
95067,4225934.22315714
95068,4551175.0583
95069,4760666.82466666
95070,5022167.84856667
95071,4066731.5059
95072,3545062.88503334
95073,5049572.15036666
95074,5057811.06963333
95075,3788383.61072857
95076,3685750.6955381
95077,4169006.39526191
95078,2814623.88946667
95079,3219705.35775715
95080,4714631.0063
95081,3608092.29340953
95082,3661173.80536667
95083,4680213.94236667
95084,5528885.852
95085,4736473.01283333
95086,4758282.57727778
95087,4795462.8479
95088,3647286.34852064
95089,3927155.4764
95090,4469418.83543334
95091,4981035.39866667
95092,4843833.20276667
95093,5411676.55306667
95094,3635588.53756191
95095,4483433.79676667
95096,4714434.89953334
95097,3927822.78276191
95098,4494800.45244444
95099,3504467.09933333
95100,4479583.02150953
95101,4404724.3148
95102,3759533.58494286
95103,4132583.7432
95104,4888445.23106666
95105,2844290.74616667
95106,3808797.0334
95107,4225698.78299048
95108,3778159.23136667
95109,4420329.2519
95110,4705779.58246667
95111,4903599.35943333
95112,4169016.99832857
95113,3251433.06376191
95114,3723887.13134286
95115,4970754.9479381
95116,4076185.11826667
95117,3881459.98140476
95118,5252817.09136667
95119,4377241.27573333
95120,4387159.83565238
95121,4374899.6146
95122,4226766.32313333
95123,4771619.69783333
95124,4747423.1574
95125,4086921.37194286
95126,4330805.58926667
95127,4474733.05453333
95128,5103158.8801
95129,4069864.35215238
95130,3146307.03989524
95131,4281426.6496
95132,4403856.21533333
95133,3849458.20087778
95134,4274769.75189524
95135,4256861.8542
95136,4934130.79293333
95137,4934289.26063334
95138,4456685.33846667
95139,4316490.9827
95140,3604530.7777
95141,4213713.80916667
95142,4100617.05740952
95143,3792497.27545397
95144,4557702.13593333
95145,3935592.89493334
95146,4859574.05653333
95147,4698843.09253333
95148,3213734.72693333
95149,4491768.41226667
95150,4620933.96276667
95151,3638937.48356667
95152,5240853.16566667
95153,5812000.8305
95154,4288238.53643333
95155,3623371.48863334
95156,4679627.5688
95157,3592210.07988095
95158,3951758.13433334
95159,3799473.86157619
95160,4750368.37596191
95161,2918925.70840953
95162,5060059.18113333
95163,4222276.3135
95164,4280176.02691111
95165,4230539.44106667
95166,3810055.73217619
95167,5335841.7206
95168,5213524.49373334
95169,4591622.5479
95170,4217117.5761
95171,5551388.69073333
95172,4495735.9389
95173,4435975.1305
95174,4252577.68576667
95175,3857691.45003333
95176,4212311.20083334
95177,4097070.9402
95178,4676951.28726667
95179,3378595.28256667
95180,3737396.42369048
95181,4149738.64237619
95182,4829918.72633333
95183,2351821.31620952
95184,4080302.96973333
95185,3978364.89786667
95186,4933734.19883334
95187,3892553.46121111
95188,3918621.5957
95189,4905515.59266666
95190,4823053.5009
95191,4483365.89669524
95192,4183435.00583333
95193,4725493.9522
95194,4005026.06256667
95195,4012171.50958095
95196,2569295.81760952
95197,3691801.55147143
95198,4385222.02906667
95199,4659514.5972
95200,4520089.6407
95201,4702976.77453333
95202,3984118.71456191
95203,4319719.65666667
95204,3803131.44984286
95205,4544602.76483333
95206,4666392.62516666
95207,4282531.13416667
95208,4849034.4659
95209,4278091.49576667
95210,4154461.46762857
95211,3900740.02796666
95212,3717739.5776
95213,3966786.41499048
95214,4598110.349
95215,5016958.57116667
95216,4496914.4809
95217,5002715.17306666
95218,5477801.24383333
95219,4056508.6064381
95220,3906876.4103
95221,2987868.43542064
95222,4832695.61026666
95223,4436490.9862
95224,5066899.0174
95225,4467673.3447
95226,5096057.1422
95227,4407868.56336667
95228,3308125.21870476
95229,4619759.715
95230,3912998.08463333
95231,4319032.0476
95232,5113611.05143334
95233,4653586.96123333
95234,4426216.14079524
95235,3706914.6808
95236,4811221.75753333
95237,3447289.06941111
95238,4230704.52406667
95239,4809618.85833334
95240,3979811.7273
95241,3937025.16576667
95242,4550424.67786667
95243,3805790.81027778
95244,5252395.0239
95245,3239657.9332254
95246,4407102.60366667
95247,4175985.1349
95248,3962883.69058572
95249,3879414.11061111
95250,5073525.47466667
95251,4315617.73200952
95252,4095693.15882857
95253,4466482.75873333
95254,4635154.88556667
95255,4809996.68025238
95256,4512603.81596667
95257,4226724.28017143
95258,3311101.18910159
95259,4423919.69595238
95260,3773347.27644445
95261,4603343.20833333
95262,4069261.6796619
95263,4845104.87813333
95264,4365505.51007143
95265,4640152.9545
95266,4346886.93173333
95267,4375384.11886667
95268,4682347.4634
95269,3993005.51036667
95270,3434433.50413333
95271,4691170.15719999
95272,4726008.23023333
95273,4478837.9464
95274,4769551.53344444
95275,4989277.83076666
95276,3536179.57554286
95277,5016797.73986666
95278,4359003.15773333
95279,4468084.05973334
95280,4400536.81393333
95281,3632719.27129048
95282,4777761.74916666
95283,4743434.4867
95284,3625997.78898254
95285,3959083.5378
95286,4315079.73417778
95287,3827659.40171905
95288,4462267.55095238
95289,3921901.38633333
95290,5014196.175
95291,4698905.88163333
95292,4834714.24511905
95293,4369887.60431587
95294,4618734.0349
95295,4396978.76821111
95296,3873783.29166667
95297,3859571.23683333
95298,4552718.86466666
95299,4922374.48943334
95300,4173272.31704444
95301,4164134.52643334
95302,4128097.6214
95303,3933264.22113334
95304,4249615.08403334
95305,5043935.9859
95306,2492541.5029
95307,5180645.72996191
95308,3881400.81926191
95309,4260929.8425
95310,4358613.51966667
95311,3304606.81319048
95312,4386702.52712857
95313,4833989.18763333
95314,4452059.10223333
95315,5237998.32249524
95316,4714249.38272857
95317,4446369.52743333
95318,4046622.76726667
95319,4211128.71824762
95320,3041127.08253333
95321,4255314.01634444
95322,4049996.11472857
95323,4224160.96641587
95324,4583984.19676667
95325,4444230.54386667
95326,3790193.63316667
95327,4227712.58233333
95328,4487565.08983333
95329,3580672.93306667
95330,4411350.87446667
95331,4733588.1256
95332,4578383.4324
95333,4847991.27603333
95334,3696797.38263333
95335,4639222.0537
95336,4385544.69766667
95337,2504445.50984762
95338,3912109.14748571
95339,4208968.7345
95340,4420467.46391111
95341,4073788.6326873
95342,4329224.044
95343,4624423.96606667
95344,4427478.33993334
95345,4116714.66686667
95346,3116808.83436667
95347,4214169.43023333
95348,5136303.94661904
95349,4412307.90773333
95350,5117578.8524
95351,3794562.8933254
95352,4379260.2092
95353,4559844.94896667
95354,3218059.69715715
95355,4455594.52443334
95356,5597314.4379
95357,3029696.00901905
95358,4933202.01193334
95359,4501891.75246667
95360,4172384.27143333
95361,4230625.26666667
95362,4000720.29911429
95363,4284232.02680952
95364,4668734.41523333
95365,4661670.11058571
95366,5033058.0125
95367,4662024.1735
95368,5232487.22456667
95369,4162340.59766667
95370,4883618.01806667
95371,4200170.28597778
95372,3055453.58665397
95373,4925416.32803333
95374,3644263.28953809
95375,4374508.78832857
95376,4941956.93552857
95377,4284289.7533
95378,4270227.10893334
95379,4385551.32775714
95380,4395056.86873333
95381,4370171.62624286
95382,4433975.87267619
95383,4363351.4305
95384,4287969.37729524
95385,4215541.06313334
95386,4158657.95646667
95387,4827340.54003333
95388,4513217.87556667
95389,5424192.05493333
95390,4548150.94816667
95391,4305678.57697619
95392,4997228.81763333
95393,4846089.35
95394,3644872.92693333
95395,3856396.387
95396,3887937.0879
95397,4518443.05546667
95398,4719752.00533333
95399,3569459.32783334
95400,3749736.87080476
95401,4625248.6835
95402,4840363.8741
95403,4960798.2356
95404,5795698.65636667
95405,4097612.60156667
95406,4272047.852
95407,3485401.88406667
95408,5301393.22123333
95409,4892240.11733333
95410,4018370.1089
95411,4354832.10241111
95412,5088209.5945
95413,4281935.05401905
95414,3684844.4671
95415,4767040.63124444
95416,4713441.19976666
95417,3374465.32840635
95418,4229781.6999
95419,4358336.23193333
95420,4186343.71623333
95421,4105789.15267778
95422,5499933.3177
95423,4638443.03020001
95424,3927152.67823492
95425,4741646.68138333
95426,3714275.61148254
95427,3701156.17827778
95428,4073097.50758572
95429,3826814.2081
95430,5326241.8624
95431,4611385.4964
95432,3940935.80207143
95433,4480795.92556666
95434,5526237.1573
95435,2583826.92599683
95436,4394861.57446666
95437,4209817.94073333
95438,4171995.52444444
95439,4020671.3096
95440,4690698.85675
95441,4467252.53786667
95442,4043880.21496667
95443,3847851.89893333
95444,4503433.30486667
95445,4085135.28523333
95446,4306639.6421
95447,5101460.4633
95448,4286333.60496667
95449,3236958.79235715
95450,4249621.2667
95451,3279199.1339
95452,4742033.5486
95453,4899802.99316667
95454,4386331.61703333
95455,4580024.5746619
95456,4191037.31301111
95457,5197965.478
95458,3815079.14604445
95459,4644706.56556191
95460,4310288.14869524
95461,4645424.85626667
95462,2572451.36344286
95463,4772347.93905
95464,4543234.4558
95465,3710051.52303334
95466,3910995.4482
95467,4437021.19823333
95468,5332239.91383334
95469,4684551.60812857
95470,3755940.59443333
95471,3766471.90286191
95472,4714683.55383333
95473,4238728.38903333
95474,3981619.54227619
95475,4261973.78713333
95476,3991676.2219
95477,5001785.06626667
95478,3079377.51637778
95479,3451798.47841111
95480,4812632.1685
95481,3996619.02453333
95482,5174725.2488
95483,4578382.7419
95484,4153923.76129048
95485,4429915.61919048
95486,4777343.96494444
95487,4287364.26657778
95488,4028876.3918873
95489,4170577.95253334
95490,3450301.9067
95491,3375298.16073334
95492,4210174.75606667
95493,4422425.90767619
95494,4403751.83266191
95495,3087080.33247778
95496,4444074.27346667
95497,4385919.83003333
95498,4676115.85556667
95499,3590579.0405
95500,4610438.38432857
95501,3497281.5493873
95502,2731079.979
95503,4174859.26403333
95504,4769676.894
95505,5212665.78026667
95506,3518174.64595397
95507,3070600.6892873
95508,3978415.90546667
95509,3189719.04742381
95510,4000748.922
95511,3681595.91813333
95512,4574299.55386666
95513,4454956.55033016
95514,3916308.89076667
95515,4902502.97566667
95516,4867350.62436667
95517,4708904.03322381
95518,3168893.27826667
95519,4568612.1655
95520,3662514.8354381
95521,3443485.1764619
95522,4960970.29106667
95523,4123022.06540953
95524,4940921.2465
95525,4564419.98433333
95526,5102478.72703333
95527,4662571.58906666
95528,4557411.8927
95529,4916782.29023333
95530,3744587.55199524
95531,4901679.2267
95532,4477067.10651111
95533,4605111.50571111
95534,3553678.34004286
95535,4741158.11877778
95536,4490827.20443334
95537,4644070.16453333
95538,4316364.30739047
95539,4626673.79526667
95540,4101542.4424
95541,2925089.41767619
95542,3274514.97583333
95543,4781733.90400952
95544,5148610.5362
95545,4257407.24657143
95546,4803648.01318096
95547,4209415.44241111
95548,3824985.91051905
95549,4785491.3848
95550,4221091.57426667
95551,5147703.5308619
95552,4761932.97796667
95553,4376366.4162
95554,4416769.95566667
95555,4488238.18353333
95556,5631249.31243333
95557,4590547.859
95558,4038074.4116
95559,4010411.1264
95560,4712098.4122
95561,4238294.09628571
95562,5456424.77195238
95563,4749906.8691
95564,3286498.23480476
95565,4548825.64169524
95566,4035379.9093
95567,4310610.8758
95568,4574425.90563333
95569,4455646.6261
95570,4184830.73206667
95571,4733565.76043333
95572,4732693.7849
95573,5119142.37596667
95574,5018297.33893333
95575,3111593.17007619
95576,4195019.07476667
95577,4118230.5598381
95578,3939561.28296667
95579,3178744.76481429
95580,4612914.28783333
95581,4096532.94807302
95582,4382533.19923333
95583,4154803.38263333
95584,4268395.90106191
95585,3991558.16041905
95586,4272402.43043333
95587,4456651.88043333
95588,4285474.8228
95589,4341456.6112
95590,3406298.98566191
95591,4519146.9046
95592,4585675.0932
95593,5656106.5599
95594,4199019.13316666
95595,4129302.56490476
95596,4764355.1661
95597,4393961.7114
95598,4145477.70290476
95599,4398674.34519524
95600,3570392.0143381
95601,4351429.9981
95602,4429406.51887619
95603,4394005.23024444
95604,4251669.42216667
95605,4567480.9671
95606,3656504.93306667
95607,4228614.1513
95608,3612944.84208095
95609,4286653.13386666
95610,3778294.32899524
95611,3876087.24786667
95612,4016027.49906191
95613,4811027.87310953
95614,4481673.43236667
95615,3997442.148
95616,4414459.15773333
95617,4466146.00131111
95618,4929530.01436667
95619,4049778.78611587
95620,3723211.5749
95621,3406652.87023334
95622,4260543.0222
95623,4932129.3594
95624,4517626.24383333
95625,3671380.40466191
95626,4498544.8644
95627,3452042.7004
95628,5181570.99826667
95629,3572512.0036619
95630,4832497.48396667
95631,4355702.33173333
95632,4856754.05173333
95633,5014523.13273333
95634,3870691.64864921
95635,3987072.86786191
95636,4366309.67471111
95637,4766878.7669
95638,4303287.94709524
95639,4481600.65906667
95640,4737786.3678
95641,3121932.42766191
95642,4169016.99832857
95643,3705746.11671111
95644,4816660.12706667
95645,5039938.77628571
95646,4818480.7548
95647,3728824.10666667
95648,2604348.15720476
95649,4578718.39913333
95650,4019424.45143333
95651,4903761.94219999
95652,4289466.89551111
95653,4118214.18546667
95654,3855812.0459
95655,3688253.36335714
95656,5584743.31366667
95657,4621854.88451111
95658,5444829.7696
95659,3276246.0711381
95660,4949702.68783333
95661,4059595.84997778
95662,4402454.30386667
95663,4553179.61783333
95664,4363086.80296667
95665,4625321.10163334
95666,3334158.7598
95667,4379714.2088
95668,4085470.8146
95669,4519451.94343333
95670,4348000.24226191
95671,4341899.0275
95672,4868126.91333333
95673,4192223.8515
95674,4809626.84824762
95675,3942892.24247778
95676,4348420.64406667
95677,3307260.8624
95678,4778075.56703333
95679,4632087.05176667
95680,4029094.45946667
95681,4880017.50936666
95682,4332932.07157619
95683,4884303.42776666
95684,5477461.67453333
95685,3573907.35416667
95686,4525266.19440952
95687,3805432.01196667
95688,4138510.66023334
95689,3784316.78534286
95690,3915575.89296667
95691,4338852.58889286
95692,4961254.75993333
95693,4599429.53976667
95694,4178931.3517
95695,4071851.51973333
95696,3596789.58376667
95697,4213891.0805
95698,5156817.89523333
95699,3833916.45716191
95700,4949123.91843333
95701,5097687.59286666
95702,2425502.07146349
95703,3990391.71947619
95704,3310418.00786667
95705,4441679.8067
95706,4536417.82967778
95707,4522105.4241
95708,3953343.36696667
95709,4824539.70438571
95710,4497638.52206666
95711,4550475.93453333
95712,4407462.16203333
95713,5245853.16373334
95714,4521249.6659
95715,4498473.86483333
95716,4654219.22323333
95717,4653836.97686667
95718,3960020.19793334
95719,3948477.40515714
95720,4055403.4186
95721,4397718.46666667
95722,3864731.21017619
95723,5052960.94133333
95724,4538194.7936
95725,4728658.46973333
95726,3768824.09793334
95727,3898979.26692857
95728,4338751.61635714
95729,4513468.34493333
95730,3823167.0406
95731,4480680.19783334
95732,4954260.1662
95733,4557643.74366667
95734,4583664.7329
95735,4272461.6781
95736,4553203.3602
95737,5163404.22523333
95738,4367450.18752857
95739,4579935.62896667
95740,4744151.12446666
95741,3912847.739
95742,4551711.28773333
95743,4582628.6292
95744,3634328.62033333
95745,4441625.69816667
95746,4513786.14346667
95747,4060921.55696667
95748,4849611.53006667
95749,3834218.01513333
95750,4710895.88906191
95751,5218994.13816667
95752,4138823.57366667
95753,3659799.9172381
95754,4453004.9187
95755,3436312.33032064
95756,4463840.3231
95757,4577568.0117
95758,4797741.5677619
95759,4265199.32483334
95760,4529609.25446666
95761,5311765.72863333
95762,3777566.2518
95763,3290141.94190476
95764,4126018.44740635
95765,4004195.4698
95766,4717640.78696667
95767,4550698.69143333
95768,3891363.80663333
95769,3577327.42976667
95770,4047041.61130953
95771,4450743.0395
95772,4670526.27903333
95773,4091540.84643333
95774,4121253.8502
95775,4122194.932
95776,3743220.5055
95777,4733947.8568
95778,4589596.67026667
95779,4440470.0009
95780,3215966.32374921
95781,3512492.39014444
95782,2925840.74514444
95783,4621443.6574
95784,4199703.14466666
95785,4059680.69976667
95786,2744428.8579
95787,4134558.92016667
95788,4266545.61293333
95789,4194133.61393334
95790,4060697.57603334
95791,3709237.38144286
95792,5089730.07633334
95793,4597657.41406667
95794,3352361.65572857
95795,4423741.67274762
95796,5008493.22396666
95797,4915012.4004
95798,4564020.4602
95799,5016260.75326666
95800,4783863.24396666
95801,4023016.11763333
95802,3120656.53891905
95803,3927233.81376667
95804,4787529.8864
95805,4483930.20336667
95806,3947460.80097778
95807,5468817.96103333
95808,3578134.80623333
95809,4314040.49246667
95810,4726816.66463333
95811,4656016.13899047
95812,4486984.92701111
95813,4487251.42147619
95814,4253517.2508
95815,4734348.33724444
95816,4241502.58545715
95817,4885076.55994285
95818,4580794.34496667
95819,3821609.48496667
95820,4584054.98016667
95821,4247140.43004286
95822,4172443.18304762
95823,4288192.47103333
95824,4821912.89116191
95825,5022806.94943333
95826,4725475.4882
95827,4274646.52543333
95828,2557377.7859
95829,4929008.2723
95830,4823371.87043333
95831,4824747.1927
95832,3350936.13940476
95833,3790742.752
95834,3065726.5523
95835,4741845.61473333
95836,3926182.79569048
95837,3792332.1495
95838,4311720.64772857
95839,4609322.80686667
95840,5186453.09326667
95841,4071982.93232857
95842,4467696.71014444
95843,4400915.64239524
95844,5236775.75503334
95845,4628535.47144444
95846,5021041.51006667
95847,3744810.46950952
95848,4034617.44154286
95849,5060478.86253333
95850,4710926.38963334
95851,5051835.50235238
95852,5525306.6684
95853,4125532.64966667
95854,4314402.28066667
95855,3610895.771
95856,4434009.7153
95857,3949441.44696667
95858,3824821.52203333
95859,4889601.7244
95860,4153588.04880952
95861,4368457.98337302
95862,4411438.63187619
95863,4336135.62320476
95864,4122589.36507619
95865,4527278.50154444
95866,4532393.17163333
95867,5445923.7328
95868,4259687.9998
95869,4523426.51537619
95870,4440821.47273333
95871,3658171.81991111
95872,4100583.77293333
95873,4225451.52416667
95874,3835113.70493333
95875,4403970.48383333
95876,4204005.6249
95877,3777255.52256667
95878,4089654.39106667
95879,4544347.7004
95880,5347356.2473
95881,4023455.68871429
95882,4060179.08971905
95883,3850416.27936667
95884,3030618.23914921
95885,4732965.1113
95886,4668340.50916191
95887,4762161.8646619
95888,3774829.28598571
95889,4775388.12213334
95890,4258826.7734
95891,4210810.84526666
95892,4970361.11113333
95893,4728484.58516666
95894,4992600.37193333
95895,3244781.25484444
95896,4609522.37896666
95897,5103343.91479524
95898,4818859.3145
95899,4184007.6752
95900,4467278.5243
95901,3981871.0771
95902,4849730.22353333
95903,4390259.23333333
95904,5165774.04046667
95905,5374613.311
95906,3481180.81416667
95907,4068225.6445
95908,5265001.66815238
95909,3860758.37183333
95910,4319216.03746667
95911,4193504.23647143
95912,5182920.6786
95913,4158784.62042857
95914,4557983.27036667
95915,4762790.5995619
95916,4781048.06083333
95917,2926849.7827
95918,3893689.2754
95919,4615476.3751
95920,3893480.39079524
95921,3818792.81046667
95922,3685939.44750953
95923,4731149.19268571
95924,4135941.59953333
95925,4492587.52396667
95926,4620224.37313334
95927,5500110.585
95928,4203429.23816667
95929,4571313.24762857
95930,5000081.0797
95931,4861440.391
95932,3219437.38033333
95933,4189451.13991111
95934,4247003.24056191
95935,4817280.5766
95936,4493713.04476667
95937,3964486.24427778
95938,3869380.6031
95939,3306045.69377143
95940,4234137.96436667
95941,4995539.38903333
95942,4661539.28243333
95943,3522465.34757143
95944,5086822.1878
95945,4568568.1016
95946,3575548.96090476
95947,4095183.56972857
95948,4772148.4938
95949,4748771.01283333
95950,4276850.23943333
95951,4064966.73412857
95952,4365737.57986666
95953,4172601.92587143
95954,4058052.16563333
95955,4571039.0948
95956,3833778.92103333
95957,4477964.07513333
95958,4524071.63203333
95959,3591103.04630635
95960,4546069.6931
95961,4434614.18046666
95962,3576671.93647619
95963,4814847.28073333
95964,3346851.4752
95965,4307233.1346
95966,3152987.11635714
95967,4177254.79078572
95968,3657348.19815873
95969,3714149.38158095
95970,4946749.70166666
95971,3995809.42333333
95972,4255925.24993333
95973,3895302.7722
95974,3179984.11704444
95975,4241341.5039
95976,3358636.57256667
95977,4541226.66886667
95978,3650051.14156191
95979,4932316.18203333
95980,4969187.78369524
95981,4135617.06430953
95982,5020816.52146667
95983,3786678.96426667
95984,3978076.58313333
95985,4620351.47376666
95986,3860103.43796667
95987,4835226.12513333
95988,4747965.78453333
95989,5406821.33115238
95990,5190251.30963333
95991,4548316.08813333
95992,4741015.59682857
95993,4675558.33176666
95994,3605927.04460476
95995,4838859.95819999
95996,2559550.28424286
95997,3686543.53576667
95998,4992630.5066
95999,3713031.77116667
96000,4009742.64109524
96001,3899676.63427619
96002,3766299.04601111
96003,4073614.80642857
96004,4456274.01986666
96005,4112932.50554444
96006,3563378.45515714
96007,5451431.85576667
96008,4082731.7308381
96009,6162300.24816666
96010,4788488.02065238
96011,5289093.9166
96012,4551593.71653333
96013,5125620.56269682
96014,4643424.77861111
96015,4977855.86296667
96016,4546371.71319524
96017,4689455.94733333
96018,4378793.51369524
96019,3879688.91406667
96020,4817729.1218
96021,4567442.1803
96022,4062163.86761111
96023,3570064.56727619
96024,4339530.20979048
96025,4587031.8741
96026,3983161.8989
96027,4877712.72446667
96028,5885637.53821111
96029,4414305.52217778
96030,4005643.98574445
96031,4122651.24763333
96032,3873310.00606667
96033,3584528.73083334
96034,3959400.42861111
96035,3878415.75774762
96036,4180458.95186349
96037,3992462.464
96038,4176830.21258572
96039,3294239.29965397
96040,5619799.53563334
96041,4753237.35803333
96042,4078950.22996667
96043,4594344.25706666
96044,4034033.9004873
96045,4263377.45586667
96046,4359508.3206
96047,4693907.42925714
96048,3571658.38760477
96049,5173554.56707619
96050,3245149.25639524
96051,3638234.12818254
96052,3233891.63823809
96053,3920928.72456667
96054,4406303.6359
96055,4802942.1589
96056,4976109.07958095
96057,3997500.86433333
96058,3845444.14289048
96059,3838792.69029048
96060,5464282.1912
96061,5193630.8307
96062,5148510.7924
96063,3431410.36643333
96064,4117161.8436
96065,4508543.22796667
96066,3990172.42103968
96067,4292611.08181111
96068,4814459.37043333
96069,4057109.37486667
96070,4424870.72447143
96071,4130569.75406667
96072,4807982.214
96073,4034510.67382381
96074,3345676.30748095
96075,4672988.13893334
96076,4524883.6561
96077,4529682.88016667
96078,4272774.97527143
96079,4236223.40819524
96080,3441358.4279
96081,3793874.856
96082,4828184.94396667
96083,4243755.84666667
96084,4587699.6472
96085,4849776.14266667
96086,5041942.23873333
96087,4056242.5064
96088,3246820.6273
96089,4224122.76044445
96090,3350936.13940476
96091,4994548.40546667
96092,3242691.8218
96093,4744076.053
96094,3398515.7165
96095,3932252.04196191
96096,4163408.17266667
96097,3215010.55020635
96098,5418462.90003333
96099,3747919.24756667
96100,4704926.13543333
96101,4069884.77179524
96102,4851552.4181
96103,4208352.16646667
96104,3942969.56030953
96105,4139723.19626667
96106,2801080.70274286
96107,4711665.12409524
96108,3474728.85853333
96109,5091344.09663333
96110,5044287.71276666
96111,4549178.25116666
96112,4003044.646
96113,4627084.78943333
96114,4088509.11403333
96115,5580243.39158571
96116,4747405.70199524
96117,3893285.21977619
96118,3589559.66636349
96119,5295088.806
96120,3986714.25354286
96121,4257351.70616667
96122,4326321.7113
96123,4245796.59833333
96124,3988975.8657
96125,4801354.9142
96126,3795883.0919
96127,4279094.42176667
96128,4549995.98675238
96129,4992833.43086667
96130,4964511.71763333
96131,4765425.16366666
96132,4806011.4695
96133,4716066.28553333
96134,3557953.80823333
96135,4724983.1
96136,3953447.7618
96137,4794095.75083333
96138,4396337.58893334
96139,5417024.19733333
96140,5074425.39886667
96141,4691912.6849
96142,4219554.31366667
96143,4427590.728
96144,4821544.34563333
96145,4327266.29173333
96146,3944409.78667778
96147,3799630.6238254
96148,3451091.57326667
96149,4347959.8345
96150,4281303.10613333
96151,4320969.66046667
96152,4002128.5322
96153,4241652.9893
96154,4426249.74806667
96155,4359386.8879
96156,5197595.71746667
96157,3862380.06060952
96158,4467513.19954444
96159,3967538.72593333
96160,4171305.19643333
96161,3954176.79436667
96162,3801687.30561111
96163,4948872.9539
96164,3208720.08235715
96165,4180987.35447302
96166,4620055.25936666
96167,4021205.7307
96168,4404704.84566667
96169,3063496.8537
96170,3730859.9068
96171,4768940.17183333
96172,3595117.1693
96173,4694403.217
96174,5128405.5004
96175,3563696.77566667
96176,4220619.3968
96177,4171535.59138254
96178,4717678.49006666
96179,4048506.95163333
96180,3321175.8169254
96181,4644475.09343333
96182,4669946.48903333
96183,5148971.326
96184,4415773.24314286
96185,4389622.35546667
96186,4102459.65236667
96187,4781936.00445238
96188,4323233.37943334
96189,5126103.71927143
96190,4818919.07486667
96191,4151899.31167143
96192,4621838.72696666
96193,3161122.9804
96194,4099515.50626667
96195,4254716.76556667
96196,4845221.54101667
96197,4114163.44613333
96198,4653433.14798333
96199,3851429.2962
96200,4031119.16692381
96201,3339187.31567619
96202,4492503.30613333
96203,4848238.9944
96204,3922090.94057778
96205,4752268.08843333
96206,4694197.309
96207,5066163.75896667
96208,4842623.4041
96209,4864218.84413334
96210,5243927.73512857
96211,4290745.79905714
96212,4810040.44583333
96213,4322391.90526191
96214,3889604.80383333
96215,4993720.86878571
96216,4989732.05396666
96217,3357545.02603809
96218,3825516.99732381
96219,4022809.94258095
96220,4622091.57995
96221,4620098.3453
96222,4312359.38183333
96223,5265073.97068333
96224,4167625.24506667
96225,4795689.91643334
96226,3945798.1555
96227,3877043.34037619
96228,3312380.14100476
96229,4063631.12446667
96230,4758345.77863333
96231,4309226.55623333
96232,4369525.16611111
96233,4797803.65243333
96234,4400591.21129524
96235,4763903.37033333
96236,4709257.1009
96237,4521373.38153334
96238,4419946.05126667
96239,3629196.39086667
96240,4504085.13596667
96241,5184595.75726667
96242,4338058.79104444
96243,4935487.9292
96244,4455178.6008
96245,5369192.30893333
96246,4342432.72786666
96247,4171958.43279524
96248,5304605.3595
96249,4976642.08053333
96250,4787560.38450476
96251,4326328.3137
96252,4705505.36566667
96253,4497891.76209524
96254,4821258.83796666
96255,3920019.4610619
96256,4294850.58856191
96257,3971013.68457619
96258,5096249.00306667
96259,4872706.35926667
96260,4920974.22958572
96261,3411085.48809048
96262,3841407.55116667
96263,4276813.91
96264,4659201.28146666
96265,4633185.3379
96266,4589194.1547
96267,4729167.08619524
96268,4737452.26226667
96269,4482249.1699
96270,3960674.45536667
96271,3796741.91041905
96272,4710167.27596667
96273,4905622.52479523
96274,4349663.26113334
96275,4160528.96656666
96276,2456222.16760159
96277,5141706.78936666
96278,4763195.1158
96279,5053654.93283333
96280,3979446.89746667
96281,3669929.75523334
96282,3904476.7979
96283,3797118.3329
96284,3829163.43911111
96285,4183336.7177
96286,5087861.3448
96287,4144291.8150492
96288,4183223.16203333
96289,3989093.60149048
96290,4120863.94106667
96291,3939645.39171429
96292,4913063.97303333
96293,4725563.32006667
96294,5096356.18811111
96295,4443143.9728
96296,4562323.94904444
96297,4711538.38193333
96298,4203171.729
96299,4154138.288
96300,5349943.01481905
96301,4367894.74273333
96302,3379677.93340952
96303,4513497.46056667
96304,2679695.56493333
96305,4418385.30228333
96306,3890732.92663333
96307,3619520.18260476
96308,4834457.14576666
96309,5550760.9341
96310,4178054.51212381
96311,4311700.32326667
96312,2838717.26937143
96313,3815856.89873334
96314,5142846.92696667
96315,3521605.70274762
96316,4018851.2454
96317,4217514.6847
96318,3556063.44976667
96319,4619978.63297619
96320,4863473.87441111
96321,5604779.5575
96322,4568741.61030952
96323,4638493.7557
96324,3743220.5055
96325,3369881.48714286
96326,3274959.84534445
96327,4425009.54326666
96328,3892296.63611429
96329,4404712.60083333
96330,3204875.97135397
96331,5058410.1527
96332,3996818.55593333
96333,4012632.80223333
96334,3663937.03696667
96335,4587191.01193333
96336,4095576.68706667
96337,4709797.4054
96338,4026074.3676
96339,5266641.5004
96340,5027605.1286
96341,4474652.60473333
96342,3827750.7536
96343,4013113.83593333
96344,4583918.34697619
96345,4298182.82517777
96346,4380259.77446667
96347,4068579.2322
96348,4638122.02403333
96349,4379619.01003333
96350,4984912.2729
96351,4502852.34033333
96352,4585537.24196667
96353,5005761.37033333
96354,4426524.59802381
96355,4314654.49956667
96356,4044337.769
96357,3582026.55537143
96358,4154242.92520952
96359,4012857.51833334
96360,3522742.27216349
96361,4703359.78728571
96362,2380312.26477619
96363,5198977.8465381
96364,4772796.95883333
96365,4040353.55246667
96366,3878633.5686619
96367,4753607.72656666
96368,3914925.15322857
96369,4518599.11759524
96370,2359441.32004286
96371,4572604.3358
96372,4277148.71216667
96373,3789503.8024
96374,4550907.95246666
96375,3931317.1098
96376,5047991.30443333
96377,5209085.8532
96378,4679944.37746667
96379,4663966.51623333
96380,2993126.43366667
96381,3022762.8051254
96382,4067015.57716667
96383,4003621.38159524
96384,3967567.69212857
96385,4690433.03533333
96386,5442058.43633333
96387,3998813.59235715
96388,4563708.55212857
96389,4604751.3443
96390,5165295.88603333
96391,5407312.01626667
96392,4799293.04122381
96393,4562070.43025397
96394,3306375.02346667
96395,4786020.13703333
96396,4620252.98507619
96397,4724575.3637
96398,4780142.79712857
96399,3713424.73166667
96400,3931539.5035
96401,3780935.46588095
96402,4963974.84026667
96403,4355917.29993334
96404,4624065.34503333
96405,3641157.62723333
96406,3483492.34029682
96407,4060338.28163333
96408,4939654.74598571
96409,4930963.28843333
96410,2595766.32974762
96411,4160617.81753333
96412,4093159.6613
96413,4359601.51801111
96414,4777571.62843334
96415,5061043.21406667
96416,4301428.62923333
96417,4270113.2117381
96418,5527756.20268571
96419,4208483.60146667
96420,4653580.58794444
96421,4506867.51503333
96422,4837679.04363333
96423,3983146.2184
96424,4432235.89183334
96425,4330953.0907619
96426,4931578.95163333
96427,4437103.25973334
96428,4522768.11125238
96429,4203338.3706
96430,4032545.55586667
96431,4421657.53466667
96432,4605755.9859
96433,4188022.38363333
96434,3707272.55181111
96435,4225283.40746667
96436,3914814.68436667
96437,4938455.7989
96438,3984526.6774
96439,4219146.72843333
96440,4148949.23923333
96441,4078590.38093333
96442,4728842.6077
96443,4077635.23063333
96444,3798108.23141111
96445,4916763.82213333
96446,4151261.98273809
96447,4289939.44291905
96448,4465983.28073333
96449,4616234.86636667
96450,4298117.75663333
96451,4260250.56516667
96452,4842002.05986667
96453,3686150.82037778
96454,4572774.2772
96455,4224803.53996667
96456,4413546.57161111
96457,3934230.85226667
96458,5105456.70236667
96459,4922149.22933333
96460,4549043.84706667
96461,4624080.89766667
96462,5720239.6807
96463,4287123.3449
96464,3831587.1452
96465,4022001.48115397
96466,3725420.4236381
96467,4650074.2472
96468,4346432.42533333
96469,2747423.4778873
96470,3549569.19063333
96471,4952368.82413333
96472,4327367.97875238
96473,4351133.68263333
96474,4461331.35133333
96475,3576537.19192857
96476,3529355.6858873
96477,5164906.54053333
96478,4177206.81970953
96479,5139917.83055873
96480,4613638.67619524
96481,4443853.0018
96482,4375642.11456191
96483,4377676.4935
96484,4206177.75576667
96485,4067305.99331429
96486,4374562.33807778
96487,4680436.8374
96488,4984384.27588571
96489,4887344.17846667
96490,5473415.8067
96491,3772816.57307619
96492,3607244.48241111
96493,4059196.91360476
96494,4701052.92803333
96495,2450341.7631873
96496,4295624.07343334
96497,4112531.6114
96498,4578868.31983333
96499,4019955.44863334
96500,5222521.13006667
96501,5163121.5057
96502,5047074.79983968
96503,4821992.01593333
96504,4520687.74993333
96505,2619549.78584286
96506,4261140.0236
96507,3568098.11834286
96508,4660669.2561
96509,2868895.63784286
96510,4295416.54100476
96511,4323971.54126667
96512,4626303.95447619
96513,4043347.91523333
96514,3461650.86529048
96515,4024001.35713333
96516,4436081.61108095
96517,4169338.53040952
96518,3282746.61861111
96519,4848201.61513333
96520,4008850.58933333
96521,4308530.27697778
96522,3104782.14886667
96523,4254889.54846667
96524,3509547.2625
96525,4396645.5675
96526,3909742.23813333
96527,3948960.19086667
96528,3917712.74105714
96529,3966134.95143334
96530,4469884.78653333
96531,4245693.5352
96532,2883915.12633809
96533,4214401.59826666
96534,3745635.6479
96535,4080603.97242857
96536,4086150.60593334
96537,4129040.5316
96538,4496188.85603334
96539,4258341.8367
96540,4822152.3076
96541,2893630.9817873
96542,4290030.75283333
96543,4747782.2312
96544,4396710.31866667
96545,4493339.69273333
96546,3897560.2881
96547,3796379.7651
96548,5004027.3805
96549,4290690.9307
96550,3857134.58238572
96551,4707614.2994373
96552,4789000.46673333
96553,4730041.24582063
96554,3741768.54832857
96555,4243153.74555873
96556,4296307.41287778
96557,4726409.86183334
96558,2751007.38797143
96559,3911971.54766667
96560,4655012.8807
96561,3862380.06060952
96562,3801703.59170952
96563,2613289.16004762
96564,4717362.19
96565,4105466.70757619
96566,4200388.68606666
96567,4970358.11304445
96568,4097337.281
96569,3752052.20121429
96570,4322075.52483333
96571,4552495.2681
96572,4682248.05653333
96573,4280020.26653333
96574,4615490.06473333
96575,4254814.65856667
96576,3905044.24823333
96577,4413461.94145238
96578,4465001.15783334
96579,4667809.25166667
96580,4805294.62663333
96581,5143528.02013333
96582,5009796.24373334
96583,4574749.04033334
96584,4381918.37483333
96585,3593276.02631905
96586,4708929.04353333
96587,4132022.28454286
96588,3746122.53797619
96589,5187713.96785238
96590,4689347.90669047
96591,3437893.77476667
96592,4641642.30063334
96593,4653207.6442
96594,4603544.01933334
96595,5059941.27447619
96596,3784658.9491381
96597,3606075.82065397
96598,4945263.92006666
96599,4199482.65209524
96600,4135552.04336667
96601,4211061.538
96602,3795016.50852857
96603,3815958.98136667
96604,4731105.41063334
96605,3210045.13710476
96606,4287481.60944286
96607,4222840.7830619
96608,2832792.29506667
96609,5129530.3609
96610,4903235.47403333
96611,4465985.37745
96612,4288334.05533333
96613,4298307.23701905
96614,4454243.15086667
96615,3935358.46803968
96616,5014200.385
96617,3480435.36932857
96618,4348682.55366666
96619,4285820.1815
96620,3453963.96510953
96621,3718293.2905
96622,5470929.21786666
96623,5030364.71076666
96624,4676411.81617619
96625,4067695.63017778
96626,3953910.37899524
96627,4678217.0469
96628,4888263.4651
96629,3687821.20973334
96630,4249930.68623334
96631,4011647.2795
96632,3933633.40276667
96633,4308017.0653
96634,4525452.30493333
96635,4180429.33613333
96636,4054761.80263334
96637,4401954.85843333
96638,4142062.43853333
96639,5053864.07845238
96640,4244955.91313333
96641,4095576.68706667
96642,3593354.6656
96643,2873114.78140952
96644,4101516.75871111
96645,4112191.76876667
96646,4546134.58966667
96647,4166292.4569
96648,4967546.76936667
96649,4327055.0214
96650,4955703.7575
96651,4393531.55396666
96652,3447112.3901
96653,4610556.32123333
96654,4324831.29946666
96655,4740489.0582
96656,3897113.24214444
96657,4910160.6574
96658,4214891.39676667
96659,4463744.1884
96660,4291341.81666667
96661,4783385.73223333
96662,4077439.57794286
96663,5168944.80683333
96664,3811485.52766667
96665,4075393.29878571
96666,5238694.58956667
96667,4476439.2879619
96668,4057852.66316667
96669,4232267.0729
96670,4871517.54336667
96671,4090744.19433333
96672,3911894.49996667
96673,3730768.68556667
96674,4145244.91776667
96675,4445744.91581905
96676,2567498.94630952
96677,5486706.70775238
96678,3585465.6136
96679,4102789.26894445
96680,4159929.35596667
96681,3816111.95886667
96682,3953459.74533333
96683,4020930.4475
96684,4450291.53216666
96685,4861613.70730635
96686,5235644.56906667
96687,4668528.28601428
96688,4936792.9967
96689,4641000.71190001
96690,5112560.48571904
96691,4907187.58052857
96692,4759684.09316667
96693,4555235.59796667
96694,4193254.48334286
96695,4315551.5718
96696,3531561.38185397
96697,4347901.43266667
96698,4028302.46861905
96699,3414373.51897619
96700,3848023.53381905
96701,4001494.40763334
96702,3722873.47853334
96703,5741532.6148
96704,4777343.96494444
96705,4237779.50801904
96706,4379803.34546666
96707,3162669.59307778
96708,4170181.33106667
96709,5777695.96966667
96710,4830509.02256191
96711,5124767.12583333
96712,4321622.31553333
96713,4564290.47675238
96714,3842661.81127619
96715,4700188.33053333
96716,3793048.1092
96717,3911222.33369524
96718,5190880.37379524
96719,4396657.4005
96720,4096630.01873333
96721,5052960.94133333
96722,4358308.19334285
96723,4266087.01842063
96724,4790086.4967
96725,3865675.44696667
96726,4149125.1453
96727,4815988.06563333
96728,4428136.39512857
96729,3175850.80866667
96730,4426497.66386667
96731,2958150.26099524
96732,4169947.30290952
96733,3553024.76629524
96734,4262066.1126
96735,3445442.64817143
96736,4775495.15733333
96737,4519388.5517
96738,4269203.0406
96739,4343725.8928
96740,4364385.86906666
96741,3642340.84412857
96742,4164016.44421429
96743,4992351.70561904
96744,5147058.56783809
96745,4073833.02397619
96746,2848861.23757143
96747,5549010.43003333
96748,3821913.448
96749,5056013.7812
96750,3575111.17876667
96751,4610925.96697619
96752,4046128.24226667
96753,2850755.61162064
96754,4459082.6652
96755,4041585.22143333
96756,3372970.41836667
96757,3969626.64383334
96758,3723089.8039
96759,4080292.36946667
96760,4460434.2685
96761,3935980.37570953
96762,4532397.71661905
96763,4245052.9423
96764,4165959.68581111
96765,4973440.28353333
96766,4377826.3889
96767,4690689.66826667
96768,4874581.0408
96769,3024869.6809
96770,4268306.85142857
96771,4723932.70356666
96772,4066033.55011111
96773,4477303.83276667
96774,3897522.2632
96775,4880718.9904
96776,3157161.22343333
96777,4147462.82886667
96778,4633847.15213333
96779,2550848.6088
96780,4492138.18686667
96781,4484410.93513333
96782,4335461.18814444
96783,3581103.50747619
96784,4855658.5958619
96785,5413020.28226666
96786,4472191.8704
96787,4295655.2893
96788,2983782.77527143
96789,4500726.49403333
96790,4165390.6404
96791,4944499.29703333
96792,4143005.9267
96793,4100979.1445
96794,4405294.45486667
96795,4699551.68033333
96796,4635154.88556667
96797,4393135.1981
96798,4411043.11456191
96799,4496881.90827619
96800,4688422.64066667
96801,4300623.3746
96802,4943244.97363333
96803,4403935.75243334
96804,4775257.89924286
96805,4197151.91406667
96806,5230346.70382857
96807,3486035.9032381
96808,4850234.15633333
96809,3542615.75895715
96810,3667369.2111619
96811,4924817.125
96812,4107260.6113
96813,5076430.9139
96814,4016455.80381111
96815,4280975.5137
96816,3284258.75517143
96817,4619192.20426667
96818,4903085.67876667
96819,4904999.94153333
96820,4556949.68186667
96821,4418034.37243333
96822,4431818.3679
96823,3497347.49596667
96824,5255977.28542381
96825,4843745.7246
96826,5206601.747
96827,4186479.68923333
96828,3798855.15853334
96829,4974695.35993333
96830,4657347.07506667
96831,4674643.2461
96832,4072419.13253334
96833,4900706.34103333
96834,4761802.71303333
96835,3206907.01653333
96836,4476384.46277777
96837,4825004.46883333
96838,4856234.0281
96839,2448331.00464286
96840,3997847.32006667
96841,4959208.42303334
96842,4817180.0066
96843,5775181.96226667
96844,4894875.78143333
96845,4590143.8522
96846,4114009.27683333
96847,4463962.98770952
96848,4724770.01186667
96849,4945873.4689
96850,4400384.98031905
96851,3766187.91237619
96852,2966941.63194286
96853,4545008.05613333
96854,4769986.4269
96855,4322131.244
96856,4858081.0236
96857,4776045.72803333
96858,4374071.18213333
96859,4370978.7275
96860,4083149.0372
96861,4733427.75966666
96862,3649565.62994286
96863,4207430.16193333
96864,3588259.49027143
96865,3560094.60887619
96866,3874646.66257302
96867,4583762.01983333
96868,5302961.408
96869,4830408.2869
96870,4639064.71773333
96871,4922648.96123333
96872,4434598.8628
96873,3929570.62329048
96874,4885586.16216667
96875,3582152.93787778
96876,4330721.43716666
96877,4792460.89251905
96878,4821380.74976667
96879,2881683.79356667
96880,4358187.8041
96881,3699902.47400476
96882,5380922.42785238
96883,4661284.43016667
96884,5362452.79596667
96885,4838139.5993
96886,4623463.93402857
96887,4417555.66906825
96888,4861097.68016667
96889,3183076.10523333
96890,4777343.96494444
96891,4614370.55116667
96892,5384094.71551905
96893,4433721.8987
96894,4788193.21056667
96895,4459383.91603333
96896,4089023.2411
96897,4360086.4231
96898,4712374.25753334
96899,3427391.04586667
96900,4088403.09547619
96901,4043056.56574762
96902,4354035.10424444
96903,4554236.30716666
96904,4496157.5899
96905,4565878.70700001
96906,4615552.36504444
96907,4628009.6325
96908,4313997.24506667
96909,4050155.90110476
96910,4873416.56873333
96911,4879152.61623333
96912,4365097.53166667
96913,3982462.30246667
96914,3917729.40408096
96915,3151325.15257619
96916,4569343.97983333
96917,4030458.01654285
96918,5048310.10733333
96919,4524101.51643333
96920,4389297.0302
96921,4517267.67946667
96922,4154944.02383333
96923,4439505.47616667
96924,4272788.08597619
96925,4332093.8389
96926,5352955.47056667
96927,4278322.0619
96928,4651363.14630952
96929,4573431.2746
96930,3595041.60324444
96931,3788681.88839524
96932,4957161.0708
96933,3401140.75729048
96934,4421532.82562857
96935,4753345.30353333
96936,3922191.2985873
96937,4019444.54413333
96938,4481136.00426667
96939,3984520.86495239
96940,4832334.3379
96941,5090014.48396667
96942,3360080.00541111
96943,4033568.71837778
96944,4607177.3803
96945,4342230.88523333
96946,5459902.5777
96947,3996135.26023333
96948,3635089.98620952
96949,4049989.82264286
96950,4075838.08916666
96951,4227524.91786667
96952,4218762.23236667
96953,4189174.6507
96954,4322780.97400952
96955,4145015.17453334
96956,4596239.39096666
96957,3996174.4093
96958,4400635.83368571
96959,4166235.24961428
96960,4685364.87606667
96961,4028609.5289
96962,3764190.6127
96963,4607366.97156667
96964,3631080.757
96965,4666216.09646667
96966,4406018.89346667
96967,5289716.79863334
96968,4124855.37963333
96969,3972744.38613333
96970,5146726.54293333
96971,3674715.46593333
96972,5014598.77816667
96973,4080282.5744
96974,3808983.80933333
96975,4359604.4374
96976,4062649.16050476
96977,3353188.87270635
96978,4256769.31223333
96979,3673069.0192
96980,4093144.54909524
96981,4740942.10536667
96982,4018253.81503334
96983,4560130.41256191
96984,4231420.47623333
96985,3989855.95453334
96986,4388362.93095397
96987,4362637.94639524
96988,3454187.88683333
96989,4634289.0612
96990,4980728.44476667
96991,4116088.80682381
96992,4667129.27783333
96993,4477016.5731
96994,3915869.26573334
96995,4720793.1495619
96996,4640827.17303333
96997,3989432.26093492
96998,3919325.5822
96999,4374085.89080952
97000,4606095.66603333
97001,4047090.40396667
97002,4216658.58726667
97003,4126779.5852
97004,3115471.70004286
97005,2830813.24193809
97006,4026996.02346667
97007,5139329.10686667
97008,3964139.48906667
97009,4352287.29050238
97010,4424075.29403333
97011,4745760.49403334
97012,5026541.95656666
97013,4940288.64016667
97014,4137358.1832
97015,4242104.07732857
97016,4297998.39194444
97017,4463843.16798095
97018,4127553.6002381
97019,4368008.0167
97020,4312041.52679524
97021,3609747.2259
97022,4454547.55135714
97023,4069208.19323333
97024,4925894.8705
97025,3854121.40444286
97026,4646849.73915238
97027,4703983.47506667
97028,2885558.09677619
97029,4487846.10723333
97030,4894494.6908
97031,4581804.29863333
97032,3965450.98831905
97033,4389350.47436667
97034,4429941.88603333
97035,3869936.10206667
97036,3748905.39132857
97037,3283289.35693334
97038,3765483.57290476
97039,5168939.6855
97040,3846882.32023333
97041,4758901.68956666
97042,3909235.55884445
97043,2872839.57007143
97044,4590818.9509
97045,4140489.01614444
97046,4307233.1346
97047,4102574.40973333
97048,4283783.99006667
97049,5314670.9312
97050,3813936.8349
97051,4697376.44926667
97052,4619606.92076667
97053,4335681.3827
97054,4646999.61423333
97055,4004367.309
97056,3561176.69443333
97057,4504943.21623333
97058,3617228.11338572
97059,3788666.62171905
97060,3923379.2094
97061,4336641.8263
97062,4490274.67683333
97063,4437455.7995
97064,4868323.17373333
97065,3806650.2405
97066,4529123.22033333
97067,3149714.1211381
97068,4603025.3382619
97069,4512593.34573809
97070,3228829.25126666
97071,4348632.5552
97072,3466123.81850952
97073,4451711.1963
97074,4109919.34888095
97075,4867297.08973333
97076,2628521.76234762
97077,4496732.63619524
97078,4281567.9166
97079,4575714.4557381
97080,4665950.20823333
97081,4525693.72886667
97082,4038964.124
97083,5028569.6083619
97084,4019455.59693333
97085,3880407.732
97086,4876117.32913333
97087,4391754.80566667
97088,4735067.55056667
97089,4114384.15503334
97090,4761863.51434444
97091,4126865.938
97092,4149518.86247619
97093,4399395.79164445
97094,4764862.50316667
97095,3068780.52907143
97096,3856779.27430635
97097,3373695.0289
97098,4022950.02116667
97099,4963308.97013333
97100,4961433.7873
97101,3391336.65176667
97102,3544003.90626667
97103,4146250.39735238
97104,4083160.82008096
97105,3272918.51601429
97106,4550322.7265
97107,3233273.2720381
97108,5835996.9501
97109,5316230.02645238
97110,3656996.683
97111,3684806.40793333
97112,4684662.13376666
97113,2813993.9583381
97114,4120791.71846667
97115,4404878.66773333
97116,3927217.44188095
97117,4383536.44873334
97118,4215876.29656667
97119,3393225.09190476
97120,4685747.54566667
97121,4125003.1828
97122,5176717.33546667
97123,4727892.1105
97124,3300910.1609
97125,3549593.5236
97126,4483083.13717777
97127,5035623.0294
97128,5282286.67113333
97129,4152096.78706667
97130,4659802.05183333
97131,4023617.28865714
97132,4829617.0302
97133,4097014.0961
97134,5007976.53413333
97135,3448133.77513968
97136,4244723.85226667
97137,4602397.3502
97138,4368062.32083333
97139,4122716.86636667
97140,4395716.89793333
97141,3738867.7424
97142,4582263.40337302
97143,4678213.92526667
97144,3905039.32872063
97145,4917092.71836666
97146,5237859.10216666
97147,3860804.59990953
97148,4081771.4103381
97149,3885379.02333333
97150,5252927.8428619
97151,3925755.55876825
97152,4612940.64996667
97153,3174995.8119
97154,4172612.28016667
97155,4244945.52063333
97156,4399414.75023334
97157,3868060.8707
97158,4639998.4908
97159,3942605.00693333
97160,3943343.44406667
97161,5400203.22296667
97162,3233080.76895397
97163,3529008.44981587
97164,3785904.07417302
97165,4070086.39783333
97166,3962562.60963333
97167,3883694.35396667
97168,3601393.00241111
97169,3836629.1179
97170,3480706.69966667
97171,2640539.24726667
97172,4526478.79503333
97173,3974277.6184
97174,4342063.96306667
97175,3549090.65396667
97176,4580191.94803333
97177,5355829.51809999
97178,4752789.8524
97179,4114050.58156667
97180,4474095.03706667
97181,3856540.71672857
97182,3862380.06060952
97183,4729610.52373333
97184,4375595.593
97185,4977773.64073333
97186,4730064.30056667
97187,4890590.82676667
97188,4022857.66770952
97189,4378235.8605
97190,4870310.25851111
97191,4380313.8575
97192,5079263.19616667
97193,3706783.4053
97194,5797949.72206666
97195,4508108.10046667
97196,4231871.98561111
97197,4373658.02423333
97198,4298142.3178
97199,4021417.81383333
97200,3063375.9802
97201,5043401.35636667
97202,4285254.31303333
97203,3738279.33173334
97204,4142007.83287143
97205,3519393.99953333
97206,4450355.73033333
97207,4501958.7371
97208,3672838.74517302
97209,2955549.33801111
97210,4356335.56143333
97211,4159732.67376667
97212,3752557.57334444
97213,4172407.69241111
97214,4356700.2628
97215,5204953.9394
97216,3706914.6808
97217,4455018.7113
97218,4358605.05834445
97219,3764916.0864
97220,4810599.52508571
97221,4437861.12171111
97222,4210028.54429524
97223,4046871.36779524
97224,4039934.81469048
97225,4095058.1145
97226,3986455.03447619
97227,4351315.3829
97228,4980742.97223333
97229,3446162.7305
97230,4714480.41787143
97231,4171779.06433333
97232,4286969.92714445
97233,4079099.18573333
97234,4670279.09933333
97235,4525971.62996667
97236,4275624.97683333
97237,4596690.82697778
97238,3738598.91057778
97239,4676596.70439048
97240,5216272.0406
97241,3971548.96863334
97242,3958726.80017619
97243,4075542.70462857
97244,5071956.6687
97245,5098947.52403334
97246,4617336.63343333
97247,4055205.56256667
97248,3516456.17
97249,4698301.79
97250,5616653.77808571
97251,3960271.0538
97252,5390576.52816667
97253,4845420.83105238
97254,2872839.57007143
97255,3659658.5428
97256,4055488.28236191
97257,4305062.66356667
97258,3720848.73716191
97259,4540122.28406667
97260,3573633.93859524
97261,4135022.42583809
97262,4721338.54153334
97263,4177571.54950159
97264,3522836.61621111
97265,4657949.35496191
97266,4128788.8134
97267,4362154.25203333
97268,4167803.92072857
97269,3690770.93496667
97270,4766778.50112857
97271,4649842.32816667
97272,4263124.38534762
97273,5199829.17326666
97274,4333678.5804
97275,4918883.04113333
97276,4621818.6936
97277,4095931.51776191
97278,4018688.0749
97279,4410678.05262381
97280,4189296.36302381
97281,4161445.7942
97282,4245139.12172381
97283,4895155.02586667
97284,4341531.45566667
97285,5047841.1118
97286,4524148.01594286
97287,4544240.43792381
97288,4627713.37206666
97289,3850429.33063333
97290,3926748.46293333
97291,4645269.06156666
97292,4229552.50596667
97293,4087371.1713254
97294,3895239.08836667
97295,4230182.92766667
97296,4059596.81508968
97297,3936303.84121111
97298,5430393.83923334
97299,3741283.33786191
97300,4650102.92951111
97301,4267058.2689
97302,4280177.18013333
97303,4052064.46123333
97304,3645222.32274286
97305,5397636.21273333
97306,3907329.4533
97307,5264291.25193333
97308,4989346.6729
97309,4082726.33163334
97310,4241472.81123334
97311,4202884.9541
97312,3565641.58839524
97313,4274249.8233
97314,4038074.4116
97315,4832630.77081905
97316,4914436.1337
97317,3633439.11543333
97318,4906403.5633
97319,4759339.8739
97320,4275455.40423333
97321,4162742.54096667
97322,4428360.68563334
97323,4428762.562
97324,5237507.65441904
97325,3841942.66916667
97326,4443440.1148
97327,3224113.83407143
97328,4603852.7211
97329,5362770.04393333
97330,4477029.77312857
97331,5270168.33142857
97332,5735165.206
97333,4538383.83307619
97334,4086199.8136
97335,4181122.00223334
97336,4414682.14026667
97337,5118980.99246191
97338,3939459.8009
97339,3223845.06077778
97340,3145439.4268
97341,4401561.11863333
97342,3897344.0929
97343,4462508.3954
97344,4807545.83156666
97345,4835249.76462857
97346,4268359.76133333
97347,4024893.38666191
97348,3322813.06794445
97349,4375236.79184286
97350,3779245.67323333
97351,3343465.0573
97352,5282157.2297
97353,4340218.79003333
97354,4455095.2652
97355,3887410.41136667
97356,4479228.13333333
97357,4348643.8944
97358,4340630.73623333
97359,4662351.95633333
97360,3967629.98422857
97361,3723315.6518873
97362,4700421.56332858
97363,3875122.29916667
97364,3383701.42691587
97365,4890022.56462857
97366,4471526.2171381
97367,4213258.5025
97368,4157191.06086667
97369,4131629.2553
97370,4266182.97273333
97371,4007945.18962857
97372,4105682.06563334
97373,4172455.77316667
97374,4291430.68693333
97375,4188476.47575714
97376,4132766.13353333
97377,5040204.88806666
97378,4166145.28906191
97379,4144441.57127619
97380,4970587.4045
97381,4658163.83193333
97382,3396185.40417143
97383,5279501.80253333
97384,5014482.66453333
97385,4722473.09873333
97386,3729616.08132857
97387,4203041.07831428
97388,3807490.9408
97389,4350984.23349047
97390,4450450.84409524
97391,4713393.2404619
97392,4155897.20656667
97393,4738243.6267
97394,4145763.70603333
97395,4680246.3541
97396,3482631.20752381
97397,4426817.7844
97398,4522461.21082857
97399,4087049.6733
97400,4486024.61396667
97401,4791384.81035
97402,2749556.06620635
97403,4319467.32073333
97404,4745177.26113333
97405,4289251.98516667
97406,3963182.34033333
97407,3908056.09239524
97408,4106784.15221111
97409,5082108.2983
97410,4274292.08057778
97411,4411574.25016667
97412,4851388.4739
97413,3179993.92266191
97414,4591975.33619524
97415,5002174.44955238
97416,4943919.70563333
97417,4661176.19423333
97418,4249561.68023333
97419,4605062.82526666
97420,3823341.78736667
97421,4785512.39236667
97422,4043423.28803333
97423,3678231.3365
97424,4656795.05883333
97425,4651522.56096666
97426,5010245.9535
97427,3331953.59322857
97428,5192673.47046667
97429,5059473.5574
97430,4476399.2698
97431,4354777.0723
97432,3975580.23563334
97433,3926712.34716667
97434,4925067.25784286
97435,3781249.6983
97436,4557870.77232857
97437,4542056.04025238
97438,4677003.1589
97439,4762607.9794
97440,3804210.25394444
97441,4172892.7692
97442,4729124.51713333
97443,5535831.15328571
97444,4901493.9091
97445,3120766.6385619
97446,4930166.45046667
97447,4766947.54412381
97448,4928851.40406667
97449,3700575.18103333
97450,4463398.12246667
97451,3418912.66393334
97452,4694886.0012
97453,4435404.27537778
97454,3817398.62809206
97455,4157440.43306667
97456,4343558.04163095
97457,3945582.16076667
97458,4324079.51197778
97459,4367259.545
97460,3563232.74236667
97461,4516672.62243333
97462,3897714.34835397
97463,4737682.64983333
97464,4286499.1864
97465,5214966.09916667
97466,4341668.28893333
97467,4259639.55193334
97468,4459134.91143333
97469,4670266.6328
97470,4862173.23018571
97471,4484881.09856667
97472,3920590.0444
97473,4334931.11883333
97474,4623729.69535714
97475,4461755.25696667
97476,4624830.40823333
97477,4400242.03523333
97478,4367008.8039254
97479,5233383.97346667
97480,4442271.64026667
97481,4299525.78926667
97482,4823683.2954
97483,4327789.88467619
97484,5022537.8137
97485,4509519.29747143
97486,3460348.19912064
97487,5091662.63006667
97488,4713801.7479
97489,4177929.413
97490,3453628.63683333
97491,3767260.34293333
97492,4043056.81186667
97493,4744701.7981
97494,4363174.3716
97495,4253546.5442
97496,4227560.10516667
97497,3773074.09652381
97498,5005637.7975
97499,4371048.17089524
97500,5080608.61826191
97501,2868254.55385397
97502,4101897.45454445
97503,3987940.40244286
97504,4139693.7207
97505,4144334.0522381
97506,4155000.701
97507,4375849.14986666
97508,3952580.58603334
97509,3828726.24913333
97510,3941953.18853016
97511,4267821.58696667
97512,4963910.2432
97513,4602589.17333333
97514,5479245.3161
97515,3904333.51713334
97516,3421287.73825397
97517,4712963.29048572
97518,2636649.69627619
97519,4093615.02584445
97520,4136736.45253333
97521,3796671.5783
97522,4635188.1486
97523,4082344.42513333
97524,4096574.35760476
97525,4184289.02346667
97526,5300617.8899
97527,3986102.23406667
97528,3379135.6413
97529,4391484.2083
97530,3450565.76286667
97531,5067616.7672
97532,4746531.68486667
97533,4948169.5095
97534,4081521.9583
97535,4573479.20933333
97536,4419375.2577
97537,4523735.86396667
97538,4760861.49333334
97539,4190155.71116666
97540,4026921.33103333
97541,4237449.02236666
97542,3734422.64543334
97543,3624281.1131873
97544,4652341.3763
97545,3788567.53656667
97546,4182667.69787619
97547,5265700.10386666
97548,3762339.72667619
97549,3900449.15354444
97550,4822033.73166667
97551,3775371.60873334
97552,4024676.43000952
97553,4298819.17586667
97554,3686203.22766667
97555,4568090.97676667
97556,4375159.44026667
97557,3383454.47670476
97558,3499884.98716667
97559,3822994.48216191
97560,4207420.73832857
97561,4728091.4056
97562,4171315.19719524
97563,3189161.18394444
97564,3648532.1123
97565,3701391.1519
97566,4381797.17523333
97567,3948618.99373334
97568,4486240.56354444
97569,5017032.0565
97570,4086030.54356667
97571,3564309.23213334
97572,4175979.81576667
97573,4963015.88816667
97574,4085693.89539048
97575,3728857.03412857
97576,4431394.45503333
97577,3968217.3134
97578,3315986.4845
97579,4434944.47684444
97580,4336750.40326667
97581,4419029.79773333
97582,5428759.02103333
97583,4181157.70034286
97584,4375172.33329524
97585,3885935.75515715
97586,4654969.1187
97587,4573119.80113333
97588,4418007.29626667
97589,4030163.3723
97590,5006452.7722
97591,4898437.60796667
97592,4439963.05116667
97593,4377735.02110952
97594,3917453.69923333
97595,4537299.5658
97596,5084360.0937
97597,4668609.0374
97598,4038142.18876191
97599,4033318.93337778
97600,4148313.98256667
97601,4566059.3612
97602,3941463.81887778
97603,4123921.07993333
97604,4068406.05246667
97605,3519267.82721429
97606,4373657.5023
97607,4020177.25713333
97608,3629262.88785714
97609,5299338.06833333
97610,3342014.46645397
97611,4391199.39757778
97612,4708126.55973333
97613,3344512.79735714
97614,4161970.00379524
97615,4509936.7548
97616,3174764.10403334
97617,3522289.73601111
97618,5020228.5849
97619,4919184.70437777
97620,5005886.3165
97621,3987873.6221
97622,4098033.82863333
97623,3074849.0508873
97624,4729917.8206
97625,2534566.61460952
97626,4384487.8372
97627,3044415.95991111
97628,4614103.62573333
97629,4440810.66933333
97630,6219638.43446666
97631,4657318.334
97632,4719331.57786667
97633,4472434.82866666
97634,4621501.3453
97635,4083336.1232619
97636,4621644.13546667
97637,3265026.37295397
97638,4181654.43392857
97639,4102275.79580476
97640,4984971.41063334
97641,4973381.892
97642,4840877.14846666
97643,5152189.69253334
97644,3516461.01714921
97645,5034006.61419999
97646,5516217.33876666
97647,4099255.54966667
97648,4540582.50926667
97649,4044943.73826667
97650,4408300.50966667
97651,4172396.35456667
97652,4539832.4539
97653,4699038.08373334
97654,4389512.9472
97655,3856735.10615715
97656,3350936.13940476
97657,4679603.27916666
97658,2639828.34370159
97659,4512182.84814444
97660,4242565.88236667
97661,4443069.92736666
97662,4304324.37377619
97663,3414330.8203873
97664,4347028.59706667
97665,5280070.4968
97666,3480837.49686667
97667,4496556.0733
97668,4217366.58746667
97669,4118719.95944444
97670,5659652.04315238
97671,3166730.01761111
97672,4499687.94093333
97673,4942561.82947143
97674,4028811.89143333
97675,5405294.79293333
97676,4439483.86338571
97677,4254478.68466667
97678,4496462.05536667
97679,4493233.00123333
97680,4872058.86816667
97681,5153061.94216666
97682,4096824.5236
97683,4708929.04353333
97684,4540112.21566667
97685,4980481.97504762
97686,4033318.93337778
97687,3967946.78701111
97688,2767461.4081
97689,4442242.07533333
97690,3765335.32503334
97691,3841245.68536191
97692,4664986.12653333
97693,4058052.16563333
97694,4449106.7924
97695,4613785.79136666
97696,4104709.49395238
97697,4899054.84176667
97698,4451938.02273333
97699,3904830.56408571
97700,4472925.4004
97701,4352693.57667302
97702,3152957.78289524
97703,4769207.80586667
97704,2966171.04256349
97705,4271545.2122
97706,4227112.78693333
97707,5351032.1705
97708,4893899.3753
97709,5197881.74083333
97710,4808646.1573
97711,3715504.88386667
97712,4273582.5307
97713,4920852.94452857
97714,4791446.74063334
97715,3963942.5411
97716,4199852.52036667
97717,2617231.74199048
97718,4550422.14943333
97719,3737749.2934381
97720,4490308.00558254
97721,3862735.3284
97722,4685591.94053333
97723,4693144.83282857
97724,4016332.28026667
97725,3808727.02243334
97726,4853207.73986666
97727,4475188.2846
97728,4286380.65276667
97729,4072300.6819
97730,4076696.69363334
97731,5043834.78663333
97732,4624607.40705396
97733,4724133.27133333
97734,5316744.4451
97735,4429101.9287
97736,4837355.33563333
97737,5187909.56029524
97738,3938032.49063334
97739,4221022.35815238
97740,4414492.0441
97741,4540666.92396666
97742,4959529.50923333
97743,4266684.3298
97744,4756731.5323
97745,4275675.97046667
97746,3823264.8285
97747,4398381.232
97748,5234873.47023333
97749,4468406.11357619
97750,5310937.16593333
97751,4108479.15883333
97752,4458168.92599524
97753,4608401.53764444
97754,3106896.68476667
97755,4055901.8576
97756,4801490.086
97757,4146891.88413333
97758,3994200.78020476
97759,4547882.7219
97760,3933793.35654445
97761,3682151.16854445
97762,4932885.85346666
97763,4886347.7323
97764,3556917.8617
97765,3768674.05353333
97766,3619065.80434445
97767,4947311.0734
97768,4066276.19015714
97769,3902950.38280476
97770,5087263.8014
97771,3660423.40391111
97772,3988809.76778571
97773,4743306.99663333
97774,4994054.4353
97775,5211426.99433334
97776,3965367.63307778
97777,4162007.43786667
97778,4364557.66843333
97779,5078452.81243333
97780,4690183.10766191
97781,4874061.6805
97782,3798402.66921111
97783,4211298.16413334
97784,4647987.39593333
97785,5060897.01946666
97786,4145124.58253333
97787,4231188.92536667
97788,4016451.71361667
97789,4977519.6427
97790,4556704.87718571
97791,4497870.3683
97792,3082405.89114286
97793,5109606.28286666
97794,2414020.04099048
97795,4051355.72596667
97796,3696520.53737301
97797,4079844.7436
97798,4539515.1563
97799,2861742.59609524
97800,4654486.46736666
97801,4644059.99253333
97802,4146278.72826667
97803,4320676.27546191
97804,4310222.54063333
97805,4426874.68029524
97806,4857396.6138619
97807,4437367.94943333
97808,4243690.96503333
97809,4116955.96473333
97810,4617983.14193333
97811,4684809.92131428
97812,4126907.782
97813,3490528.49024286
97814,5717803.40103333
97815,4248997.25626667
97816,4779630.50386666
97817,4820340.78164444
97818,4643606.03043333
97819,5331164.19436667
97820,4404209.5038
97821,3397684.64076667
97822,4298166.00243334
97823,4664824.90633333
97824,3407674.80982381
97825,4715783.96353333
97826,4920231.5093
97827,4772440.2622
97828,3771883.54019524
97829,2715639.89707143
97830,3607461.23240952
97831,4077796.3194
97832,3335293.04206667
97833,3542981.8287
97834,4568108.61345238
97835,3920453.0053
97836,3952453.07986667
97837,3752220.00776667
97838,4818147.51456667
97839,4423997.3343619
97840,4047288.3008
97841,4844675.48057778
97842,4888196.34346666
97843,4968188.3057
97844,4376069.4075
97845,4141461.5486
97846,3604124.2979
97847,4480693.27993333
97848,4663967.0226
97849,4301708.15690635
97850,4092570.9584
97851,4719200.03583333
97852,4324165.71868571
97853,4684153.44512857
97854,4694205.26596667
97855,3735536.20130952
97856,4383649.6324
97857,4348384.5641
97858,4397417.14039524
97859,4896239.00213333
97860,4340884.91916667
97861,5008915.98643333
97862,4087249.79750952
97863,4265321.66927778
97864,3620406.35339524
97865,3763708.61047778
97866,4731774.81064445
97867,4905893.02793333
97868,3356551.9203
97869,4248141.2219
97870,3898061.70617777
97871,4449144.13046667
97872,4678039.6547
97873,4521079.49814286
97874,3282582.94536667
97875,4351508.05366667
97876,4789184.32446667
97877,4423201.82755238
97878,3393743.11277778
97879,3831725.34108095
97880,5373725.38733333
97881,4854288.06408334
97882,3969435.77061111
97883,3953623.45849524
97884,3080871.59237619
97885,4221768.57063333
97886,4879366.09373333
97887,3464870.60730952
97888,4152676.34557302
97889,4029362.64782857
97890,4844662.69313333
97891,6195998.68613333
97892,3952616.45484286
97893,4680234.36054762
97894,4592168.63856667
97895,5258507.62126667
97896,4248304.85106666
97897,3807249.8325
97898,4088803.18483333
97899,3604502.75524286
97900,4395716.89793333
97901,5339045.2984
97902,3689559.63323334
97903,5067586.63263333
97904,4712712.77193333
97905,4232376.51163333
97906,4733565.76043333
97907,4526363.39083334
97908,4108285.76789048
97909,4654978.63713333
97910,4536262.86798572
97911,3791899.3125381
97912,5003767.8599
97913,4973667.19686667
97914,4976966.01408571
97915,4538856.73273333
97916,3583628.10173333
97917,4822989.07491905
97918,6291869.40796666
97919,4770047.78773334
97920,4179751.92803334
97921,4583188.15026666
97922,4584584.8001
97923,5191313.81953809
97924,4039169.02520952
97925,4462401.50052857
97926,5432544.53346667
97927,5190907.8805
97928,3958321.06203334
97929,4397887.47666667
97930,5164518.01719999
97931,4598693.53966667
97932,4374410.21117778
97933,3932203.00732857
97934,3755805.7013
97935,4883531.24061111
97936,4824433.5294
97937,3968793.47756667
97938,4088451.09810635
97939,3577326.7926873
97940,4115262.1679
97941,4049222.03763334
97942,5478457.5551
97943,4225096.03326667
97944,4335108.93683333
97945,3897799.74913334
97946,5200520.60713334
97947,4281468.5645
97948,4649856.0966
97949,5496194.3395
97950,4547265.4065
97951,4993568.80856191
97952,3666009.33293333
97953,4472504.95607778
97954,4352609.20446667
97955,5569753.8634
97956,3815872.6131
97957,4061580.25373334
97958,4843119.93226667
97959,4456736.39157619
97960,4526490.01143333
97961,3804569.4671
97962,4160357.8679
97963,3645810.55493334
97964,4115593.74573334
97965,4539845.24426667
97966,4531164.31416667
97967,4401376.52445714
97968,3833831.93034445
97969,4044389.7328
97970,5149443.98146666
97971,4141461.05561905
97972,4376795.1442
97973,4305463.17893333
97974,4088009.78683333
97975,5428256.06855238
97976,5008550.51697619
97977,4412029.53906667
97978,3729889.27263334
97979,4679201.79883333
97980,4410240.1403
97981,4531705.44453333
97982,4921066.28853333
97983,3627654.82530953
97984,4896620.8082
97985,3812600.90664445
97986,4857157.56036667
97987,3748935.08489524
97988,4870422.17233333
97989,4607547.71243333
97990,4832654.67466667
97991,3955448.82629524
97992,5276848.6169
97993,4044931.45863334
97994,4944530.8592
97995,4625696.34943334
97996,3516283.75550952
97997,3981157.51376667
97998,3585848.52432381
97999,4893768.42586666
98000,4808196.0169
98001,5098581.72066667
98002,4247257.75406667
98003,5032080.84813333
98004,4786632.5552
98005,4121078.41613333
98006,3847295.22613334
98007,5001077.63673333
98008,4363518.53496667
98009,3156154.92306667
98010,4346862.64786667
98011,4379100.16486666
98012,3904980.0207
98013,4045923.8744
98014,4133525.66985238
98015,4380858.84442857
98016,4318094.23583333
98017,4720261.07713333
98018,4205527.63931905
98019,4284831.32693333
98020,4213504.88316667
98021,5454124.50296666
98022,4382937.77313333
98023,4297141.94053333
98024,4620671.11786667
98025,5471951.81495238
98026,3959383.55563333
98027,4194973.52866666
98028,3436196.94713333
98029,4799416.54166667
98030,4571392.55306667
98031,4089057.16256666
98032,4691440.10123334
98033,5667044.00628571
98034,3111685.12398095
98035,2764901.36763333
98036,4703290.54266667
98037,3478594.97322381
98038,4434609.86852381
98039,3372127.0098
98040,3729688.0934
98041,3768723.40272857
98042,4481382.90489206
98043,4347543.6521
98044,3844473.05591111
98045,4924376.08153333
98046,4937925.02556667
98047,2997998.71033333
98048,4569017.52747143
98049,5103479.63706667
98050,4649998.57056666
98051,4840971.30703333
98052,4660350.39463333
98053,4213308.62776667
98054,4882069.47643333
98055,2590417.80834286
98056,4586998.7143
98057,4380886.6483
98058,3923693.65916667
98059,4269644.53749048
98060,3989535.69903333
98061,3320445.6877381
98062,4879796.4424
98063,4602648.98896667
98064,3825219.02513333
98065,3153116.84046825
98066,3609356.41267619
98067,4629428.24230952
98068,5219662.0591
98069,3716769.08916667
98070,4822466.11156667
98071,3768146.4138
98072,3570446.96873333
98073,5049500.4115
98074,4011092.37133334
98075,4046397.9828
98076,3252814.92654444
98077,4468125.12879683
98078,5352784.89873333
98079,3911192.3859
98080,3818691.40760952
98081,4858973.26796667
98082,4187892.77855714
98083,4247431.80321111
98084,4356013.3687
98085,4381407.69781429
98086,4728830.22206667
98087,4036673.92598095
98088,3955231.51733333
98089,5220377.62256667
98090,5523585.28011905
98091,5011322.4416
98092,4387931.24233333
98093,4604003.59782857
98094,4207160.3765
98095,5182944.49003333
98096,2480732.87586349
98097,4747179.98853333
98098,5061892.42053334
98099,4863846.95026666
98100,4598864.48797778
98101,3605796.42867619
98102,4076524.86455238
98103,4179157.77996667
98104,4097696.3268
98105,4638695.4828
98106,4358116.91550635
98107,5514482.6502
98108,4790911.4374
98109,4006536.75708254
98110,3605348.28799048
98111,4273427.33236349
98112,4391666.02022381
98113,4772552.9109
98114,4775186.67086666
98115,4279789.97381111
98116,5272709.57486667
98117,4616241.15653333
98118,5045290.20786666
98119,4706021.19742857
98120,4223854.91033333
98121,4909795.01536667
98122,4190333.3795
98123,4404539.19516191
98124,3779876.09564286
98125,4517766.8036
98126,4231821.49256667
98127,4195526.20283333
98128,4230767.97656667
98129,4328199.71996666
98130,4405251.39691428
98131,3824212.33077619
98132,4735467.24573333
98133,4325580.94443334
98134,3320962.1819254
98135,4283888.98373333
98136,4298160.64973333
98137,4379796.08023333
98138,3692715.05856667
98139,4250489.4703
98140,5338921.662
98141,4642551.2139
98142,4625952.133
98143,4458908.39976667
98144,4852237.75917778
98145,3785060.49766667
98146,4239743.24946667
98147,4491182.60963333
98148,5589999.42873333
98149,5611638.46123333
98150,6192830.94956666
98151,4126921.4279
98152,4290182.65756667
98153,4568734.25806191
98154,4076334.81496667
98155,3503992.7026
98156,4114615.00499524
98157,3961405.41113334
98158,4542864.71590159
98159,4837463.2445
98160,4646979.83203333
98161,4678515.95306667
98162,4415771.33436667
98163,5041337.81841905
98164,3914798.69916667
98165,4701036.83163333
98166,4337442.63691905
98167,4839776.1783
98168,4355000.0585
98169,3942583.2364
98170,2707397.83737778
98171,4794456.8995
98172,4933784.91143333
98173,3811238.75457778
98174,4420240.15296667
98175,4229383.95836667
98176,4594258.6087
98177,3079535.55654286
98178,4900595.8674
98179,4430546.7052
98180,3495947.68463333
98181,5117585.0045619
98182,4754174.56556667
98183,4485093.62399524
98184,4788329.05432381
98185,4535105.47263333
98186,4759291.75033333
98187,5168672.25526667
98188,4546231.23741111
98189,4859583.83942857
98190,3191845.27547778
98191,4347879.96011111
98192,4244884.98873333
98193,4573829.18173333
98194,4625973.1167
98195,4676669.499
98196,4273858.13166667
98197,5741905.27856667
98198,2396469.40147619
98199,3247276.5042
98200,4218593.3126619
98201,4571566.47816667
98202,3015377.72777619
98203,5281699.138
98204,4371709.52945397
98205,2832792.29506667
98206,5319545.04
98207,4449883.52933333
98208,4051672.2822
98209,3967941.30706667
98210,3775419.0101381
98211,4411867.65431111
98212,4408727.64473333
98213,5006319.3682
98214,4480136.70834286
98215,4664031.4957
98216,3684041.5959
98217,4918386.7166
98218,4623196.45583333
98219,3992182.8430619
98220,4367008.8039254
98221,3418427.91423333
98222,3621563.24743334
98223,3079535.55654286
98224,4215587.22027302
98225,4064194.8243
98226,4230226.03519048
98227,4689599.40493333
98228,4768850.7209
98229,4917036.1544
98230,4671136.71264445
98231,4799565.29041429
98232,4061175.9061381
98233,4734907.54796667
98234,4265424.36416667
98235,3677353.95536667
98236,3685105.51846667
98237,4272632.86696667
98238,4988860.39753333
98239,4312532.72736667
98240,4596459.28693333
98241,4320662.71143333
98242,4043031.90583333
98243,4760210.13826667
98244,3764271.91842857
98245,4534243.476
98246,3581659.13408571
98247,3912992.49331429
98248,4077706.53586667
98249,4823053.5009
98250,3269665.02974286
98251,4876683.06662857
98252,4743054.445
98253,5038835.4101
98254,4741588.72966667
98255,4315613.139
98256,4692997.31305238
98257,4067653.59393334
98258,4596386.5065
98259,4294117.57441429
98260,4523311.63316667
98261,4123382.59243333
98262,4613218.12596667
98263,3534953.97323334
98264,3957814.5112
98265,4306500.19383333
98266,3809692.86129524
98267,4085525.55244444
98268,4334854.29366667
98269,4750833.07343333
98270,4673899.0527
98271,4400194.77406667
98272,4746858.1384
98273,5211967.41906666
98274,4309409.02376667
98275,5148993.89198571
98276,4325610.7141
98277,3520888.13926667
98278,4998716.33621111
98279,5002535.4605
98280,4592569.23439047
98281,3607330.4321
98282,4844475.41525714
98283,4167712.70596667
98284,4860902.53706667
98285,4586751.65863333
98286,3660539.64736667
98287,4455117.08415873
98288,5248607.15493333
98289,4416302.33443333
98290,3506358.7100873
98291,4518823.57193333
98292,4428127.95553334
98293,4259299.22717143
98294,3657575.87896667
98295,4540243.41957778
98296,3538209.66580476
98297,4488558.5247
98298,4221369.63827778
98299,4542865.93273333
98300,4340152.81106667
98301,4447102.6906
98302,4477145.87786666
98303,4731410.31993333
98304,4794817.93468572
98305,4644644.0114
98306,4182862.03844286
98307,4479719.30483333
98308,4931295.8478
98309,4686278.1433
98310,4155979.57481111
98311,4347106.7351
98312,4494058.85340476
98313,4241856.7723
98314,4857663.9278
98315,4828388.93693333
98316,4412237.28802857
98317,4199735.10666191
98318,4328111.90994762
98319,4405227.27766667
98320,4142276.95836667
98321,4133019.58473333
98322,2870095.08653334
98323,4125982.50323333
98324,4461022.01013333
98325,3246173.263
98326,4679111.56023333
98327,3857050.69116667
98328,4466943.27686667
98329,4874890.08533333
98330,4808899.52016666
98331,4993476.76023333
98332,4840060.95333333
98333,4488901.90047619
98334,4086796.57516667
98335,4659546.7382
98336,5380895.88903333
98337,3606827.01306191
98338,4482458.06946667
98339,3770707.43236667
98340,4745608.82492857
98341,4127124.55573333
98342,4574680.63797778
98343,4385743.26296667
98344,5446448.69856667
98345,3554452.9364
98346,4036460.52354444
98347,4495161.41173333
98348,3747853.34446667
98349,4670845.6019
98350,3396257.12631111
98351,4722045.75266666
98352,5373321.31116666
98353,5694588.10986666
98354,4747683.1874
98355,4011708.18106667
98356,4868030.01332857
98357,5061154.10386667
98358,4790459.8893
98359,4163330.0284
98360,4141189.01146667
98361,5759163.787
98362,3907506.6469
98363,3040545.72367778
98364,4898707.50372381
98365,3719948.11763334
98366,4507367.22656666
98367,3731751.03879524
98368,4814637.2156
98369,4470816.81981111
98370,4201147.40013334
98371,4567483.9251
98372,4116872.75623333
98373,4389552.44216667
98374,3913678.36263333
98375,4523385.2234
98376,4201545.8178
98377,4442992.08832857
98378,5073474.64486667
98379,2696191.90993333
98380,5084731.55342858
98381,5025108.09216667
98382,5195979.25806666
98383,3756095.23978095
98384,4088748.5759
98385,5035744.0761
98386,3630579.74086667
98387,4153990.7056
98388,3798191.1942
98389,2194483.15296349
98390,4683015.3069
98391,3790084.39173334
98392,4904656.26366667
98393,3770401.62006667
98394,4494304.89480635
98395,4868161.22489999
98396,4338520.17411428
98397,4397565.5594
98398,5047782.52493334
98399,4322394.09807619
98400,4119689.50683333
98401,3880811.87913333
98402,4299440.33766667
98403,4130890.61350952
98404,3733562.72904762
98405,4275262.94612857
98406,4420446.16806667
98407,4494508.67273334
98408,4437103.25973334
98409,3644176.60415238
98410,4796500.82386667
98411,4642199.99803333
98412,5066743.00083333
98413,4949739.75536667
98414,4635734.23836667
98415,4294028.435
98416,4078086.91206667
98417,4929241.97346667
98418,4478463.9897
98419,4042919.18623333
98420,3646827.80013492
98421,4885127.5482
98422,4154421.3284
98423,5418396.81173334
98424,4332578.863
98425,4530154.4372
98426,5148549.07186667
98427,4330400.76643333
98428,3758679.13052857
98429,5404195.31823809
98430,3605932.35129524
98431,4308797.09907619
98432,4050559.42264444
98433,3705044.0898
98434,4589309.73726667
98435,3821173.88977619
98436,4776698.6594381
98437,4458219.85813333
98438,3899739.6895
98439,3657789.54903334
98440,4294252.93423333
98441,4762877.10773333
98442,4423151.87631905
98443,3012436.42860476
98444,4482628.99754444
98445,4613680.75166667
98446,4060077.4947381
98447,4774241.27643333
98448,4286050.47447619
98449,3057538.0106
98450,4591942.6649619
98451,4872905.06293333
98452,3889917.47383334
98453,3976528.7314
98454,4583963.96323333
98455,3679698.93613334
98456,4366075.0761
98457,3999376.9198
98458,5354727.75906667
98459,3497949.95994444
98460,3612884.87782857
98461,3751863.2746
98462,3596443.73806667
98463,4278093.60228095
98464,3716413.72466667
98465,4617191.89521429
98466,4141090.61823333
98467,3836781.021
98468,5249226.2604
98469,5036720.4318
98470,3652950.88960476
98471,4545187.4082
98472,4325629.3462
98473,4772838.19193333
98474,4348559.48373333
98475,4404588.07603333
98476,3138732.76134286
98477,4258717.11846667
98478,2440346.55334286
98479,4107035.70761587
98480,5053032.63063333
98481,3129515.44004286
98482,5217158.97816667
98483,4951257.557
98484,4574994.94832381
98485,4128724.95995714
98486,4471789.8837
98487,3627176.62230635
98488,4382300.02258571
98489,4749471.4879
98490,4027257.58616667
98491,4682770.5003
98492,5225179.32816667
98493,4145191.41197143
98494,5064464.6878
98495,5639913.7662
98496,3783927.29163016
98497,4243297.66863333
98498,4763735.04883333
98499,4106802.05227302
98500,4300406.88824444
98501,4313604.68799524
98502,4300296.52556667
98503,4263530.58351111
98504,4302990.73063333
98505,4140981.53782381
98506,3917912.07246667
98507,3248889.39580952
98508,4837587.5462
98509,4974363.70473333
98510,4608607.81036667
98511,4314832.77966666
98512,4019995.07466667
98513,4190147.38536666
98514,4175780.62704921
98515,4542670.04686667
98516,4429397.9374
98517,4265109.04095397
98518,3666554.61185238
98519,3911749.02203333
98520,4012582.3326
98521,4506261.4097
98522,3911773.00128254
98523,4320482.20996667
98524,5304006.74563333
98525,4838338.1134
98526,4052419.8062
98527,3334850.38070952
98528,4507635.84416667
98529,4156704.52642857
98530,4143775.58206667
98531,4001570.13323334
98532,3978038.2043
98533,5129748.4023
98534,3914251.58249524
98535,4715113.19203333
98536,4852622.0061
98537,4736337.70999524
98538,4243669.59546667
98539,4921223.27732857
98540,4041466.53384445
98541,4668649.94053333
98542,4033318.93337778
98543,5357316.72766666
98544,4444090.70616667
98545,3986542.01896667
98546,4618532.54516667
98547,4423893.8041
98548,4284165.22877302
98549,3703622.1939381
98550,4566866.9215
98551,4419241.92333333
98552,4232272.76283333
98553,4032199.56601905
98554,4052742.92766667
98555,3769534.14224762
98556,2789610.92461111
98557,4203041.60586667
98558,4597565.9752
98559,3931043.83260953
98560,4088592.4588
98561,4799978.95576667
98562,4116947.21266667
98563,4972898.8962
98564,4674090.7073
98565,4530592.49413334
98566,4806901.87714286
98567,4752341.83736667
98568,4295634.3885
98569,4807414.83696667
98570,4492256.56163333
98571,4493380.47246667
98572,3848948.60426191
98573,3744150.822
98574,4303365.1524381
98575,4789810.50766666
98576,4564053.41166666
98577,4680817.36913333
98578,3896009.10078095
98579,5049029.3792
98580,2437639.80230476
98581,3356676.10145397
98582,3804906.74323333
98583,3879448.94956667
98584,3550841.97637143
98585,3830043.86779206
98586,4752053.61696666
98587,4470029.6826
98588,4475924.16913333
98589,4302242.1133
98590,3759255.89696667
98591,4196084.53946667
98592,4421118.59256667
98593,4964415.79628571
98594,3191778.62605397
98595,3646910.53766667
98596,4438838.4088
98597,4288121.02615714
98598,3937963.25291588
98599,3761829.2625873
98600,4321506.08503333
98601,5335451.7575
98602,4961453.26993333
98603,4770955.295
98604,5080853.81513333
98605,4758808.77433333
98606,5285650.3943
98607,4475645.04239524
98608,4636792.2361
98609,3976578.27242857
98610,3107306.83550159
98611,4707283.93743333
98612,4019525.10807619
98613,3876674.06931111
98614,3778223.08689524
98615,5196503.9848
98616,4236957.5526
98617,4444715.3287
98618,5231403.88193333
98619,4339963.00707778
98620,4378375.48536667
98621,3832431.7164
98622,4826170.39393333
98623,5138364.70126666
98624,5499093.34625238
98625,4010444.29731428
98626,4749390.02573333
98627,3389407.79446667
98628,4395092.14847778
98629,4483946.94521905
98630,3799690.12773334
98631,4188332.79470635
98632,4351452.34976667
98633,4805929.5956
98634,5311707.8543
98635,4584301.77128572
98636,4240072.3671
98637,4869207.10091667
98638,4414286.33846667
98639,3211939.26665397
98640,4265134.47456667
98641,3220280.1323873
98642,4109054.63303333
98643,3837366.51183333
98644,4578394.84143333
98645,3814761.86860952
98646,3602662.27557619
98647,4683635.00614762
98648,4882612.01203333
98649,4345496.78155238
98650,3880760.35953333
98651,5064561.63566666
98652,4217448.55127619
98653,4388176.21133334
98654,3443275.94535873
98655,4465612.4693
98656,4065727.06456667
98657,3632839.6264
98658,3877997.99876667
98659,4620369.92156666
98660,3958147.92512857
98661,4387468.93813333
98662,3871179.96584762
98663,4445190.1568
98664,4477721.4186
98665,4686067.17313333
98666,4043347.91523333
98667,4754909.96656667
98668,3852673.91445873
98669,3350832.32360476
98670,4187914.11856191
98671,4577835.5563
98672,4671924.10536667
98673,5422785.18053333
98674,4261090.97396667
98675,4494826.96269524
98676,4473362.7165
98677,3827572.97933333
98678,4539289.98606667
98679,4364240.7847
98680,4589936.0393
98681,4627113.8694
98682,4062028.64666667
98683,4842226.2165
98684,5083456.96663333
98685,5040873.07173333
98686,4513084.14753333
98687,4895155.06666667
98688,4703050.22983333
98689,4538039.7158
98690,4083979.98824445
98691,4486530.1278
98692,4592567.95223333
98693,3509003.92290476
98694,3145495.76657143
98695,3694688.825
98696,4666726.06497143
98697,4423989.45649524
98698,4201208.06526667
98699,4589590.47262857
98700,4083035.2553
98701,4638468.94286191
98702,4192972.18733334
98703,4314442.97223333
98704,4136978.47904445
98705,4618391.73288572
98706,4654571.79378571
98707,4653010.0483
98708,4966177.88103333
98709,4962214.6743
98710,3677919.41723334
98711,3989160.38846667
98712,4214784.26493333
98713,4924991.84596667
98714,5000485.62006667
98715,4643717.34553333
98716,4756197.3489
98717,4557349.4705
98718,4484334.802
98719,3881953.26655714
98720,4886677.30636667
98721,4004883.26380953
98722,5374088.9274
98723,4448442.5895
98724,4045861.31936667
98725,4386537.60060001
98726,4806633.4452
98727,4273407.75512857
98728,4636813.4251
98729,3218935.83482064
98730,4324633.79137778
98731,4537073.19884762
98732,3912437.85083333
98733,4882317.83773333
98734,4299107.0176
98735,4207840.47936667
98736,4541316.56113333
98737,4855531.25456667
98738,5483295.86926666
98739,4047378.76403333
98740,4639750.1698
98741,4174101.4369
98742,2559550.28424286
98743,4647635.56256667
98744,4892352.34866667
98745,3911748.1603
98746,4356008.58876667
98747,3542171.7466
98748,3008722.60360952
98749,5135756.44286667
98750,4926265.03616667
98751,4349403.12856667
98752,3926244.18388095
98753,3893340.3959
98754,4044972.5825
98755,3520488.71081111
98756,3949274.9961
98757,3590079.94989524
98758,4403255.5475
98759,5250793.42796667
98760,4802943.97333333
98761,5452642.98123333
98762,4604565.80523333
98763,4805168.49759047
98764,3887781.84500476
98765,4022045.26408095
98766,4496252.288
98767,4358748.8848
98768,5293979.57476667
98769,4608585.45843333
98770,4472676.26071111
98771,5358749.339
98772,5112799.16296667
98773,5495836.2466
98774,4654916.11765238
98775,3726936.16466667
98776,4723042.7097619
98777,4253499.74076667
98778,4418127.6576
98779,5213690.65086667
98780,2438540.34923492
98781,4576859.66262857
98782,5393366.98276667
98783,4845714.94603333
98784,4030364.40757778
98785,3766713.71406191
98786,4608905.1738619
98787,3069285.73277778
98788,4939979.02943333
98789,4156853.57136667
98790,5234370.9875
98791,4640402.8493
98792,4941582.40856666
98793,3004758.06293333
98794,4822458.00179048
98795,5083230.1378619
98796,4566767.5195
98797,3197028.10106667
98798,4639285.17406666
98799,3988618.66960953
98800,3967114.73876667
98801,4429209.73629047
98802,4445694.11143334
98803,4453373.93025714
98804,4701287.15909524
98805,4345524.97306667
98806,4225229.81223333
98807,4089827.9824
98808,4932806.83863333
98809,4410632.04812857
98810,4157798.14113333
98811,5426868.60666666
98812,5514103.5885
98813,2905598.68710476
98814,3503620.76773334
98815,4749546.53221111
98816,3704832.35789524
98817,5342892.4775
98818,4215671.116
98819,4398833.13980952
98820,4331719.76358571
98821,4450384.6751
98822,4728589.32626666
98823,3233543.02904762
98824,4797610.05086666
98825,3875922.81473333
98826,3752127.67766667
98827,4079596.9085
98828,3968351.01636667
98829,4631253.98076667
98830,4788231.81163333
98831,3697720.64861111
98832,4917059.754
98833,4788435.52397778
98834,3827634.73687778
98835,3427472.87437619
98836,4778113.34986667
98837,4648414.77643333
98838,5039076.24687619
98839,2981165.24751429
98840,5149442.74053333
98841,4392845.45696667
98842,4317411.30713333
98843,4545112.30756667
98844,4978068.4778
98845,4457595.18903334
98846,4505221.94173333
98847,3719807.16948095
98848,4406209.42253333
98849,5424388.8442
98850,5321042.86396667
98851,3964485.56047778
98852,4809138.3158
98853,4982023.63506667
98854,4950639.11129047
98855,4660394.74646667
98856,3655293.49121429
98857,4539092.2414
98858,3673363.97920159
98859,4670605.43023333
98860,3219762.45826667
98861,4692997.31305238
98862,4829465.94045238
98863,3960551.39916666
98864,3953910.62243333
98865,4375950.7027
98866,4566413.6650381
98867,4630928.39576191
98868,4071306.46103333
98869,4857359.3672
98870,4335789.66153333
98871,4323375.55653333
98872,3879211.74096667
98873,4846116.76913333
98874,4408783.34803333
98875,4708590.85943334
98876,3200613.03227143
98877,4976947.55413334
98878,4046522.28803334
98879,4633060.16286667
98880,4462400.54496667
98881,4164604.15396667
98882,4449669.59576667
98883,4780880.86036666
98884,4079157.44816667
98885,4076062.87463334
98886,4917439.47606666
98887,3453278.19273333
98888,4791341.0979
98889,4064338.12493333
98890,4448518.71216667
98891,4672801.86773333
98892,4707475.3623
98893,4143737.4689
98894,4769124.99037778
98895,4759287.73310001
98896,3567503.17737619
98897,5124001.24953334
98898,3460318.22338095
98899,4872257.7763
98900,4158941.54146666
98901,4009086.75914286
98902,3687298.65286667
98903,3607271.3974
98904,4817667.69903333
98905,5166482.25936667
98906,4893999.89583333
98907,6242729.82266666
98908,4199435.86226667
98909,4136170.684
98910,3348517.1716
98911,4145240.35054286
98912,4890934.1114
98913,3761862.96777619
98914,3237180.4447
98915,4188098.57923333
98916,4583397.2627
98917,4692079.1941
98918,4266111.65416667
98919,3600629.40140476
98920,5449503.11361905
98921,4731327.1799
98922,4670647.3438
98923,4073981.42146667
98924,4088178.6522
98925,3889786.13113333
98926,4610827.36285397
98927,4803269.6158
98928,4675612.04758571
98929,4833937.72066666
98930,5426839.70426666
98931,4527692.46626667
98932,4152145.97143333
98933,4794488.53377143
98934,3987189.67
98935,4085143.11874286
98936,4731695.93624444
98937,4876019.22092857
98938,3538310.79608572
98939,3643752.97766191
98940,4466988.85716667
98941,4897443.5364
98942,4407031.86465238
98943,4312095.44000476
98944,4971653.0940619
98945,4012401.78766667
98946,3947846.60193333
98947,4674064.64746667
98948,4663948.9844
98949,4503997.10641905
98950,4582042.3296
98951,4830583.5413
98952,4972730.25586667
98953,5138041.60765238
98954,4146314.73413333
98955,4860380.43813333
98956,3231908.12402381
98957,4866988.13721111
98958,4009506.3717
98959,4082231.8688
98960,4250628.7468
98961,3874085.65130635
98962,4787560.38450476
98963,4160310.29559524
98964,3743502.2177381
98965,3716581.49693333
98966,4281369.01586667
98967,4802097.01081111
98968,4042754.634
98969,3805818.1504
98970,4795899.46393333
98971,4314285.10582857
98972,4909953.7644
98973,3150064.78894444
98974,3737770.6936
98975,3471139.65646667
98976,3475505.94933333
98977,4183058.25066667
98978,4171831.27786667
98979,3538270.14777143
98980,3820318.28223333
98981,5102970.69493333
98982,3829495.81649048
98983,3942053.07672857
98984,4741934.75661429
98985,4160154.07706667
98986,4847392.22216666
98987,5250039.285
98988,5662061.90163333
98989,2785212.0603254
98990,4064787.10513333
98991,4605845.86603333
98992,4205084.73050953
98993,3497265.32798572
98994,4935729.50653333
98995,4658836.06
98996,3718843.1130619
98997,3974446.0249
98998,4394507.2421
98999,3127748.23674444
99000,4327480.9502
99001,4607395.12646667
99002,2628717.4044
99003,3920204.14833333
99004,4418851.70073334
99005,4368284.04970952
99006,3032038.2543
99007,4382615.78773333
99008,3944227.75964445
99009,4560810.23866666
99010,3473939.53204286
99011,4778669.19352857
99012,3939602.93222857
99013,4416368.84293333
99014,4430917.62583333
99015,4605862.57956666
99016,4664449.10653334
99017,4119910.17263334
99018,3808410.08286667
99019,4950745.3907
99020,5024421.67446667
99021,4569836.76366667
99022,4848398.13383333
99023,3476262.79163333
99024,4299095.56386667
99025,4198496.99273333
99026,4655753.37286666
99027,4064892.72706667
99028,4348885.1907873
99029,5254402.64626666
99030,3297130.25326667
99031,4643343.49166667
99032,4063682.51003333
99033,4105538.28538095
99034,4509525.70723333
99035,4582788.51648572
99036,4739755.77726666
99037,4088262.06486667
99038,3596153.95223334
99039,4370489.25206667
99040,3914009.01786667
99041,4329375.61594286
99042,5017146.6746
99043,3286208.80590952
99044,3852270.06509524
99045,4827197.7732
99046,4837477.01546666
99047,5037400.82523333
99048,4263853.657
99049,3959444.23693968
99050,4057564.76904445
99051,4971440.95551904
99052,3828734.7691
99053,4029965.7795
99054,3947960.76836667
99055,4516066.92762857
99056,3706350.81357619
99057,3536592.65446667
99058,4667683.74206666
99059,4584253.5605
99060,4593917.0448
99061,4213558.95196667
99062,4055252.68676666
99063,3637274.80686667
99064,3311412.57232381
99065,4689749.59726667
99066,4777408.83663333
99067,4261157.96637619
99068,5318177.2831
99069,4360356.48223333
99070,3919353.18756666
99071,3080042.58171111
99072,4735051.76393333
99073,4030144.45643333
99074,3734323.99342857
99075,3659724.48581111
99076,4470852.81853333
99077,3821019.04114445
99078,3950194.7848
99079,4705888.85851904
99080,3001389.0236381
99081,4720644.02163333
99082,4214955.16253333
99083,5225077.03176666
99084,4802227.27302857
99085,3341740.77613968
99086,4417515.4564
99087,3729467.55973333
99088,3957870.50105238
99089,4880833.39886667
99090,4436292.2254
99091,4528904.02246667
99092,3823803.11044444
99093,3462533.70465714
99094,4559008.42716667
99095,3880248.1029
99096,4385085.14051905
99097,2868895.63784286
99098,4238141.63354445
99099,4683150.96833333
99100,5361006.6885
99101,4171528.38654286
99102,5146024.8797
99103,4245262.73766667
99104,5032395.69166667
99105,4918621.1038
99106,4098255.25733334
99107,4322053.79607778
99108,4781027.24656666
99109,4460084.363
99110,3610067.8366381
99111,4253810.8483
99112,4831688.0568
99113,4358613.51966667
99114,5053523.023
99115,4214951.16403333
99116,5091965.04936666
99117,4020904.54424444
99118,4185887.8728
99119,4052053.46753334
99120,4231359.88764444
99121,4740492.99686667
99122,3772260.9137
99123,2440346.55334286
99124,3462582.67985714
99125,4458823.00122857
99126,4431149.0973
99127,3497950.56220159
99128,4642120.81976667
99129,4950570.69491904
99130,5401719.10403333
99131,4654666.30033333
99132,4624085.30153333
99133,4662106.0542
99134,3717624.33976667
99135,4864798.12303333
99136,5053654.93283333
99137,3705273.187
99138,3985776.33919524
99139,4897594.72242857
99140,3526349.00619048
99141,4758480.28716666
99142,4247671.65196667
99143,4296657.51946667
99144,4555129.14193333
99145,6165362.8818
99146,3302520.21495238
99147,4051340.58553333
99148,4145338.61315238
99149,4686188.05521111
99150,5434145.7239
99151,3990835.3226
99152,4253375.57418572
99153,3056288.14747778
99154,4728360.7089
99155,4321736.29584444
99156,4451474.84294444
99157,4097192.7576
99158,5530994.342
99159,3267650.5124873
99160,4721843.77023333
99161,4677866.4990119
99162,3469493.44812381
99163,4977431.19713333
99164,5171940.06536667
99165,4241253.33332857
99166,3358856.55277778
99167,4011180.89696667
99168,3023292.62613334
99169,4182524.77633968
99170,5716207.97688571
99171,4781102.15873333
99172,4639247.7495
99173,3825593.06228572
99174,4241327.45416667
99175,4386255.7763
99176,3580428.83859683
99177,4040385.66287619
99178,3817341.57043334
99179,4670748.64121667
99180,3350180.02167778
99181,4854645.40696667
99182,4406907.60686667
99183,3539349.33153333
99184,4684286.7045
99185,4569873.30143809
99186,4974456.66106666
99187,4483512.7415
99188,3645963.00530952
99189,4262652.3337619
99190,4544876.78623333
99191,4321292.17226667
99192,3981111.71767619
99193,4411895.03716191
99194,4801902.97126667
99195,5207588.29176666
99196,4147796.55666667
99197,4169245.8338
99198,3921037.82493334
99199,3821168.6108
99200,4254488.4703
99201,4741577.112
99202,4283531.88126667
99203,4773936.71633334
99204,3388604.40919048
99205,4935208.2796
99206,5160114.1346
99207,3604079.24513333
99208,3795383.41170953
99209,4174601.82053333
99210,3791627.73666667
99211,4846022.83713333
99212,4520647.2778
99213,4189839.17292857
99214,4114952.1153
99215,3932060.99271111
99216,4519069.70036667
99217,3945037.31687778
99218,5366023.94856667
99219,4882351.52246667
99220,4179817.88788572
99221,3817393.4503
99222,4120305.24756667
99223,4617067.1736
99224,4164667.72363333
99225,4639918.81536667
99226,4140721.22302857
99227,3371659.78599524
99228,3481494.55957143
99229,4343887.11573333
99230,3596888.39656667
99231,5085039.42083334
99232,5909632.10053333
99233,5064201.05023333
99234,5151695.90638571
99235,4424980.01609524
99236,4066525.06606667
99237,4368324.14833333
99238,3874589.04714445
99239,4504240.20940952
99240,3772816.57307619
99241,4793992.92663333
99242,4217954.48446667
99243,5675090.93985238
99244,5192911.4618
99245,4690097.01856666
99246,5414522.88246667
99247,4376747.35906667
99248,3434645.85130952
99249,4422283.71423333
99250,3818517.55493333
99251,4493152.89976666
99252,5259233.32276667
99253,4101778.17126667
99254,3190104.06400476
99255,3496617.39236667
99256,4298705.54353333
99257,4702673.05983333
99258,4595066.78118571
99259,4166151.3281
99260,5130539.04091667
99261,4550775.45388571
99262,4866852.75589524
99263,4094900.58283334
99264,4339202.54449524
99265,4544981.52523334
99266,4250713.53248095
99267,3871354.16833333
99268,4375699.89893333
99269,4324743.36783333
99270,4191889.30057778
99271,3891824.9349
99272,4965618.2569619
99273,3097091.22296667
99274,4849255.34806666
99275,4087722.8200619
99276,4838698.83436667
99277,4496054.80893333
99278,4189018.97938571
99279,4169320.7448381
99280,3541267.32652857
99281,5052505.41216667
99282,4382457.44740635
99283,4598551.85526667
99284,4485389.82894444
99285,4676575.8738
99286,4265546.27264286
99287,4415765.77626667
99288,4561944.66253333
99289,4775265.44836667
99290,4735588.1162
99291,3992222.5247
99292,5100224.71306667
99293,3455078.00203333
99294,4235712.82364762
99295,4235350.7015
99296,5410325.8904
99297,4757340.56716667
99298,4948837.44026667
99299,3241133.50343333
99300,4307408.41723333
99301,4903611.56804285
99302,4476608.5054
99303,2889584.51520476
99304,4456075.37841905
99305,3962249.08986667
99306,3979907.52194762
99307,3868151.68542857
99308,3643644.4609
99309,4909729.98536667
99310,2913752.55024762
99311,3714234.72596667
99312,4555874.61236666
99313,4194395.53773333
99314,4125872.20093333
99315,3845332.0497
99316,5008712.06063333
99317,4593280.01636667
99318,4656368.5255
99319,4061628.822
99320,3996562.71600476
99321,4250950.52341905
99322,3820283.69825715
99323,4809513.18891429
99324,4107997.84957778
99325,4031948.54565714
99326,4265433.4513
99327,4513783.51553333
99328,3788791.14496667
99329,2709710.01096667
99330,3780934.21834445
99331,4151899.31167143
99332,4113171.9177
99333,4365106.68356667
99334,4121526.5459381
99335,4804776.87472381
99336,3721320.18155397
99337,5430297.62186667
99338,3900283.1317
99339,3308925.69727143
99340,4815136.71886667
99341,4438758.0151
99342,3685782.10416667
99343,4474190.10519524
99344,4330400.76643333
99345,3741402.19214286
99346,4622117.9388
99347,5440279.82096667
99348,4157744.64697619
99349,4758128.90899524
99350,4470047.3096
99351,4570659.09982857
99352,4932640.3053
99353,4337016.70186667
99354,4654963.16253333
99355,4553243.10343333
99356,4362868.69216667
99357,4776902.01421905
99358,3316575.98546667
99359,3662896.68426826
99360,5181485.72703333
99361,4807278.02326666
99362,3561773.96989683
99363,4597055.29313334
99364,4258252.96456667
99365,4291509.16296667
99366,5470433.37219524
99367,4180605.05876667
99368,3767461.13776667
99369,4268705.85463334
99370,4040524.89616191
99371,5003743.93596667
99372,4524709.81441905
99373,4585801.70691666
99374,4257473.62256667
99375,4753913.63783333
99376,3880704.03352857
99377,5057881.44973333
99378,2764901.36763333
99379,3492762.17214762
99380,4570474.7266
99381,3818646.2873619
99382,5799022.5932
99383,3268065.72000476
99384,4465730.3097
99385,5004082.38156667
99386,4189222.74766667
99387,4494747.3161
99388,3979681.04106667
99389,3899568.08296667
99390,3963179.70573333
99391,4189841.61825714
99392,4225774.22436667
99393,2418961.23137619
99394,4932775.87903334
99395,4509916.69123333
99396,4475249.4622
99397,4664938.89182857
99398,4582096.379
99399,4738711.00026666
99400,4748175.59453333
99401,4995196.59816666
99402,4723449.31496667
99403,4692595.24143333
99404,4318412.25724444
99405,4836855.5894
99406,4870883.01566666
99407,4200982.70600952
99408,4423190.1667
99409,5325658.26676667
99410,3457070.80114445
99411,4498849.78176667
99412,4026993.34957619
99413,4792229.46553333
99414,4742545.56796667
99415,4407823.51853809
99416,4435110.6629
99417,4540418.50606667
99418,4707567.9396
99419,5294453.75396666
99420,4671012.38023333
99421,4206441.12266667
99422,4208741.91386667
99423,4758691.28513333
99424,4003209.4975
99425,4531399.38533333
99426,4546668.84470476
99427,4067259.76937778
99428,3880273.55616667
99429,4084944.64063333
99430,4244807.0266
99431,4137611.52113333
99432,4434165.28983333
99433,4500132.2279
99434,3116519.15465238
99435,4741922.90099048
99436,3999876.4827
99437,4650116.2055
99438,3947682.15252857
99439,4234145.78809524
99440,4393514.42495
99441,4578684.03263333
99442,3350768.67215873
99443,4188248.64706667
99444,5744305.05551905
99445,3235620.4782
99446,5057112.52956667
99447,2832792.29506667
99448,3712747.59871111
99449,4211694.10023333
99450,4936716.8478
99451,4052122.50373333
99452,5045638.21586666
99453,4046871.36779524
99454,3719688.42103334
99455,4198831.15106667
99456,4674993.11538571
99457,3917498.17023333
99458,3214397.86046667
99459,4883182.02686666
99460,4529300.24310953
99461,4824158.9786
99462,3367102.87689524
99463,3805698.60404444
99464,5098194.40906667
99465,4032964.8054
99466,5331647.08608572
99467,4660428.79490952
99468,3379202.92757778
99469,4706027.37193334
99470,3913126.81711429
99471,4522846.98233334
99472,4280137.70754286
99473,4576559.28213334
99474,3268363.1412873
99475,3889409.86955714
99476,5111890.6188
99477,4053905.31684286
99478,4085197.37232857
99479,4880316.2398
99480,3652811.78682857
99481,3145917.67124445
99482,3897797.2025
99483,3461602.71096191
99484,4817532.85843334
99485,3751670.25927143
99486,5479117.6417
99487,3372178.49274286
99488,3837144.38859524
99489,4349959.51977619
99490,4148274.78920953
99491,4637957.91556667
99492,3377739.12197778
99493,3861980.00866191
99494,4348113.74826667
99495,5181393.44176666
99496,4808806.11288571
99497,4040360.75596667
99498,4744296.5198619
99499,4775093.157
99500,3176184.46677619
99501,3887452.77203334
99502,4516187.8511
99503,3941622.49715397
99504,3522248.81810159
99505,3808842.03373333
99506,3866740.03046191
99507,4646457.5056
99508,3298259.2839
99509,5176023.31423333
99510,3620094.64346667
99511,5199496.92091429
99512,3686089.32726667
99513,4029657.46263333
99514,4948167.50223333
99515,4313495.8559381
99516,4526851.0741
99517,3756039.22231111
99518,4880644.59066666
99519,3891802.97795714
99520,5274382.66683333
99521,3417085.7179
99522,4926908.22308571
99523,5085685.32173333
99524,3386191.61736667
99525,3908030.16933333
99526,5019179.70116667
99527,3176781.65169524
99528,4145191.41197143
99529,4560720.3845
99530,5033057.36966666
99531,3754032.90473016
99532,5023193.17078571
99533,3974748.90355238
99534,3962510.47059683
99535,4362841.49582857
99536,4221866.08223333
99537,5012602.80077778
99538,3335592.72662381
99539,3815596.38146667
99540,4980755.37086666
99541,4576708.44103334
99542,4157831.06186667
99543,4230097.84712857
99544,3872655.9906
99545,4632900.25726667
99546,4576264.81256667
99547,5181814.9604
99548,3240638.93660159
99549,5082019.0583
99550,4431057.2198
99551,2987386.2051619
99552,3757394.33103333
99553,3574458.27508096
99554,4273062.9022
99555,4594496.82446667
99556,5315062.19926667
99557,4656878.35733333
99558,4491164.8904
99559,3200265.82631428
99560,4714196.80653333
99561,3277702.3328
99562,4481094.86163333
99563,4664332.07996191
99564,3718025.50156667
99565,4282098.2302
99566,4584890.11543333
99567,3945916.3311
99568,3823819.13532857
99569,4450727.3309
99570,4144331.87346667
99571,4492763.19696666
99572,4384356.77586667
99573,4511453.2545
99574,4937546.6084381
99575,4230460.62653333
99576,4727413.24703333
99577,4307463.92413333
99578,5115018.17386667
99579,4057254.52880476
99580,3969937.67526667
99581,4463588.8954
99582,3658288.48977778
99583,3838337.6879
99584,4371446.16013333
99585,4794417.94676666
99586,4803634.57608571
99587,3804039.21896667
99588,4393172.33827778
99589,4776869.32003334
99590,4095391.81323333
99591,4398353.07903333
99592,4195244.48961111
99593,4957061.15673333
99594,3835824.82895714
99595,4231804.76557143
99596,5355993.5993
99597,3981007.24446667
99598,4239954.11083334
99599,4980284.7897
99600,5470160.91018572
99601,4256926.3695
99602,4052344.14332857
99603,3722226.72423334
99604,4774892.8731
99605,4514215.52987778
99606,4877969.33431587
99607,3816475.57633333
99608,3954702.31933334
99609,4575382.40816667
99610,2995264.84395714
99611,4753348.55763333
99612,4900568.93372857
99613,5025870.4617
99614,4955450.54406667
99615,4235635.8217
99616,4274388.38983333
99617,4382814.10873333
99618,4405642.76736667
99619,4196145.11636667
99620,4613186.95806667
99621,4315946.98219524
99622,4490168.86675714
99623,2742297.20163333
99624,5097077.11276191
99625,4692478.88146666
99626,5177156.30708571
99627,4691253.38973333
99628,4733565.76043333
99629,3882331.16393334
99630,4664709.30075
99631,4946963.09726667
99632,4234317.46583333
99633,4093600.10623333
99634,3658408.98303333
99635,3835931.33320397
99636,4891294.60183333
99637,4555754.53803333
99638,4400958.841
99639,4153895.13416667
99640,4004066.99805714
99641,4275120.2384
99642,4168868.3616381
99643,4514935.83442857
99644,4429757.06006667
99645,3954698.3315
99646,4746571.9709
99647,4174810.70563333
99648,4501041.40323333
99649,4942899.8342
99650,4612542.74698572
99651,4092070.92926667
99652,4793523.82113333
99653,5373931.04726667
99654,3989878.67416667
99655,4705870.9804
99656,4379482.39217619
99657,3457578.44294286
99658,4080480.33733333
99659,4669243.5382
99660,4374163.3156
99661,4421992.15233333
99662,4037389.96621111
99663,4568413.77253333
99664,4549583.28836667
99665,4760261.85028571
99666,4726070.58503333
99667,4442702.3796
99668,6189784.47386667
99669,4438088.86183333
99670,4969960.2993
99671,3648445.30497778
99672,4380575.75728095
99673,3429618.80836667
99674,4926908.22308571
99675,4632068.2946
99676,5037164.47073333
99677,4112489.36303334
99678,3671142.56088254
99679,3708291.43366667
99680,4185023.188
99681,4202730.15036667
99682,4858230.76616667
99683,3627011.43712857
99684,5160461.73033333
99685,3589993.0037
99686,4709769.36028254
99687,3518172.29313016
99688,3714855.92326667
99689,5192758.81683334
99690,4127423.93606667
99691,4532235.57457619
99692,5187717.03796667
99693,4479096.62196666
99694,4830439.28263333
99695,4229577.90620476
99696,3930373.83756191
99697,4100666.03274921
99698,3647962.70317619
99699,4040367.31045714
99700,3955325.08827778
99701,4905984.56771111
99702,3662027.09944286
99703,4635088.16086667
99704,4377550.8487
99705,4581136.67916667
99706,4640975.43246667
99707,3639117.26577619
99708,4083341.2941
99709,4571836.6035
99710,4457759.53017778
99711,3627554.46467619
99712,5154053.6467
99713,5243479.42123333
99714,3937863.2479
99715,4355553.22183334
99716,4914738.40534762
99717,5085685.32173333
99718,3541520.43483334
99719,4189055.7577
99720,4920873.07986667
99721,3154108.16936667
99722,5562886.8968
99723,4342279.43456667
99724,4385374.6649
99725,4836702.9754
99726,4674361.01156667
99727,3899868.7533
99728,4617711.1207
99729,5439878.1206
99730,4324284.14506667
99731,3999457.5461
99732,4740261.76733333
99733,4807527.15023333
99734,4986735.24206666
99735,5014772.88266666
99736,4680903.7129
99737,4492271.70193333
99738,4590584.8416
99739,4702020.07073333
99740,4216022.29783333
99741,3799754.03748095
99742,3561483.51163334
99743,2932369.74738572
99744,4365943.89913333
99745,4257548.1148
99746,4177049.48352857
99747,4159951.00984445
99748,4204237.66813968
99749,4415513.13236667
99750,4242780.9974
99751,4418680.36450952
99752,4582383.65473334
99753,4641388.85913333
99754,5259439.6772
99755,5114197.2824
99756,4365688.45663334
99757,3714554.01516667
99758,4370244.35906666
99759,6119205.17366667
99760,3831601.68334762
99761,4417622.24056667
99762,4246597.4563
99763,4185621.99625714
99764,2978641.08570952
99765,4111049.10596667
99766,3794663.58245238
99767,4653127.65116667
99768,4444252.98826667
99769,4606135.76816667
99770,4112331.40337619
99771,4453974.4975
99772,4543898.96246667
99773,4456823.92156666
99774,4533311.95262381
99775,5264878.77506666
99776,3806680.67151111
99777,4468960.13756666
99778,4498837.43153333
99779,4686555.07513333
99780,4987065.24176111
99781,4622887.07913333
99782,4317857.4737
99783,5556309.37973334
99784,4485860.60183333
99785,4479870.42526667
99786,4723108.24353333
99787,4422906.73913968
99788,3385387.29326667
99789,3644013.1617381
99790,4286721.67803333
99791,5770996.45843333
99792,5244307.76443333
99793,4684110.3285
99794,4362154.55033333
99795,4551640.43386666
99796,5212036.4527
99797,4929452.4254
99798,4943878.70883333
99799,3875202.38104286
99800,4119751.64315715
99801,4633982.4177619
99802,3900637.64371111
99803,4259513.56124444
99804,4468654.8242
99805,4566116.8317
99806,3233977.19120159
99807,4399395.79164445
99808,3861289.49853334
99809,4464756.85495
99810,4900623.96486667
99811,4694082.50766667
99812,4002012.75262857
99813,4712978.86065
99814,5111893.44136667
99815,5245034.2261
99816,4802854.6879
99817,3342197.22916667
99818,4056925.7379
99819,3393683.8819381
99820,4464401.3936
99821,4666375.24646667
99822,2988709.86662063
99823,4409966.48316667
99824,4589951.57063334
99825,5449399.50566667
99826,3858945.05066667
99827,4619701.87069048
99828,4192960.9449
99829,4492036.0051
99830,4537702.53223333
99831,4197401.16063333
99832,4406060.66976667
99833,4803584.81033333
99834,4024727.56843333
99835,3548321.5315
99836,3607235.37814762
99837,3342062.30778571
99838,3785106.47934286
99839,4966603.27423333
99840,4271647.49353333
99841,4488159.08423333
99842,5006714.26236666
99843,5046679.02506667
99844,4613840.2883
99845,2465013.88592381
99846,5198342.16443333
99847,3742989.93673333
99848,4178410.26807778
99849,3492500.11622064
99850,4346990.07451587
99851,4229871.1703
99852,4193957.12386191
99853,5327534.35136667
99854,4973937.29723333
99855,3849369.94051587
99856,4740070.42826667
99857,4002128.5322
99858,4427841.58673333
99859,4402097.94706666
99860,3535482.336
99861,3983853.86663333
99862,5377874.2693
99863,4088708.59366667
99864,3812082.14426667
99865,4956089.07916666
99866,4686461.11846667
99867,4764547.83784445
99868,3918675.4643
99869,3064949.16244286
99870,4034488.49293333
99871,4611021.75983333
99872,3983279.11733333
99873,4081360.99269048
99874,4334206.6201619
99875,4962857.6985
99876,3531262.27919048
99877,4485967.37566667
99878,3527255.93449524
99879,4257414.01428095
99880,4957790.67226667
99881,4550026.03906667
99882,4556229.443
99883,4104578.06593333
99884,3856279.92393333
99885,3780432.18033333
99886,4985018.02363333
99887,4191162.29446667
99888,5004029.20783333
99889,4324812.5862
99890,4449126.3693
99891,4361701.5398
99892,4344857.7195
99893,4263193.2753
99894,4499935.31943333
99895,4147076.2342
99896,4382539.49353333
99897,4454440.71247778
99898,2942298.33142064
99899,4469474.77992857
99900,4465112.48803333
99901,3719650.72939524
99902,4986386.9968
99903,4677048.81769524
99904,3685045.8801
99905,2442191.69947143
99906,4973025.712
99907,4136571.23806666
99908,4267944.406
99909,3152728.10726667
99910,4448285.9265
99911,3678191.1201
99912,4474428.5586
99913,4754275.5445
99914,4494780.22796667
99915,4049845.5411
99916,5241794.9644
99917,4519741.11993334
99918,3915609.43977778
99919,4792675.7416
99920,4366422.2149
99921,4995688.7444
99922,4547102.47867778
99923,4719496.42711111
99924,4900519.40326667
99925,4084379.55021111
99926,3726151.73858095
99927,5109368.39229524
99928,4088934.35986667
99929,5173363.58636667
99930,4160721.19653333
99931,4778888.25346667
99932,3563170.0668
99933,3742023.62963333
99934,3839640.62236191
99935,5388273.94123333
99936,3481152.65966667
99937,4106513.90502381
99938,3886669.37022857
99939,3041177.0086
99940,4151368.75433016
99941,4517788.33203333
99942,4650205.17703333
99943,3955631.04958571
99944,4487708.63163333
99945,4712866.24633333
99946,4441632.56236667
99947,4266932.06366667
99948,4006009.06293333
99949,3904905.57839524
99950,3898779.64243333
99951,5344453.22578571
99952,4381683.01346667
99953,4127223.73296667
99954,4051889.47021905
99955,3934496.22756667
99956,4955665.22136667
99957,4084541.27557778
99958,4802952.95733333
99959,4724115.37976667
99960,4052584.41911111
99961,4356686.15513333
99962,4197154.05376667
99963,3942345.54881111
99964,4209770.43495714
99965,4894013.89246667
99966,4378077.00726349
99967,4005378.34793333
99968,4063635.02249524
99969,5123163.6892
99970,3971548.45836667
99971,4530177.25336666
99972,4311030.70188571
99973,4858573.83056667
99974,4838870.94486667
99975,5040191.92456666
99976,5145172.62981905
99977,4972636.85023334
99978,3995323.0015
99979,4483928.68843333
99980,3814493.07406667
99981,5010324.8062
99982,3340983.6968
99983,4290282.87693333
99984,4787770.81003333
99985,4351741.39217778
99986,4236192.3428
99987,4558920.20206667
99988,3917732.55176667
99989,2866992.38596349
99990,4910911.13313333
99991,3999547.9743
99992,3127636.06956667
99993,4140620.68280952
99994,4402359.93243333
99995,4750674.4205
99996,3032549.84220952
99997,4519134.97206667
99998,4252469.6226
99999,5020039.188
